	mass A		
t	x	y	
4.304	-3.329E-2	-0.148
4.337	-3.326E-2	-0.148
4.370	-3.300E-2	-0.148
4.404	-3.177E-2	-0.148
4.437	-2.868E-2	-0.149
4.471	-2.402E-2	-0.150
4.504	-1.837E-2	-0.152
4.537	-9.994E-3	-0.153
4.571	-1.635E-3	-0.153
4.604	5.345E-3	-0.153
4.637	1.254E-2	-0.153
4.671	2.093E-2	-0.152
4.704	2.626E-2	-0.151
4.737	3.003E-2	-0.149
4.771	3.166E-2	-0.149
4.804	3.159E-2	-0.149
4.838	2.937E-2	-0.150
4.871	2.493E-2	-0.150
4.904	1.892E-2	-0.152
4.938	1.292E-2	-0.153
4.971	5.122E-3	-0.153
5.004	-1.999E-3	-0.153
5.038	-1.071E-2	-0.152
5.071	-1.947E-2	-0.152
5.104	-2.500E-2	-0.151
5.138	-2.965E-2	-0.150
5.171	-3.185E-2	-0.150
5.205	-3.190E-2	-0.149
5.238	-3.008E-2	-0.150
5.271	-2.584E-2	-0.151
5.305	-2.167E-2	-0.152
5.338	-1.421E-2	-0.153
5.371	-5.638E-3	-0.154
5.405	4.692E-3	-0.154
5.438	1.001E-2	-0.153
5.471	1.716E-2	-0.152
5.505	2.384E-2	-0.150
5.538	2.857E-2	-0.150
5.572	3.140E-2	-0.150
5.605	3.330E-2	-0.151
5.638	3.175E-2	-0.151
5.672	2.817E-2	-0.152
5.705	2.275E-2	-0.152
5.738	1.642E-2	-0.153
5.772	8.191E-3	-0.154
5.805	-5.431E-4	-0.154
5.838	-8.549E-3	-0.154
5.872	-1.602E-2	-0.153
5.905	-1.790E-2	-0.153
5.939	-2.718E-2	-0.151
5.972	-3.078E-2	-0.150
6.005	-3.184E-2	-0.151
6.039	-3.105E-2	-0.151
6.072	-2.796E-2	-0.152
6.105	-2.369E-2	-0.153
6.139	-1.694E-2	-0.154
6.172	-8.913E-3	-0.154
6.205	-1.172E-3	-0.154
6.239	5.699E-3	-0.154
6.272	1.401E-2	-0.153
6.306	2.062E-2	-0.152
6.339	2.784E-2	-0.151
6.372	3.148E-2	-0.150
6.406	3.316E-2	-0.150
6.439	3.266E-2	-0.150
6.472	3.027E-2	-0.151
6.506	2.529E-2	-0.152
6.539	1.944E-2	-0.153
6.572	1.169E-2	-0.154
6.606	3.460E-3	-0.154
6.639	-4.910E-3	-0.153
6.672	-1.264E-2	-0.153
6.706	-1.950E-2	-0.152
6.739	-2.492E-2	-0.152
6.773	-2.906E-2	-0.151
6.806	-3.151E-2	-0.150
6.839	-3.166E-2	-0.150
6.873	-2.943E-2	-0.151
6.906	-2.549E-2	-0.152
6.939	-2.030E-2	-0.152
6.973	-1.328E-2	-0.153
7.006	-5.697E-3	-0.154
7.039	3.096E-3	-0.154
7.073	1.091E-2	-0.153
7.106	1.838E-2	-0.152
7.140	2.441E-2	-0.151
7.173	2.857E-2	-0.151
7.206	3.125E-2	-0.150
7.240	3.204E-2	-0.150
7.273	3.058E-2	-0.150
7.306	2.685E-2	-0.151
7.340	2.138E-2	-0.152
7.373	1.547E-2	-0.153
7.406	7.972E-3	-0.153
7.440	-3.009E-4	-0.153
7.473	-8.549E-3	-0.153
7.507	-1.525E-2	-0.152
7.540	-1.775E-2	-0.152
7.573	-2.158E-2	-0.152
7.607	-2.571E-2	-0.151
7.640	-2.683E-2	-0.150
7.673	-2.555E-2	-0.151
7.707	-2.346E-2	-0.151
7.740	-1.857E-2	-0.152
7.773	-1.194E-2	-0.153
7.807	-4.505E-3	-0.153
7.840	-1.635E-3	-0.153
7.874	6.403E-3	-0.153
7.907	1.429E-2	-0.153
7.940	1.870E-2	-0.152
7.974	2.387E-2	-0.151
8.007	2.857E-2	-0.150
8.040	3.027E-2	-0.149
8.074	2.970E-2	-0.149
8.107	2.721E-2	-0.150
8.140	2.311E-2	-0.151
8.174	1.715E-2	-0.152
8.207	9.805E-3	-0.153
8.241	3.460E-3	-0.154
8.274	-4.346E-3	-0.154
8.307	-1.146E-2	-0.154
8.341	-1.835E-2	-0.153
8.374	-2.456E-2	-0.152
8.407	-2.828E-2	-0.151
8.441	-3.034E-2	-0.151
8.474	-3.033E-2	-0.151
8.507	-2.792E-2	-0.151
8.541	-2.393E-2	-0.152
8.574	-1.901E-2	-0.153
8.608	-1.302E-2	-0.154
8.641	-6.306E-3	-0.154
8.674	2.732E-3	-0.154
8.708	1.019E-2	-0.153
8.741	1.470E-2	-0.153
8.774	2.065E-2	-0.152
8.808	2.545E-2	-0.151
8.841	2.796E-2	-0.151
8.874	3.039E-2	-0.150
8.908	2.888E-2	-0.150
8.941	2.538E-2	-0.151
8.975	2.129E-2	-0.152
9.008	1.520E-2	-0.153
9.041	7.827E-3	-0.154
9.075	-3.405E-5	-0.154
9.108	-7.689E-3	-0.154
9.141	-1.619E-2	-0.153
9.175	-2.138E-2	-0.152
9.208	-2.674E-2	-0.151
9.241	-2.921E-2	-0.150
9.275	-3.032E-2	-0.150
9.308	-2.930E-2	-0.150
9.341	-2.680E-2	-0.151
9.375	-2.269E-2	-0.152
9.408	-1.608E-2	-0.153
9.442	-1.039E-2	-0.154
9.475	-5.431E-4	-0.153
9.508	8.762E-3	-0.153
9.542	1.496E-2	-0.153
9.575	2.238E-2	-0.153
9.608	2.806E-2	-0.152
9.642	2.577E-2	-0.152
9.675	2.731E-2	-0.151
9.708	2.743E-2	-0.152
9.742	2.477E-2	-0.152
9.775	2.012E-2	-0.153
9.809	1.951E-2	-0.153
9.842	1.195E-2	-0.154
9.875	2.732E-3	-0.153
9.909	-5.613E-3	-0.152
9.942	-1.300E-2	-0.152
9.975	-1.933E-2	-0.151
10.009	-2.383E-2	-0.150
10.042	-2.769E-2	-0.150
10.075	-2.923E-2	-0.149
10.109	-2.933E-2	-0.149
10.142	-2.713E-2	-0.150
10.176	-2.320E-2	-0.151
10.209	-1.809E-2	-0.152
10.242	-1.085E-2	-0.152
10.276	-5.274E-3	-0.153
10.309	2.689E-3	-0.153
10.342	9.863E-3	-0.153
10.376	1.692E-2	-0.151
10.409	2.276E-2	-0.150
10.442	2.450E-2	
10.476	3.039E-2	-0.149
10.509	3.079E-2	-0.149
10.543	2.925E-2	-0.150
10.576	2.529E-2	-0.152
10.609	1.996E-2	-0.152
10.643	1.336E-2	-0.153
10.676	6.007E-3	-0.153
10.709	-1.772E-3	-0.153
10.743	-8.965E-3	-0.152
10.776	-1.516E-2	-0.152
10.809	-2.129E-2	-0.151
10.843	-2.575E-2	-0.150
10.876	-2.833E-2	-0.149
10.910	-2.940E-2	-0.149
10.943	-2.819E-2	-0.149
10.976	-2.541E-2	-0.150
11.010	-2.093E-2	-0.151
11.043	-1.504E-2	-0.152
11.076	-7.457E-3	-0.152
11.110	-1.076E-4	-0.152
11.143	7.378E-3	-0.152
11.176	1.474E-2	-0.152
11.210	2.115E-2	-0.151
11.243	2.233E-2	-0.151
11.277	2.539E-2	-0.151
11.310	2.679E-2	-0.150
11.343	2.637E-2	-0.150
11.377	2.351E-2	-0.151
11.410	1.953E-2	-0.151
11.443	1.300E-2	-0.152
11.477	1.078E-2	-0.153
11.510	1.640E-3	-0.152
11.543	-5.555E-3	-0.152
11.577	-1.267E-2	-0.152
11.610	-1.900E-2	-0.151
11.644	-2.382E-2	-0.150
11.677	-2.747E-2	-0.150
11.710	-2.882E-2	-0.150
11.744	-2.871E-2	-0.150
11.777	-2.692E-2	-0.150
11.810	-2.290E-2	-0.151
11.844	-1.769E-2	-0.152
11.877	-1.000E-2	-0.153
11.910	-3.454E-3	-0.154
11.944	4.509E-3	-0.154
11.977	1.118E-2	-0.153
12.010	1.911E-2	-0.153
12.044	2.452E-2	-0.152
12.077	2.320E-2	-0.152
12.111	2.608E-2	-0.151
12.144	2.597E-2	-0.151
12.177	2.441E-2	-0.152
12.211	2.124E-2	-0.152
12.244	2.061E-2	-0.152
12.277	1.413E-2	-0.153
12.311	6.627E-3	-0.154
12.344	-1.271E-3	-0.154
12.377	-8.519E-3	-0.153
12.411	-1.471E-2	-0.153
12.444	-2.092E-2	-0.152
12.478	-2.529E-2	-0.151
12.511	-2.780E-2	-0.150
12.544	-2.877E-2	-0.150
12.578	-2.754E-2	-0.150
12.611	-2.394E-2	-0.151
12.644	-1.917E-2	-0.152
12.678	-1.284E-2	-0.153
12.711	-5.274E-3	-0.153
12.744	2.362E-3	-0.153
12.778	1.037E-2	-0.153
12.811	1.858E-2	-0.152
12.845	2.529E-2	-0.151
12.878	3.082E-2	-0.150
12.911	3.313E-2	-0.149
12.945	3.426E-2	-0.149
12.978	3.314E-2	-0.149
13.011	3.091E-2	-0.150
13.045	2.706E-2	-0.151
13.078	2.096E-2	-0.152
13.111	1.482E-2	-0.153
13.145	7.757E-3	-0.153
13.178	-4.182E-3	-0.154
13.212	-1.218E-2	-0.154
13.245	-1.719E-2	-0.153
13.278	-2.220E-2	-0.152
13.312	-2.638E-2	-0.152
13.345	-2.780E-2	-0.151
13.378	-2.772E-2	-0.151
13.412	-2.527E-2	-0.152
13.445	-2.084E-2	-0.153
13.478	-1.513E-2	-0.154
13.512	-9.223E-3	-0.154
13.545	-6.965E-3	-0.154
13.579	9.282E-4	-0.154
13.612	7.987E-3	-0.154
13.645	1.765E-2	-0.153
13.679	2.319E-2	-0.152
13.712	2.748E-2	-0.151
13.745	2.945E-2	-0.150
13.779	2.955E-2	-0.150
13.812	2.774E-2	-0.151
13.845	2.420E-2	-0.152
13.879	1.888E-2	-0.152
13.912	1.401E-2	-0.154
13.946	6.534E-3	-0.155
13.979	5.146E-3	-0.155
14.012	-8.549E-3	-0.152
14.046	-1.490E-2	-0.152
14.079	-1.727E-2	-0.151
14.112	-2.097E-2	-0.151
14.146	-2.390E-2	-0.150
14.179	-2.408E-2	-0.150
14.212	-2.265E-2	-0.151
14.246	-1.942E-2	-0.151
14.279	-1.529E-2	-0.152
14.313	-1.194E-2	-0.152
14.346	-3.947E-3	-0.153
14.379	5.210E-3	-0.153
14.413	9.646E-3	-0.153
14.446	1.636E-2	-0.153
14.479	2.056E-2	-0.153
14.513	2.538E-2	-0.152
14.546	2.449E-2	-0.152
14.579	2.450E-2	-0.152
14.613	2.456E-2	-0.152
14.646	2.109E-2	-0.152
14.679	2.069E-2	-0.153
14.713	1.583E-2	-0.153
14.746	9.065E-3	-0.154
14.780	1.647E-3	-0.154
14.813	-6.730E-3	-0.153
14.846	-1.363E-2	-0.152
14.880	-1.970E-2	-0.152
14.913	-2.450E-2	-0.151
14.946	-2.711E-2	-0.151
14.980	-2.838E-2	-0.150
15.013	-2.818E-2	-0.151
15.046	-2.569E-2	-0.151
15.080	-2.242E-2	-0.152
15.113	-1.728E-2	-0.152
15.147	-9.277E-3	-0.153
15.180	-9.070E-4	-0.153
15.213	6.103E-3	-0.153
15.247	1.366E-2	-0.153
15.280	1.487E-2	-0.153
15.313	1.938E-2	-0.152
15.347	2.436E-2	-0.151
15.380	2.604E-2	-0.151
15.413	2.600E-2	-0.151
15.447	2.425E-2	-0.151
15.480	2.063E-2	-0.152
15.514	1.473E-2	-0.152
15.547	8.524E-3	-0.153
15.580	4.834E-3	-0.153
15.614	-1.683E-3	-0.153
15.647	-8.547E-3	-0.153
15.680	-1.583E-2	-0.152
15.714	-2.124E-2	-0.151
15.747	-2.528E-2	-0.150
15.780	-2.747E-2	-0.149
15.814	-2.778E-2	-0.149
15.847	-2.638E-2	-0.149
15.881	-2.331E-2	-0.150
15.914	-1.801E-2	-0.152
15.947	-1.163E-2	-0.152
15.981	-6.002E-3	-0.153
16.014	1.230E-3	-0.153
16.047	8.236E-3	-0.153
16.081	1.480E-2	-0.152
16.114	2.093E-2	-0.151
16.147	2.566E-2	-0.151
16.181	2.825E-2	-0.150
16.214	2.930E-2	-0.150
16.248	2.827E-2	-0.151
16.281	2.535E-2	-0.151
16.314	2.056E-2	-0.152
16.348	1.452E-2	-0.153
16.381	8.191E-3	-0.153
16.414	1.143E-3	-0.154
16.448	-6.229E-3	-0.153
16.481	-1.255E-2	-0.153
16.514	-1.899E-2	-0.152
16.548	-2.248E-2	-0.152
16.581	-2.533E-2	-0.151
16.615	-2.655E-2	-0.151
16.648	-2.627E-2	-0.151
16.681	-2.379E-2	-0.151
16.715	-1.896E-2	-0.152
16.748	-1.475E-2	-0.153
16.781	-8.769E-3	-0.153
16.815	-1.635E-3	-0.154
16.848	5.115E-3	-0.154
16.881	1.365E-2	-0.153
16.915	2.008E-2	-0.152
16.948	2.275E-2	-0.150
16.982	2.610E-2	-0.150
17.015	2.857E-2	-0.150
17.048	2.834E-2	-0.150
17.082	2.641E-2	-0.151
17.115	2.238E-2	-0.152
17.148	1.692E-2	-0.153
17.182	1.057E-2	-0.154
17.215	4.188E-3	-0.153
17.248	-3.018E-3	-0.153
17.282	-9.641E-3	-0.153
17.315	-1.549E-2	-0.152
17.348	-2.099E-2	-0.152
17.382	-2.413E-2	-0.151
17.415	-2.411E-2	-0.151
17.449	-2.416E-2	-0.151
17.482	-2.262E-2	-0.151
17.515	-1.934E-2	-0.152
17.549	-1.354E-2	-0.153
17.582	-1.018E-2	-0.153
17.615	-8.808E-3	-0.153
17.649	-1.569E-3	-0.153
17.682	9.646E-3	-0.152
17.715	1.600E-2	-0.151
17.749	2.103E-2	-0.150
17.782	2.493E-2	-0.150
17.816	2.723E-2	-0.150
17.849	2.783E-2	-0.149
17.882	2.662E-2	-0.150
17.916	2.364E-2	-0.150
17.949	1.947E-2	-0.152
17.982	1.390E-2	-0.153
18.016	6.956E-3	-0.153
18.049	-5.431E-4	-0.152
18.082	-7.543E-3	-0.152
18.116	-1.388E-2	-0.151
18.149	-1.971E-2	-0.151
18.183	-2.311E-2	-0.151
18.216	-2.583E-2	-0.151
18.249	-2.689E-2	-0.150
18.283	-2.583E-2	-0.151
18.316	-2.312E-2	-0.151
18.349	-1.948E-2	-0.152
18.383	-1.377E-2	-0.153
18.416	-7.703E-3	-0.153
18.449	-5.431E-4	-0.154
18.483	5.899E-3	-0.154
18.516	1.303E-2	-0.153
18.550	1.911E-2	-0.152
18.583	2.412E-2	-0.151
18.616	2.711E-2	-0.150
18.650	2.847E-2	-0.149
18.683	2.800E-2	-0.149
18.716	2.589E-2	-0.150
18.750	2.129E-2	-0.153
18.783	1.559E-2	-0.153
18.816	9.646E-3	-0.153
18.850	2.637E-3	-0.154
18.883	-4.125E-3	-0.154
18.917	-1.146E-2	-0.153
18.950	-1.673E-2	-0.152
18.983	-2.186E-2	-0.151
19.017	-2.483E-2	-0.151
19.050	-2.351E-2	-0.151
19.083	-2.341E-2	-0.151
19.117	-2.175E-2	-0.151
19.150	-1.832E-2	-0.152
19.183	-1.635E-2	-0.152
19.217	-1.092E-2	-0.153
19.250	-4.546E-3	-0.153
19.284	3.824E-3	-0.153
19.317	1.044E-2	-0.153
19.350	1.641E-2	-0.152
19.384	2.202E-2	-0.151
19.417	2.563E-2	-0.150
19.450	2.784E-2	-0.150
19.484	2.822E-2	-0.150
19.517	2.683E-2	-0.150
19.550	2.384E-2	-0.151
19.584	1.936E-2	-0.152
19.617	1.292E-2	-0.153
19.650	6.230E-3	-0.153
19.684	-8.224E-4	-0.154
19.717	-7.821E-3	-0.153
19.751	-1.407E-2	-0.152
19.784	-1.968E-2	-0.151
19.817	-2.314E-2	-0.151
19.851	-2.199E-2	-0.151
19.884	-2.322E-2	-0.151
19.917	-2.184E-2	-0.151
19.951	-1.873E-2	-0.151
19.984	-1.450E-2	-0.152
20.017	-8.915E-3	-0.153
20.051	-2.352E-3	-0.153
20.084	4.287E-3	-0.153
20.118	8.555E-3	-0.154
20.151	1.532E-2	-0.153
20.184	2.159E-2	-0.152
20.218	2.065E-2	-0.152
20.251	2.406E-2	-0.152
20.284	2.370E-2	-0.152
20.318	2.396E-2	-0.152
20.351	2.035E-2	-0.152
20.384	1.629E-2	-0.153
20.418	1.085E-2	-0.153
20.451	8.855E-3	-0.154
20.485	9.346E-3	-0.154
20.518	2.552E-3	-0.154
20.551	-3.919E-3	-0.153
20.585	-9.975E-3	-0.152
20.618	-1.469E-2	-0.151
20.651	-1.768E-2	-0.151
20.685	-1.908E-2	-0.151
20.718	-1.890E-2	-0.151
20.751	-1.732E-2	-0.151
20.785	-1.316E-2	-0.152
20.818	-9.206E-3	-0.152
20.852	-1.037E-2	-0.153
20.885	-2.727E-3	-0.153
20.918	4.187E-3	-0.153
20.952	1.037E-2	-0.153
20.985	1.641E-2	-0.153
21.018	1.719E-2	-0.153
21.052	2.130E-2	-0.152
21.085	2.286E-2	-0.152
21.118	2.286E-2	-0.152
21.152	2.118E-2	-0.152
21.185	1.747E-2	-0.152
21.219	1.620E-2	-0.152
21.252	1.028E-2	-0.153
21.285	5.156E-3	-0.153
21.319	-3.146E-3	-0.153
21.352	-9.641E-3	-0.153
21.385	-1.556E-2	-0.153
21.419	-2.094E-2	-0.152
21.452	-2.425E-2	-0.151
21.485	-2.287E-2	-0.152
21.519	-2.299E-2	-0.152
21.552	-2.257E-2	-0.152
21.586	-1.924E-2	-0.152
21.619	-1.893E-2	-0.152
21.652	-1.445E-2	-0.153
21.686	-8.497E-3	-0.153
21.719	-5.431E-4	-0.152
21.752	6.236E-3	-0.152
21.786	1.245E-2	-0.151
21.819	1.790E-2	-0.151
21.852	2.034E-2	
21.886	2.566E-2	-0.150
21.919	2.655E-2	-0.150
21.953	2.586E-2	-0.150
21.986	2.338E-2	-0.151
22.019	1.947E-2	-0.152
22.053	1.426E-2	-0.153
22.086	7.826E-3	-0.153
22.119	1.276E-3	-0.153
22.153	-4.910E-3	-0.153
22.186	-1.072E-2	-0.153
22.219	-1.727E-2	-0.152
22.253	-2.097E-2	-0.152
22.286	-2.456E-2	-0.151
22.319	-2.589E-2	-0.150
22.353	-2.565E-2	-0.151
22.386	-2.330E-2	-0.151
22.420	-1.983E-2	-0.152
22.453	-1.550E-2	-0.152
22.486	-9.866E-3	-0.153
22.520	-2.363E-3	-0.154
22.553	4.540E-3	-0.154
22.586	1.100E-2	-0.153
22.620	1.729E-2	-0.153
22.653	2.161E-2	-0.152
22.686	2.529E-2	-0.152
22.720	2.701E-2	-0.151
22.753	2.700E-2	-0.151
22.787	2.530E-2	-0.152
22.820	2.197E-2	-0.152
22.853	1.692E-2	-0.152
22.887	1.110E-2	-0.153
22.920	4.915E-3	-0.154
22.953	-2.009E-3	-0.154
22.987	-8.534E-3	-0.154
23.020	-1.437E-2	-0.154
23.053	-1.851E-2	-0.153
23.087	-2.206E-2	-0.153
23.120	-2.481E-2	-0.152
23.154	-2.492E-2	-0.152
23.187	-2.354E-2	-0.152
23.220	-2.041E-2	-0.153
23.254	-1.621E-2	-0.153
23.287	-1.129E-2	-0.154
23.320	-9.883E-3	-0.154
23.354	1.640E-3	-0.154
23.387	8.630E-3	-0.153
23.420	1.531E-2	-0.153
23.454	1.911E-2	-0.152
23.487	2.308E-2	-0.151
23.521	2.566E-2	-0.152
23.554	2.646E-2	-0.152
23.587	2.545E-2	-0.152
23.621	2.272E-2	-0.152
23.654	1.855E-2	-0.153
23.687	1.256E-2	-0.152
23.721	6.480E-3	-0.153
23.754	-1.346E-4	-0.153
23.787	-6.636E-3	-0.153
23.821	-1.292E-2	-0.152
23.854	-1.801E-2	-0.152
23.888	-2.170E-2	-0.152
23.921	-2.461E-2	-0.151
23.954	-2.577E-2	-0.151
23.988	-2.486E-2	-0.151
24.021	-2.309E-2	-0.151
24.054	-1.959E-2	-0.152
24.088	-1.417E-2	-0.153
24.121	-8.549E-3	-0.154
24.154	-2.019E-3	-0.154
24.188	4.531E-3	-0.154
24.221	7.127E-3	-0.154
24.255	1.547E-2	-0.153
24.288	1.995E-2	-0.152
24.321	2.314E-2	-0.152
24.355	2.464E-2	-0.152
24.388	2.456E-2	-0.152
24.421	2.280E-2	-0.152
24.455	1.913E-2	-0.152
24.488	1.431E-2	-0.153
24.521	8.236E-3	-0.154
24.555	1.794E-3	-0.154
24.588	-3.454E-3	-0.153
24.622	-9.538E-3	-0.153
24.655	-1.495E-2	-0.153
24.688	-1.906E-2	-0.152
24.722	-2.228E-2	-0.151
24.755	-2.109E-2	-0.152
24.788	-2.116E-2	-0.152
24.822	-1.960E-2	-0.152
24.855	-1.708E-2	-0.152
24.888	-1.231E-2	-0.153
24.922	-6.126E-3	-0.153
24.955	-4.734E-3	-0.153
24.988	2.732E-3	-0.153
25.022	9.015E-3	-0.152
25.055	1.521E-2	-0.152
25.089	1.977E-2	-0.151
25.122	2.202E-2	-0.151
25.155	2.418E-2	-0.150
25.189	2.471E-2	-0.150
25.222	2.341E-2	-0.151
25.255	2.068E-2	-0.151
25.289	1.635E-2	-0.152
25.322	1.074E-2	-0.153
25.355	4.562E-3	-0.153
25.389	-2.012E-3	-0.153
25.422	-8.484E-3	-0.153
25.456	-1.430E-2	-0.152
25.489	-1.910E-2	-0.152
25.522	-2.268E-2	-0.151
25.556	-2.534E-2	-0.150
25.589	-2.584E-2	-0.150
25.622	-2.527E-2	-0.150
25.656	-2.265E-2	-0.151
25.689	-1.908E-2	-0.152
25.722	-1.447E-2	-0.152
25.756	-8.501E-3	-0.153
25.789	-2.105E-3	-0.153
25.823	4.188E-3	-0.152
25.856	1.031E-2	-0.152
25.889	1.571E-2	-0.151
25.923	2.056E-2	-0.151
25.956	2.329E-2	-0.151
25.989	2.529E-2	-0.152
26.023	2.477E-2	-0.152
26.056	2.262E-2	-0.152
26.089	1.889E-2	-0.153
26.123	1.365E-2	-0.153
26.156	7.667E-3	-0.154
26.190	2.368E-3	-0.154
26.223	-3.905E-3	-0.154
26.256	-1.037E-2	-0.153
26.290	-1.572E-2	-0.152
26.323	-1.966E-2	-0.152
26.356	-2.287E-2	-0.151
26.390	-2.425E-2	-0.151
26.423	-2.424E-2	-0.151
26.456	-2.269E-2	-0.151
26.490	-1.946E-2	-0.152
26.523	-1.520E-2	-0.152
26.557	-9.787E-3	-0.153
26.590	-3.887E-3	-0.153
26.623	2.368E-3	-0.154
26.657	8.873E-3	-0.154
26.690	1.365E-2	-0.153
26.723	1.831E-2	-0.153
26.757	2.204E-2	-0.152
26.790	2.352E-2	-0.152
26.823	2.360E-2	-0.152
26.857	2.210E-2	-0.152
26.890	1.961E-2	-0.153
26.924	1.518E-2	-0.153
26.957	9.350E-3	-0.154
26.990	3.277E-3	-0.154
27.024	-1.999E-3	-0.153
27.057	-8.214E-3	-0.153
27.090	-1.410E-2	-0.153
27.124	-1.847E-2	-0.152
27.157	-2.187E-2	-0.151
27.190	-2.044E-2	-0.152
27.224	-2.072E-2	-0.152
27.257	-2.018E-2	-0.152
27.291	-1.694E-2	-0.152
27.324	-1.274E-2	-0.153
27.357	-8.158E-3	-0.153
27.391	-1.761E-3	-0.153
27.424	4.681E-3	-0.153
27.457	7.099E-3	-0.153
27.491	1.260E-2	-0.153
27.524	1.692E-2	-0.152
27.557	2.086E-2	-0.151
27.591	2.493E-2	-0.152
27.624	2.585E-2	-0.151
27.657	2.518E-2	-0.151
27.691	2.294E-2	-0.152
27.724	1.874E-2	-0.153
27.758	1.386E-2	-0.153
27.791	8.555E-3	-0.154
27.824	2.284E-3	-0.154
27.858	-3.985E-3	-0.154
27.891	-1.182E-2	-0.152
27.924	-1.681E-2	-0.152
27.958	-2.060E-2	-0.151
27.991	-2.361E-2	-0.151
28.024	-2.492E-2	-0.150
28.058	-2.467E-2	-0.150
28.091	-2.291E-2	-0.151
28.125	-1.970E-2	-0.151
28.158	-1.473E-2	-0.152
28.191	-9.830E-3	-0.152
28.225	-3.610E-3	-0.153
28.258	2.425E-3	-0.153
28.291	8.590E-3	-0.153
28.325	1.474E-2	-0.152
28.358	1.920E-2	-0.151
28.391	2.384E-2	-0.152
28.425	2.546E-2	-0.152
28.458	2.552E-2	-0.152
28.492	2.394E-2	-0.152
28.525	2.074E-2	-0.152
28.558	1.622E-2	-0.153
28.592	1.001E-2	-0.154
28.625	3.895E-3	-0.154
28.658	-2.293E-3	-0.154
28.692	-9.277E-3	-0.152
28.725	-1.469E-2	-0.151
28.758	-1.906E-2	-0.151
28.792	-2.238E-2	-0.150
28.825	-2.311E-2	-0.149
28.859	-2.343E-2	-0.149
28.892	-2.219E-2	-0.149
28.925	-1.967E-2	-0.150
28.959	-1.619E-2	-0.152
28.992	-1.122E-2	-0.152
29.025	-5.859E-3	-0.153
29.059	5.392E-4	-0.153
29.092	6.371E-3	-0.153
29.125	1.185E-2	-0.153
29.159	1.679E-2	-0.152
29.192	2.061E-2	-0.152
29.226	2.279E-2	-0.151
29.259	2.420E-2	-0.150
29.292	2.327E-2	-0.151
29.326	2.097E-2	-0.151
29.359	1.692E-2	-0.152
29.392	1.185E-2	-0.152
29.426	6.069E-3	-0.153
29.459	-1.792E-4	-0.153
29.492	-6.506E-3	-0.153
29.526	-1.185E-2	-0.152
29.559	-1.663E-2	-0.152
29.593	-2.047E-2	-0.151
29.626	-2.327E-2	-0.151
29.659	-2.444E-2	-0.151
29.693	-2.363E-2	-0.151
29.726	-2.170E-2	-0.151
29.759	-1.827E-2	-0.152
29.793	-1.386E-2	-0.152
29.826	-8.325E-3	-0.153
29.859	-2.351E-3	-0.153
29.893	3.513E-3	-0.153
29.926	9.451E-3	-0.153
29.960	1.488E-2	-0.152
29.993	1.947E-2	-0.152
30.026	2.239E-2	-0.151
30.060	2.384E-2	-0.151
30.093	2.364E-2	-0.151
30.126	2.188E-2	-0.151
30.160	1.865E-2	-0.152
30.193	1.401E-2	-0.153
30.226	8.472E-3	-0.153
30.260	3.460E-3	-0.154
30.293	-2.682E-3	-0.154
30.326	-8.561E-3	-0.153
30.360	-1.583E-2	-0.153
30.393	-2.003E-2	-0.153
30.427	-2.333E-2	-0.152
30.460	-2.471E-2	-0.152
30.493	-2.489E-2	-0.152
30.527	-2.356E-2	-0.152
30.560	-2.050E-2	-0.153
30.593	-1.652E-2	-0.153
30.627	-1.136E-2	-0.154
30.660	-4.910E-3	-0.153
30.693	1.186E-3	-0.153
30.727	6.966E-3	-0.153
30.760	1.219E-2	-0.152
30.794	1.682E-2	-0.151
30.827	2.056E-2	-0.152
30.860	2.261E-2	-0.152
30.894	2.303E-2	-0.151
30.927	2.195E-2	-0.152
30.960	1.926E-2	-0.152
30.994	1.529E-2	-0.153
31.027	1.010E-2	-0.153
31.060	4.209E-3	-0.153
31.094	-1.844E-3	-0.153
31.127	-8.185E-3	-0.153
31.161	-1.400E-2	-0.153
31.194	-1.845E-2	-0.152
31.227	-2.206E-2	-0.152
31.261	-2.483E-2	-0.151
31.294	-2.509E-2	-0.151
31.327	-2.484E-2	-0.151
31.361	-2.215E-2	-0.152
31.394	-1.862E-2	-0.152
31.427	-1.420E-2	-0.153
31.461	-8.557E-3	-0.153
31.494	-2.699E-3	-0.154
31.528	5.279E-3	-0.154
31.561	1.086E-2	-0.154
31.594	1.625E-2	-0.153
31.628	1.947E-2	-0.152
31.661	2.205E-2	-0.152
31.694	2.318E-2	-0.152
31.728	2.268E-2	-0.152
31.761	2.070E-2	-0.152
31.794	1.719E-2	-0.152
31.828	1.252E-2	-0.153
31.861	8.191E-3	-0.153
31.895	2.361E-3	-0.153
31.928	-3.827E-3	-0.153
31.961	-9.493E-3	-0.152
31.995	-1.364E-2	-0.153
32.028	-1.801E-2	-0.152
32.061	-2.125E-2	-0.152
32.095	-2.272E-2	-0.152
32.128	-2.264E-2	-0.152
32.161	-2.098E-2	-0.152
32.195	-1.773E-2	-0.152
32.228	-1.335E-2	-0.153
32.262	-7.611E-3	-0.153
32.295	-1.999E-3	-0.153
32.328	4.218E-3	-0.153
32.362	9.916E-3	-0.153
32.395	1.219E-2	-0.153
32.428	1.625E-2	-0.152
32.462	1.962E-2	-0.152
32.495	2.127E-2	-0.152
32.528	2.146E-2	-0.151
32.562	2.008E-2	-0.152
32.595	1.733E-2	-0.152
32.629	1.305E-2	-0.153
32.662	8.091E-3	-0.153
32.695	2.404E-3	-0.153
32.729	-1.999E-3	-0.153
32.762	-8.014E-3	-0.153
32.795	-1.234E-2	-0.153
32.829	-1.706E-2	-0.152
32.862	-2.043E-2	-0.152
32.895	-2.347E-2	-0.150
32.929	-2.390E-2	-0.150
32.962	-2.305E-2	-0.150
32.995	-2.055E-2	-0.151
33.029	-1.682E-2	-0.151
33.062	-1.212E-2	-0.152
33.096	-4.910E-3	-0.152
33.129	9.870E-4	-0.152
33.162	6.797E-3	-0.152
33.196	1.198E-2	-0.152
33.229	1.667E-2	-0.151
33.262	1.815E-2	
33.296	2.275E-2	-0.151
33.329	2.360E-2	-0.151
33.362	2.283E-2	-0.151
33.396	2.061E-2	-0.151
33.429	1.709E-2	-0.152
33.463	1.219E-2	-0.153
33.496	6.670E-3	-0.153
33.529	9.125E-4	-0.153
33.563	-4.750E-3	-0.153
33.596	-1.060E-2	-0.152
33.629	-1.546E-2	-0.152
33.663	-1.928E-2	-0.151
33.696	-2.152E-2	-0.151
33.729	-2.283E-2	-0.150
33.763	-2.243E-2	-0.150
33.796	-2.064E-2	-0.151
33.830	-1.748E-2	-0.151
33.863	-1.315E-2	-0.152
33.896	-7.882E-3	-0.152
33.930	-2.280E-3	-0.153
33.963	3.335E-3	-0.153
33.996	8.842E-3	-0.152
34.030	1.377E-2	-0.152
34.063	1.788E-2	-0.152
34.096	2.093E-2	-0.152
34.130	2.240E-2	-0.152
34.163	2.231E-2	-0.152
34.197	2.070E-2	-0.152
34.230	1.766E-2	-0.152
34.263	1.340E-2	-0.153
34.297	8.191E-3	-0.153
34.330	2.531E-3	-0.153
34.363	-3.183E-3	-0.153
34.397	-8.775E-3	-0.153
34.430	-1.328E-2	-0.153
34.463	-1.764E-2	-0.153
34.497	-2.099E-2	-0.152
34.530	-2.269E-2	-0.152
34.564	-2.288E-2	-0.152
34.597	-2.142E-2	-0.152
34.630	-1.924E-2	-0.153
34.664	-1.531E-2	-0.153
34.697	-1.015E-2	-0.154
34.730	-4.894E-3	-0.154
34.764	2.368E-3	-0.154
34.797	8.358E-3	-0.153
34.830	1.340E-2	-0.153
34.864	1.807E-2	-0.153
34.897	1.676E-2	-0.153
34.931	1.881E-2	-0.152
34.964	1.897E-2	-0.152
34.997	1.864E-2	-0.152
35.031	1.641E-2	-0.153
35.064	1.401E-2	-0.152
35.097	9.233E-3	-0.152
35.131	3.767E-3	-0.152
35.164	-1.953E-3	-0.152
35.197	-7.650E-3	-0.152
35.231	-1.253E-2	-0.152
35.264	-1.708E-2	-0.151
35.297	-2.063E-2	-0.151
35.331	-2.268E-2	-0.150
35.364	-2.372E-2	-0.150
35.398	-2.315E-2	-0.150
35.431	-2.092E-2	-0.151
35.464	-1.790E-2	-0.151
35.498	-1.364E-2	-0.152
35.531	-8.352E-3	-0.152
35.564	-2.710E-3	-0.152
35.598	2.846E-3	-0.152
35.631	8.264E-3	-0.152
35.664	1.318E-2	-0.152
35.698	1.911E-2	-0.151
35.731	2.167E-2	-0.151
35.765	2.276E-2	-0.151
35.798	2.247E-2	-0.151
35.831	2.075E-2	-0.151
35.865	1.771E-2	-0.151
35.898	1.292E-2	-0.153
35.931	7.734E-3	-0.153
35.965	2.105E-3	-0.153
35.998	-3.514E-3	-0.153
36.031	-9.277E-3	-0.153
36.065	-1.435E-2	-0.153
36.098	-1.858E-2	-0.152
36.132	-2.069E-2	-0.152
36.165	-2.218E-2	-0.152
36.198	-2.214E-2	-0.152
36.232	-2.065E-2	-0.152
36.265	-1.835E-2	-0.152
36.298	-1.430E-2	-0.153
36.332	-9.261E-3	-0.153
36.365	-3.915E-3	-0.154
36.398	3.096E-3	-0.153
36.432	8.841E-3	-0.153
36.465	1.370E-2	-0.152
36.499	1.803E-2	-0.152
36.532	1.947E-2	-0.152
36.565	2.125E-2	-0.151
36.599	2.158E-2	-0.151
36.632	2.047E-2	-0.151
36.665	1.796E-2	-0.152
36.699	1.417E-2	-0.152
36.732	9.349E-3	-0.153
36.765	4.188E-3	-0.153
36.799	-1.580E-3	-0.153
36.832	-7.281E-3	-0.153
36.866	-1.195E-2	-0.153
36.899	-1.639E-2	-0.152
36.932	-1.910E-2	-0.152
36.966	-2.106E-2	-0.151
36.999	-2.154E-2	-0.151
37.032	-2.088E-2	-0.151
37.066	-1.879E-2	-0.152
37.099	-1.529E-2	-0.152
37.132	-1.123E-2	-0.152
37.166	-5.747E-3	-0.153
37.199	-5.431E-4	-0.153
37.233	5.089E-3	-0.153
37.266	1.028E-2	-0.153
37.299	1.474E-2	-0.153
37.333	1.849E-2	-0.153
37.366	2.074E-2	-0.152
37.399	2.168E-2	-0.152
37.433	2.113E-2	-0.152
37.466	1.920E-2	-0.152
37.499	1.579E-2	-0.153
37.533	1.146E-2	-0.153
37.566	6.210E-3	-0.154
37.600	-1.792E-4	-0.154
37.633	-6.298E-3	-0.153
37.666	-1.118E-2	-0.153
37.700	-1.590E-2	-0.153
37.733	-1.987E-2	-0.152
37.766	-2.188E-2	-0.152
37.800	-2.325E-2	-0.151
37.833	-2.321E-2	-0.151
37.866	-2.174E-2	-0.152
37.900	-1.840E-2	-0.152
37.933	-1.430E-2	-0.153
37.966	-9.334E-3	-0.153
38.000	-4.073E-3	-0.154
38.033	1.241E-3	-0.154
38.067	8.555E-3	-0.153
38.100	1.323E-2	-0.153
38.133	1.747E-2	-0.152
38.167	2.020E-2	-0.151
38.200	2.164E-2	-0.151
38.233	2.169E-2	-0.151
38.267	2.036E-2	-0.151
38.300	1.766E-2	-0.151
38.333	1.438E-2	-0.152
38.367	9.692E-3	-0.152
38.400	4.374E-3	-0.152
38.434	-1.138E-3	-0.152
38.467	-6.615E-3	-0.152
38.500	-1.128E-2	-0.151
38.534	-1.510E-2	-0.152
38.567	-1.791E-2	-0.151
38.600	-1.952E-2	-0.151
38.634	-1.975E-2	-0.151
38.667	-1.899E-2	-0.151
38.700	-1.671E-2	-0.151
38.734	-1.300E-2	-0.152
38.767	-8.649E-3	-0.152
38.801	-3.411E-3	-0.152
38.834	1.640E-3	-0.153
38.867	7.221E-3	-0.152
38.901	1.225E-2	-0.152
38.934	1.583E-2	-0.152
38.967	1.913E-2	-0.152
39.001	2.129E-2	-0.150
39.034	2.195E-2	-0.150
39.067	2.110E-2	-0.150
39.101	1.894E-2	-0.151
39.134	1.438E-2	-0.150
39.168	9.833E-3	-0.151
39.201	4.769E-3	-0.151
39.234	-5.324E-4	-0.151
39.268	-6.002E-3	-0.152
39.301	-1.097E-2	-0.152
39.334	-1.537E-2	-0.151
39.368	-1.887E-2	-0.151
39.401	-1.983E-2	-0.151
39.434	-2.059E-2	-0.151
39.468	-2.017E-2	-0.151
39.501	-1.830E-2	-0.151
39.535	-1.509E-2	-0.152
39.568	-1.120E-2	-0.152
39.601	-5.638E-3	-0.152
39.635	-3.151E-4	-0.152
39.668	4.828E-3	-0.152
39.701	1.003E-2	-0.152
39.735	1.461E-2	-0.151
39.768	1.676E-2	
39.801	1.984E-2	-0.150
39.835	2.089E-2	-0.150
39.868	2.066E-2	-0.150
39.902	1.907E-2	-0.150
39.935	1.613E-2	-0.150
39.968	1.147E-2	-0.150
40.002	6.586E-3	-0.151
40.035	1.176E-3	-0.151
40.068	-3.892E-3	-0.151
40.102	-8.936E-3	-0.150
40.135	-1.369E-2	-0.150
40.168	-1.746E-2	-0.149
40.202	-1.983E-2	-0.151
40.235	-2.125E-2	-0.151
40.269	-2.128E-2	-0.151
40.302	-1.989E-2	-0.151
40.335	-1.742E-2	-0.151
40.369	-1.363E-2	-0.152
40.402	-9.210E-3	-0.152
40.435	-4.010E-3	-0.152
40.469	1.334E-3	-0.152
40.502	6.563E-3	-0.152
40.535	1.138E-2	-0.152
40.569	1.546E-2	-0.152
40.602	2.020E-2	-0.151
40.635	2.185E-2	-0.151
40.669	2.218E-2	-0.151
40.702	2.106E-2	-0.151
40.736	1.874E-2	-0.151
40.769	1.519E-2	-0.152
40.802	1.037E-2	-0.153
40.836	5.245E-3	-0.153
40.869	-2.122E-4	-0.153
40.902	-5.398E-3	-0.153
40.936	-1.110E-2	-0.152
40.969	-1.492E-2	-0.152
41.002	-1.837E-2	-0.151
41.036	-2.017E-2	-0.151
41.069	-2.066E-2	-0.151
41.103	-2.006E-2	-0.151
41.136	-1.802E-2	-0.151
41.169	-1.457E-2	-0.152
41.203	-1.059E-2	-0.152
41.236	-5.763E-3	-0.153
41.269	-3.743E-4	-0.153
41.303	4.769E-3	-0.153
41.336	9.689E-3	-0.153
41.369	1.438E-2	-0.153
41.403	1.775E-2	-0.152
41.436	2.056E-2	-0.151
41.470	2.148E-2	-0.151
41.503	2.090E-2	-0.151
41.536	1.906E-2	-0.151
41.570	1.596E-2	-0.152
41.603	1.037E-2	-0.153
41.636	5.394E-3	-0.153
41.670	3.110E-5	-0.153
41.703	-4.963E-3	-0.153
41.736	-9.880E-3	-0.153
41.770	-1.465E-2	-0.152
41.803	-1.765E-2	-0.152
41.837	-1.990E-2	-0.152
41.870	-2.111E-2	-0.151
41.903	-2.096E-2	-0.151
41.937	-1.935E-2	-0.152
41.970	-1.681E-2	-0.152
42.003	-1.286E-2	-0.152
42.037	-8.476E-3	-0.153
42.070	-3.263E-3	-0.153
42.103	3.096E-3	-0.153
42.137	8.139E-3	-0.152
42.170	1.286E-2	-0.152
42.204	1.620E-2	-0.152
42.237	1.886E-2	-0.152
42.270	2.030E-2	-0.151
42.304	2.036E-2	-0.151
42.337	1.910E-2	-0.152
42.370	1.645E-2	-0.152
42.404	1.271E-2	-0.152
42.437	8.087E-3	-0.153
42.470	3.460E-3	-0.153
42.504	-1.820E-3	-0.153
42.537	-7.166E-3	-0.153
42.571	-1.153E-2	-0.152
42.604	-1.512E-2	-0.152
42.637	-1.874E-2	-0.151
42.671	-2.040E-2	-0.151
42.704	-2.068E-2	-0.151
42.737	-1.984E-2	-0.151
42.771	-1.736E-2	-0.151
42.804	-1.418E-2	-0.152
42.837	-9.746E-3	-0.152
42.871	-4.973E-3	-0.152
42.904	1.214E-4	-0.153
42.938	5.245E-3	-0.153
42.971	1.009E-2	-0.152
43.004	1.419E-2	-0.152
43.038	1.729E-2	-0.152
43.071	1.920E-2	-0.152
43.104	1.983E-2	-0.152
43.138	1.905E-2	-0.152
43.171	1.697E-2	-0.152
43.204	1.369E-2	-0.153
43.238	9.457E-3	-0.153
43.271	4.508E-3	-0.153
43.304	-9.070E-4	-0.153
43.338	-6.358E-3	-0.153
43.371	-1.120E-2	-0.153
43.405	-1.480E-2	-0.152
43.438	-1.838E-2	-0.152
43.471	-2.039E-2	-0.152
43.505	-2.155E-2	-0.151
43.538	-2.069E-2	-0.152
43.571	-1.891E-2	-0.152
43.605	-1.630E-2	-0.152
43.638	-1.215E-2	-0.153
43.671	-7.776E-3	-0.153
43.705	-2.629E-3	-0.153
43.738	2.588E-3	-0.153
43.772	8.191E-3	-0.153
43.805	1.263E-2	-0.152
43.838	1.617E-2	-0.152
43.872	1.984E-2	-0.152
43.905	2.095E-2	-0.152
43.938	2.075E-2	-0.152
43.972	1.928E-2	-0.152
44.005	1.651E-2	-0.153
44.038	1.261E-2	-0.153
44.072	7.463E-3	-0.154
44.105	2.285E-3	-0.154
44.139	-3.013E-3	-0.154
44.172	-8.213E-3	-0.154
44.205	-1.231E-2	-0.153
44.239	-1.583E-2	-0.152
44.272	-1.825E-2	-0.152
44.305	-1.979E-2	-0.151
44.339	-1.982E-2	-0.151
44.372	-1.844E-2	-0.152
44.405	-1.607E-2	-0.152
44.439	-1.277E-2	-0.152
44.472	-8.206E-3	-0.153
44.506	-3.090E-3	-0.153
44.539	2.059E-3	-0.153
44.572	6.930E-3	-0.153
44.606	1.147E-2	-0.153
44.639	1.531E-2	-0.153
44.672	1.765E-2	-0.152
44.706	1.929E-2	-0.152
44.739	1.966E-2	-0.152
44.772	1.865E-2	-0.152
44.806	1.644E-2	-0.152
44.839	1.304E-2	-0.153
44.873	8.685E-3	-0.153
44.906	4.188E-3	-0.153
44.939	-1.037E-3	-0.153
44.973	-6.359E-3	-0.153
45.006	-1.097E-2	-0.153
45.039	-1.437E-2	-0.152
45.073	-1.728E-2	-0.152
45.106	-1.917E-2	-0.152
45.139	-1.964E-2	-0.152
45.173	-1.911E-2	-0.152
45.206	-1.717E-2	-0.152
45.240	-1.432E-2	-0.152
45.273	-1.008E-2	-0.153
45.306	-5.483E-3	-0.153
45.340	-5.679E-4	-0.153
45.373	4.598E-3	-0.153
45.406	9.646E-3	-0.153
45.440	1.380E-2	-0.153
45.473	1.692E-2	-0.152
45.506	1.905E-2	-0.151
45.540	1.997E-2	-0.151
45.573	1.953E-2	-0.151
45.607	1.777E-2	-0.151
45.640	1.486E-2	-0.152
45.673	1.097E-2	-0.152
45.707	6.331E-3	-0.152
45.740	1.276E-3	-0.152
45.773	-3.700E-3	-0.152
45.807	-8.536E-3	-0.152
45.840	-1.256E-2	-0.152
45.873	-1.612E-2	-0.151
45.907	-1.835E-2	-0.151
45.940	-1.947E-2	-0.151
45.973	-1.929E-2	-0.151
46.007	-1.774E-2	-0.151
46.040	-1.524E-2	-0.151
46.074	-1.149E-2	-0.152
46.107	-7.212E-3	-0.152
46.140	-2.363E-3	-0.151
46.174	2.488E-3	-0.151
46.207	7.358E-3	-0.151
46.240	1.178E-2	-0.151
46.274	1.547E-2	-0.151
46.307	1.729E-2	-0.150
46.340	1.879E-2	-0.150
46.374	1.879E-2	-0.150
46.407	1.742E-2	-0.150
46.441	1.502E-2	-0.151
46.474	1.148E-2	-0.151
46.507	7.104E-3	-0.151
46.541	2.201E-3	-0.151
46.574	-3.090E-3	-0.152
46.607	-7.941E-3	-0.152
46.641	-1.226E-2	-0.151
46.674	-1.602E-2	-0.151
46.707	-1.858E-2	-0.150
46.741	-2.019E-2	-0.150
46.774	-2.044E-2	-0.150
46.808	-1.959E-2	-0.150
46.841	-1.752E-2	-0.151
46.874	-1.423E-2	-0.151
46.908	-1.022E-2	-0.152
46.941	-5.588E-3	-0.152
46.974	-6.512E-4	-0.152
47.008	4.244E-3	-0.152
47.041	8.841E-3	-0.152
47.074	1.275E-2	-0.152
47.108	1.569E-2	-0.151
47.141	1.749E-2	-0.151
47.175	1.810E-2	-0.151
47.208	1.724E-2	-0.151
47.241	1.533E-2	-0.151
47.275	1.213E-2	-0.152
47.308	8.046E-3	-0.152
47.341	3.515E-3	-0.152
47.375	-1.303E-3	-0.152
47.408	-6.289E-3	-0.152
47.441	-1.075E-2	-0.152
47.475	-1.455E-2	-0.151
47.508	-1.773E-2	-0.151
47.542	-1.964E-2	-0.150
47.575	-2.039E-2	-0.150
47.608	-1.997E-2	-0.150
47.642	-1.824E-2	-0.151
47.675	-1.554E-2	-0.151
47.708	-1.169E-2	-0.152
47.742	-7.321E-3	-0.152
47.775	-2.416E-3	-0.152
47.808	2.382E-3	-0.152
47.842	7.143E-3	-0.152
47.875	1.132E-2	-0.152
47.909	1.464E-2	-0.151
47.942	1.687E-2	-0.151
47.975	1.874E-2	-0.151
48.009	1.846E-2	-0.151
48.042	1.709E-2	-0.151
48.075	1.440E-2	-0.151
48.109	1.147E-2	-0.152
48.142	7.041E-3	-0.152
48.175	2.166E-3	-0.153
48.209	-2.740E-3	-0.153
48.242	-7.530E-3	-0.152
48.276	-1.158E-2	-0.152
48.309	-1.492E-2	-0.152
48.342	-1.729E-2	-0.151
48.376	-1.859E-2	-0.151
48.409	-1.860E-2	-0.151
48.442	-1.732E-2	-0.151
48.476	-1.491E-2	-0.152
48.509	-1.170E-2	-0.152
48.542	-7.619E-3	-0.152
48.576	-2.846E-3	-0.153
48.609	2.035E-3	-0.153
48.642	6.769E-3	-0.152
48.676	1.113E-2	-0.152
48.709	1.478E-2	-0.152
48.743	1.692E-2	-0.152
48.776	1.841E-2	-0.152
48.809	1.863E-2	-0.152
48.843	1.772E-2	-0.152
48.876	1.552E-2	-0.152
48.909	1.222E-2	-0.152
48.943	8.136E-3	-0.153
48.976	3.460E-3	-0.153
49.009	-1.630E-3	-0.153
49.043	-6.588E-3	-0.153
49.076	-1.104E-2	-0.153
49.110	-1.429E-2	-0.152
49.143	-1.688E-2	-0.152
49.176	-1.865E-2	-0.152
49.210	-1.900E-2	-0.152
49.243	-1.849E-2	-0.152
49.276	-1.659E-2	-0.152
49.310	-1.373E-2	-0.153
49.343	-9.570E-3	-0.153
49.376	-5.217E-3	-0.153
49.410	-5.496E-4	-0.153
49.443	4.257E-3	-0.153
49.477	8.857E-3	-0.153
49.510	1.281E-2	-0.153
49.543	1.580E-2	-0.153
49.577	1.769E-2	-0.152
49.610	1.841E-2	-0.152
49.643	1.794E-2	-0.152
49.677	1.620E-2	-0.152
49.710	1.336E-2	-0.153
49.743	9.607E-3	-0.153
49.777	5.122E-3	-0.153
49.810	2.587E-4	-0.153
49.844	-4.365E-3	-0.153
49.877	-8.900E-3	-0.153
49.910	-1.267E-2	-0.153
49.944	-1.619E-2	-0.153
49.977	-1.828E-2	-0.152
50.010	-1.954E-2	-0.152
50.044	-1.889E-2	-0.152
50.077	-1.771E-2	-0.152
50.110	-1.525E-2	-0.153
50.144	-1.150E-2	-0.153
50.177	-7.350E-3	-0.153
50.211	-2.682E-3	-0.154
50.244	2.077E-3	-0.154
50.277	7.099E-3	-0.154
50.311	1.135E-2	-0.153
50.344	1.462E-2	-0.153
50.377	1.710E-2	-0.153
50.411	1.838E-2	-0.153
50.444	1.833E-2	-0.153
50.477	1.705E-2	-0.153
50.511	1.458E-2	-0.153
50.544	1.121E-2	-0.153
50.578	6.910E-3	-0.154
50.611	2.196E-3	-0.154
50.644	-2.662E-3	-0.154
50.678	-7.502E-3	-0.154
50.711	-1.159E-2	-0.153
50.744	-1.485E-2	-0.153
50.778	-1.724E-2	-0.153
50.811	-1.882E-2	-0.152
50.844	-1.892E-2	-0.152
50.878	-1.819E-2	-0.152
50.911	-1.619E-2	-0.153
50.945	-1.273E-2	-0.153
50.978	-8.934E-3	-0.153
51.011	-4.451E-3	-0.154
51.045	3.280E-4	-0.154
51.078	4.966E-3	-0.154
51.111	9.349E-3	-0.153
51.145	1.310E-2	-0.153
51.178	1.596E-2	-0.153
51.211	1.447E-2	-0.153
51.245	1.480E-2	-0.153
51.278	1.432E-2	-0.153
51.311	1.231E-2	-0.153
51.345	9.292E-3	-0.153
51.378	1.428E-2	-0.153
51.412	4.291E-3	-0.154
51.445	-5.694E-4	-0.154
51.478	-5.056E-3	-0.154
51.512	-9.523E-3	-0.153
51.545	-1.298E-2	-0.153
51.578	-1.566E-2	-0.153
51.612	-1.772E-2	-0.153
51.645	-1.511E-2	-0.153
51.678	-1.487E-2	-0.153
51.712	-1.289E-2	-0.153
51.745	-9.920E-3	-0.153
51.779	-6.137E-3	-0.154
51.812	-5.929E-3	-0.154
51.845	-1.667E-3	-0.154
51.879	3.188E-3	-0.154
51.912	7.579E-3	-0.154
51.945	1.155E-2	-0.153
51.979	1.473E-2	-0.153
52.012	1.367E-2	-0.153
52.045	1.501E-2	-0.153
52.079	1.474E-2	-0.153
52.112	1.309E-2	-0.153
52.146	1.039E-2	-0.153
52.179	7.171E-3	-0.154
52.212	2.691E-3	-0.154
52.246	-2.094E-3	-0.154
52.279	-3.656E-3	-0.154
52.312	-8.560E-3	-0.154
52.346	-1.073E-2	-0.152
52.379	-1.387E-2	-0.152
52.412	-1.618E-2	-0.151
52.446	-1.747E-2	-0.151
52.479	-1.745E-2	-0.151
52.513	-1.614E-2	-0.151
52.546	-1.379E-2	-0.152
52.579	-1.062E-2	-0.152
52.613	-6.713E-3	-0.152
52.646	-2.202E-3	-0.152
52.679	2.384E-3	-0.152
52.713	6.917E-3	-0.152
52.746	1.088E-2	-0.152
52.779	1.401E-2	-0.152
52.813	1.653E-2	-0.152
52.846	1.786E-2	-0.152
52.880	1.809E-2	-0.152
52.913	1.725E-2	-0.152
52.946	1.513E-2	-0.152
52.980	1.198E-2	-0.152
53.013	8.030E-3	-0.153
53.046	3.613E-3	-0.153
53.080	-9.070E-4	-0.153
53.113	-5.726E-3	-0.153
53.146	-1.001E-2	-0.153
53.180	-1.335E-2	-0.153
53.213	-1.594E-2	-0.152
53.247	-1.728E-2	-0.153
53.280	-1.765E-2	-0.153
53.313	-1.703E-2	-0.153
53.347	-1.504E-2	-0.153
53.380	-1.229E-2	-0.153
53.413	-8.659E-3	-0.153
53.447	-4.275E-3	-0.154
53.480	2.717E-4	-0.154
53.513	4.952E-3	-0.154
53.547	9.646E-3	-0.154
53.580	1.345E-2	-0.154
53.613	1.636E-2	-0.154
53.647	1.839E-2	-0.154
53.680	1.872E-2	-0.154
53.714	1.841E-2	-0.154
53.747	1.661E-2	-0.154
53.780	1.376E-2	-0.154
53.814	1.009E-2	-0.154
53.847	5.775E-3	-0.155
53.880	1.014E-3	-0.155
53.914	-3.781E-3	-0.155
53.947	-8.185E-3	-0.154
53.980	-1.195E-2	-0.154
54.014	-1.486E-2	-0.154
54.047	-1.695E-2	-0.154
54.081	-1.857E-2	-0.153
54.114	-1.825E-2	-0.153
54.147	-1.642E-2	-0.154
54.181	-1.403E-2	-0.154
54.214	-1.070E-2	-0.154
54.247	-6.506E-3	-0.155
54.281	-1.758E-3	-0.155
54.314	3.013E-3	-0.155
54.347	8.918E-3	-0.154
54.381	1.291E-2	-0.153
54.414	1.605E-2	-0.153
54.448	1.831E-2	-0.153
54.481	1.729E-2	-0.152
54.514	1.722E-2	-0.152
54.548	1.588E-2	-0.152
54.581	1.360E-2	-0.152
54.614	1.029E-2	-0.152
54.648	6.344E-3	-0.153
54.681	2.004E-3	-0.153
54.714	-2.604E-3	-0.153
54.748	-7.128E-3	-0.153
54.781	-1.112E-2	-0.153
54.815	-1.422E-2	-0.153
54.848	-1.652E-2	-0.152
54.881	-1.790E-2	-0.152
54.915	-1.798E-2	-0.152
54.948	-1.680E-2	-0.152
54.981	-1.465E-2	-0.152
55.015	-1.168E-2	-0.153
55.048	-7.917E-3	-0.153
55.081	-3.612E-3	-0.153
55.115	8.475E-4	-0.153
55.148	5.293E-3	-0.153
55.182	9.414E-3	-0.153
55.215	1.287E-2	-0.153
55.248	1.542E-2	-0.153
55.282	1.729E-2	-0.152
55.315	1.768E-2	-0.151
55.348	1.679E-2	-0.152
55.382	1.489E-2	-0.152
55.415	1.194E-2	-0.152
55.448	8.191E-3	-0.152
55.482	3.872E-3	-0.152
55.515	-4.807E-4	-0.152
55.549	-4.916E-3	-0.152
55.582	-9.027E-3	-0.152
55.615	-1.247E-2	-0.152
55.649	-1.513E-2	-0.151
55.682	-1.686E-2	-0.151
55.715	-1.736E-2	-0.151
55.749	-1.683E-2	-0.151
55.782	-1.511E-2	-0.151
55.815	-1.243E-2	-0.152
55.849	-8.962E-3	-0.152
55.882	-4.911E-3	-0.152
55.916	-5.710E-4	-0.152
55.949	3.865E-3	-0.152
55.982	8.004E-3	-0.152
56.016	1.169E-2	-0.152
56.049	1.456E-2	-0.152
56.082	1.656E-2	-0.152
56.116	1.738E-2	-0.151
56.149	1.700E-2	-0.152
56.182	1.541E-2	-0.152
56.216	1.290E-2	-0.152
56.249	9.486E-3	-0.152
56.282	7.099E-3	-0.154
56.316	2.546E-3	-0.154
56.349	-1.947E-3	-0.154
56.383	-6.320E-3	-0.154
56.416	-1.021E-2	-0.154
56.449	-1.324E-2	-0.154
56.483	-1.542E-2	-0.153
56.516	-1.617E-2	-0.153
56.549	-1.607E-2	-0.153
56.583	-1.502E-2	-0.153
56.616	-1.265E-2	-0.154
56.649	-9.372E-3	-0.154
56.683	-5.355E-3	-0.154
56.716	-5.431E-4	-0.154
56.750	4.035E-3	-0.154
56.783	8.454E-3	-0.153
56.816	1.231E-2	-0.153
56.850	1.552E-2	-0.153
56.883	1.780E-2	-0.153
56.916	1.802E-2	-0.153
56.950	1.806E-2	-0.153
56.983	1.697E-2	-0.153
57.016	1.478E-2	-0.153
57.050	1.166E-2	-0.153
57.083	7.811E-3	-0.153
57.117	2.368E-3	-0.153
57.150	-2.088E-3	-0.153
57.183	-6.540E-3	-0.153
57.217	-1.044E-2	-0.153
57.250	-1.359E-2	-0.153
57.283	-1.595E-2	-0.152
57.317	-1.709E-2	-0.152
57.350	-1.767E-2	-0.152
57.383	-1.667E-2	-0.152
57.417	-1.470E-2	-0.152
57.450	-1.188E-2	-0.153
57.484	-8.284E-3	-0.153
57.517	-4.179E-3	-0.153
57.550	1.523E-4	-0.153
57.584	4.476E-3	-0.153
57.617	8.576E-3	-0.153
57.650	1.197E-2	-0.153
57.684	1.456E-2	-0.153
57.717	1.609E-2	-0.152
57.750	1.656E-2	-0.152
57.784	1.594E-2	-0.152
57.817	1.426E-2	-0.153
57.851	1.155E-2	-0.153
57.884	8.049E-3	-0.153
57.917	3.952E-3	-0.153
57.951	-4.569E-4	-0.153
57.984	-4.714E-3	-0.153
58.017	-8.762E-3	-0.153
58.051	-1.219E-2	-0.153
58.084	-1.485E-2	-0.152
58.117	-1.666E-2	-0.152
58.151	-1.722E-2	-0.152
58.184	-1.684E-2	-0.152
58.218	-1.528E-2	-0.152
58.251	-1.279E-2	-0.153
58.284	-9.516E-3	-0.153
58.318	-5.589E-3	-0.153
58.351	-1.436E-3	-0.153
58.384	2.887E-3	-0.153
58.418	6.922E-3	-0.153
58.451	1.061E-2	-0.153
58.484	1.357E-2	-0.153
58.518	1.550E-2	-0.153
58.551	1.642E-2	-0.152
58.585	1.615E-2	-0.152
58.618	1.487E-2	-0.153
58.651	1.254E-2	-0.153
58.685	9.352E-3	-0.153
58.718	5.483E-3	-0.153
58.751	1.223E-3	-0.153
58.785	-3.096E-3	-0.153
58.818	-7.416E-3	-0.153
58.851	-1.104E-2	-0.153
58.885	-1.394E-2	-0.153
58.918	-1.612E-2	-0.152
58.951	-1.701E-2	-0.152
58.985	-1.698E-2	-0.152
59.018	-1.609E-2	-0.152
59.052	-1.400E-2	-0.152
59.085	-1.103E-2	-0.153
59.118	-7.420E-3	-0.153
59.152	-3.241E-3	-0.153
59.185	1.023E-3	-0.153
59.218	5.106E-3	-0.153
59.252	9.084E-3	-0.153
59.285	1.222E-2	-0.153
59.318	1.455E-2	-0.153
59.352	1.589E-2	-0.153
59.385	1.621E-2	-0.152
59.419	1.533E-2	-0.153
59.452	1.350E-2	-0.153
59.485	1.062E-2	-0.153
59.519	7.021E-3	-0.153
59.552	2.964E-3	-0.153
59.585	-1.312E-3	-0.153
59.619	-5.715E-3	-0.153
59.652	-8.913E-3	-0.152
59.685	-1.214E-2	-0.152
59.719	-1.466E-2	-0.152
59.752	-1.621E-2	-0.151
59.786	-1.662E-2	-0.151
59.819	-1.609E-2	-0.151
59.852	-1.432E-2	-0.152
59.886	-1.172E-2	-0.152
59.919	-8.428E-3	-0.152
59.952	-4.423E-3	-0.152
59.986	-3.372E-4	-0.153
60.019	3.964E-3	-0.153
60.052	7.814E-3	-0.152
60.086	1.123E-2	-0.152
60.119	1.388E-2	-0.152
60.153	1.583E-2	-0.153
60.186	1.650E-2	-0.153
60.219	1.601E-2	-0.153
60.253	1.458E-2	-0.153
60.286	1.193E-2	-0.153
60.319	8.600E-3	-0.153
60.353	4.779E-3	-0.153
60.386	4.484E-4	-0.153
60.419	-3.672E-3	-0.153
60.453	-7.709E-3	-0.153
60.486	-1.073E-2	-0.153
60.520	-1.349E-2	-0.152
60.553	-1.542E-2	-0.152
60.586	-1.614E-2	-0.152
60.620	-1.591E-2	-0.152
60.653	-1.453E-2	-0.152
60.686	-1.252E-2	-0.152
60.720	-9.461E-3	-0.153
60.753	-5.705E-3	-0.153
60.786	-1.733E-3	-0.153
60.820	2.538E-3	-0.153
60.853	6.617E-3	-0.153
60.887	1.023E-2	-0.153
60.920	1.315E-2	-0.152
60.953	1.583E-2	-0.153
60.987	1.686E-2	-0.153
61.020	1.684E-2	-0.153
61.053	1.579E-2	-0.153
61.087	1.371E-2	-0.153
61.120	1.059E-2	-0.153
61.153	6.914E-3	-0.154
61.187	2.721E-3	-0.154
61.220	-1.513E-3	-0.154
61.254	-6.002E-3	-0.153
61.287	-9.654E-3	-0.153
61.320	-1.266E-2	-0.152
61.354	-1.488E-2	-0.152
61.387	-1.591E-2	-0.152
61.420	-1.610E-2	-0.152
61.454	-1.534E-2	-0.152
61.487	-1.340E-2	-0.152
61.520	-1.066E-2	-0.153
61.554	-7.146E-3	-0.153
61.587	-3.425E-3	-0.153
61.620	8.620E-4	-0.153
61.654	4.917E-3	-0.153
61.687	8.610E-3	-0.153
61.721	1.181E-2	-0.153
61.754	1.423E-2	-0.153
61.787	1.565E-2	-0.152
61.821	1.602E-2	-0.152
61.854	1.531E-2	-0.152
61.887	1.352E-2	-0.153
61.921	1.078E-2	-0.153
61.954	7.405E-3	-0.153
61.987	3.450E-3	-0.153
62.021	-7.494E-4	-0.153
62.054	-4.773E-3	-0.153
62.088	-8.614E-3	-0.153
62.121	-1.183E-2	-0.152
62.154	-1.427E-2	-0.152
62.188	-1.568E-2	-0.152
62.221	-1.639E-2	-0.152
62.254	-1.568E-2	-0.152
62.288	-1.434E-2	-0.152
62.321	-1.189E-2	-0.152
62.354	-8.644E-3	-0.153
62.388	-4.817E-3	-0.153
62.421	-8.499E-4	-0.153
62.455	3.270E-3	-0.153
62.488	7.070E-3	-0.153
62.521	1.049E-2	-0.153
62.555	1.314E-2	-0.152
62.588	1.510E-2	-0.152
62.621	1.585E-2	-0.152
62.655	1.551E-2	-0.151
62.688	1.400E-2	-0.152
62.721	1.174E-2	-0.152
62.755	8.639E-3	-0.152
62.788	4.923E-3	-0.152
62.822	8.220E-4	-0.152
62.855	-3.148E-3	-0.152
62.888	-7.077E-3	-0.152
62.922	-1.044E-2	-0.152
62.955	-1.321E-2	-0.151
62.988	-1.498E-2	-0.151
63.022	-1.595E-2	-0.151
63.055	-1.579E-2	-0.151
63.088	-1.455E-2	-0.151
63.122	-1.241E-2	-0.151
63.155	-9.500E-3	-0.152
63.189	-6.082E-3	-0.152
63.222	-2.125E-3	-0.152
63.255	1.831E-3	-0.152
63.289	5.779E-3	-0.152
63.322	9.432E-3	-0.152
63.355	1.233E-2	-0.152
63.389	1.433E-2	-0.152
63.422	1.548E-2	-0.151
63.455	1.552E-2	-0.151
63.489	1.441E-2	-0.152
63.522	1.258E-2	-0.152
63.556	9.767E-3	-0.152
63.589	6.194E-3	-0.152
63.622	2.314E-3	-0.152
63.656	-1.693E-3	-0.152
63.689	-5.536E-3	-0.152
63.722	-9.116E-3	-0.152
63.756	-1.205E-2	-0.152
63.789	-1.426E-2	-0.151
63.822	-1.539E-2	-0.151
63.856	-1.556E-2	-0.151
63.889	-1.483E-2	-0.151
63.923	-1.304E-2	-0.151
63.956	-1.044E-2	-0.152
63.989	-7.129E-3	-0.152
64.023	-3.451E-3	-0.152
64.056	5.570E-4	-0.152
64.089	4.521E-3	-0.152
64.123	8.097E-3	-0.152
64.156	1.124E-2	-0.152
64.189	1.370E-2	-0.152
64.223	1.504E-2	-0.152
64.256	1.550E-2	-0.151
64.289	1.482E-2	-0.152
64.323	1.333E-2	-0.152
64.356	1.068E-2	-0.152
64.390	7.511E-3	-0.152
64.423	3.768E-3	-0.152
64.456	-1.719E-4	-0.152
64.490	-4.066E-3	-0.152
64.523	-7.829E-3	-0.152
64.556	-1.091E-2	-0.152
64.590	-1.340E-2	-0.151
64.623	-1.491E-2	-0.151
64.656	-1.549E-2	-0.151
64.690	-1.510E-2	-0.151
64.723	-1.378E-2	-0.151
64.757	-1.150E-2	-0.152
64.790	-8.451E-3	-0.152
64.823	-4.855E-3	-0.152
64.857	-1.094E-3	-0.152
64.890	2.870E-3	-0.152
64.923	6.665E-3	-0.152
64.957	9.966E-3	-0.152
64.990	1.272E-2	-0.152
65.023	1.440E-2	-0.152
65.057	1.521E-2	-0.151
65.090	1.495E-2	-0.151
65.124	1.364E-2	-0.152
65.157	1.158E-2	-0.152
65.190	8.655E-3	-0.152
65.224	5.043E-3	-0.152
65.257	1.199E-3	-0.152
65.290	-2.689E-3	-0.152
65.324	-6.522E-3	-0.152
65.357	-9.761E-3	-0.152
65.390	-1.242E-2	-0.151
65.424	-1.439E-2	-0.151
65.457	-1.533E-2	-0.151
65.491	-1.529E-2	-0.151
65.524	-1.434E-2	-0.151
65.557	-1.240E-2	-0.151
65.591	-9.630E-3	-0.152
65.624	-6.292E-3	-0.152
65.657	-2.572E-3	-0.152
65.691	1.456E-3	-0.152
65.724	5.108E-3	-0.152
65.757	8.673E-3	-0.152
65.791	1.154E-2	-0.152
65.824	1.376E-2	-0.152
65.858	1.482E-2	-0.152
65.891	1.502E-2	-0.152
65.924	1.431E-2	-0.152
65.958	1.242E-2	-0.152
65.991	9.835E-3	-0.152
66.024	6.394E-3	-0.152
66.058	2.833E-3	-0.152
66.091	-1.060E-3	-0.152
66.124	-4.955E-3	-0.152
66.158	-8.490E-3	-0.152
66.191	-1.131E-2	-0.152
66.225	-1.355E-2	-0.151
66.258	-1.496E-2	-0.151
66.291	-1.528E-2	-0.151
66.325	-1.466E-2	-0.151
66.358	-1.301E-2	-0.151
66.391	-1.063E-2	-0.152
66.425	-7.427E-3	-0.152
66.458	-3.935E-3	-0.152
66.491	-1.158E-5	-0.152
66.525	3.844E-3	-0.152
66.558	7.329E-3	-0.152
66.592	1.059E-2	-0.152
66.625	1.296E-2	-0.152
66.658	1.452E-2	-0.152
66.692	1.493E-2	-0.152
66.725	1.460E-2	-0.152
66.758	1.306E-2	-0.152
66.792	1.083E-2	-0.152
66.825	7.681E-3	-0.152
66.858	4.251E-3	-0.152
66.892	4.023E-4	-0.152
66.925	-3.550E-3	-0.152
66.958	-7.116E-3	-0.152
66.992	-1.024E-2	-0.152
67.025	-1.274E-2	-0.152
67.059	-1.445E-2	-0.151
67.092	-1.514E-2	-0.151
67.125	-1.491E-2	-0.151
67.159	-1.360E-2	-0.151
67.192	-1.159E-2	-0.152
67.225	-8.733E-3	-0.152
67.259	-5.320E-3	-0.152
67.292	-1.659E-3	-0.152
67.325	2.355E-3	-0.152
67.359	5.862E-3	-0.152
67.392	9.267E-3	-0.152
67.426	1.192E-2	-0.152
67.459	1.389E-2	-0.152
67.492	1.469E-2	-0.152
67.526	1.464E-2	-0.152
67.559	1.368E-2	-0.152
67.592	1.160E-2	-0.152
67.626	8.826E-3	-0.152
67.659	5.357E-3	-0.152
67.692	1.646E-3	-0.152
67.726	-2.163E-3	-0.152
67.759	-5.761E-3	-0.152
67.793	-9.104E-3	-0.152
67.826	-1.183E-2	-0.152
67.859	-1.382E-2	-0.151
67.893	-1.485E-2	-0.151
67.926	-1.497E-2	-0.151
67.959	-1.413E-2	-0.151
67.993	-1.230E-2	-0.152
68.026	-9.827E-3	-0.152
68.059	-6.484E-3	-0.152
68.093	-2.816E-3	-0.152
68.126	9.116E-4	-0.152
68.160	4.520E-3	-0.152
68.193	8.055E-3	-0.152
68.226	1.101E-2	-0.152
68.260	1.323E-2	-0.152
68.293	1.424E-2	-0.152
68.326	1.451E-2	-0.152
68.360	1.389E-2	-0.152
68.393	1.239E-2	-0.152
68.426	9.654E-3	-0.152
68.460	6.529E-3	-0.152
68.493	3.022E-3	-0.152
68.527	-7.107E-4	-0.152
68.560	-4.454E-3	-0.152
68.593	-7.965E-3	-0.152
68.627	-1.086E-2	-0.152
68.660	-1.302E-2	-0.151
68.693	-1.440E-2	-0.151
68.727	-1.487E-2	-0.151
68.760	-1.435E-2	-0.151
68.793	-1.274E-2	-0.151
68.827	-1.048E-2	-0.152
68.860	-7.722E-3	-0.152
68.894	-4.191E-3	-0.152
68.927	-4.410E-4	-0.152
68.960	3.329E-3	-0.152
68.994	6.727E-3	-0.152
69.027	9.749E-3	-0.152
69.060	1.238E-2	-0.152
69.094	1.377E-2	-0.152
69.127	1.432E-2	-0.152
69.160	1.394E-2	-0.152
69.194	1.280E-2	-0.152
69.227	1.059E-2	-0.152
69.261	7.674E-3	-0.152
69.294	4.129E-3	-0.152
69.327	5.048E-4	-0.152
69.361	-3.140E-3	-0.152
69.394	-6.690E-3	-0.152
69.427	-9.708E-3	-0.152
69.461	-1.210E-2	-0.151
69.494	-1.379E-2	-0.151
69.527	-1.461E-2	-0.151
69.561	-1.455E-2	-0.151
69.594	-1.340E-2	-0.151
69.627	-1.129E-2	-0.152
69.661	-8.574E-3	-0.152
69.694	-5.306E-3	-0.152
69.728	-1.722E-3	-0.152
69.761	2.080E-3	-0.152
69.794	5.635E-3	-0.152
69.828	8.803E-3	-0.152
69.861	1.141E-2	-0.152
69.894	1.340E-2	-0.152
69.928	1.423E-2	-0.152
69.961	1.412E-2	-0.152
69.994	1.323E-2	-0.152
70.028	1.133E-2	-0.152
70.061	8.715E-3	-0.152
70.095	5.351E-3	-0.152
70.128	1.715E-3	-0.152
70.161	-1.860E-3	-0.152
70.195	-5.394E-3	-0.152
70.228	-8.716E-3	-0.152
70.261	-1.139E-2	-0.152
70.295	-1.313E-2	-0.151
70.328	-1.421E-2	-0.151
70.361	-1.439E-2	-0.151
70.395	-1.369E-2	-0.151
70.428	-1.190E-2	-0.152
70.462	-9.341E-3	-0.152
70.495	-6.288E-3	-0.152
70.528	-2.982E-3	-0.152
70.562	7.146E-4	-0.152
70.595	4.256E-3	-0.152
