	mass A		
t	x	y	
7.640	-4.200E-2	-0.168
7.673	-4.193E-2	-0.168
7.707	-4.176E-2	-0.168
7.740	-4.175E-2	-0.168
7.773	-4.145E-2	-0.168
7.807	-3.933E-2	-0.168
7.840	-3.503E-2	-0.169
7.873	-3.002E-2	-0.171
7.907	-2.311E-2	-0.172
7.940	-1.365E-2	-0.173
7.974	-2.911E-3	-0.174
8.007	6.313E-3	-0.174
8.040	1.483E-2	-0.173
8.074	2.120E-2	-0.172
8.107	3.138E-2	-0.172
8.140	3.421E-2	-0.171
8.174	3.657E-2	-0.170
8.207	3.779E-2	-0.170
8.240	3.952E-2	-0.170
8.274	4.013E-2	-0.170
8.307	3.345E-2	-0.172
8.341	2.634E-2	-0.173
8.374	1.758E-2	-0.173
8.407	7.734E-3	-0.174
8.441	-2.953E-3	-0.174
8.474	-1.149E-2	-0.174
8.507	-1.996E-2	-0.173
8.541	-2.753E-2	-0.172
8.574	-3.396E-2	-0.170
8.607	-3.459E-2	-0.170
8.641	-3.534E-2	-0.170
8.674	-3.575E-2	-0.170
8.708	-3.369E-2	-0.171
8.741	-3.225E-2	-0.171
8.774	-2.486E-2	-0.173
8.808	-2.008E-2	-0.173
8.841	-1.143E-2	-0.174
8.874	-2.522E-3	-0.174
8.908	7.610E-3	-0.174
8.941	2.048E-2	-0.173
8.974	2.856E-2	-0.172
9.008	3.512E-2	-0.171
9.041	3.814E-2	-0.171
9.075	4.009E-2	-0.170
9.108	3.951E-2	-0.171
9.141	3.724E-2	-0.171
9.175	3.249E-2	-0.172
9.208	2.763E-2	-0.173
9.241	2.047E-2	-0.174
9.275	1.006E-2	-0.175
9.308	1.227E-3	-0.174
9.341	-8.536E-3	-0.174
9.375	-1.565E-2	-0.173
9.408	-2.675E-2	-0.172
9.441	-3.303E-2	-0.171
9.475	-3.704E-2	-0.170
9.508	-3.678E-2	-0.170
9.542	-3.672E-2	-0.170
9.575	-3.431E-2	-0.171
9.608	-2.983E-2	-0.171
9.642	-2.420E-2	-0.172
9.675	-2.345E-2	-0.172
9.708	-1.456E-2	-0.173
9.742	-2.406E-3	-0.174
9.775	7.438E-3	-0.174
9.808	1.737E-2	-0.173
9.842	2.552E-2	-0.172
9.875	3.320E-2	-0.171
9.909	3.838E-2	-0.170
9.942	4.228E-2	-0.169
9.975	4.292E-2	-0.169
10.009	4.106E-2	-0.169
10.042	3.574E-2	-0.171
10.075	2.978E-2	-0.172
10.109	2.202E-2	-0.173
10.142	1.283E-2	-0.174
10.175	4.133E-3	-0.174
10.209	-5.341E-3	-0.174
10.242	-1.424E-2	-0.173
10.276	-2.299E-2	-0.172
10.309	-2.878E-2	-0.171
10.342	-3.078E-2	-0.170
10.376	-3.542E-2	-0.169
10.409	-4.055E-2	-0.168
10.442	-3.933E-2	-0.168
10.476	-3.602E-2	-0.169
10.509	-3.036E-2	-0.171
10.542	-2.466E-2	-0.172
10.576	-1.595E-2	-0.173
10.609	-4.949E-3	-0.173
10.643	4.617E-3	-0.174
10.676	1.400E-2	-0.173
10.709	2.339E-2	-0.173
10.743	3.102E-2	-0.171
10.776	3.468E-2	-0.171
10.809	4.046E-2	-0.169
10.843	4.186E-2	-0.168
10.876	4.124E-2	-0.169
10.909	3.683E-2	-0.169
10.943	3.146E-2	-0.171
10.976	2.405E-2	-0.172
11.010	1.685E-2	-0.173
11.043	7.533E-3	-0.173
11.076	-2.336E-3	-0.173
11.110	-1.173E-2	-0.173
11.143	-2.049E-2	-0.172
11.176	-2.893E-2	-0.171
11.210	-3.509E-2	-0.170
11.243	-3.422E-2	-0.170
11.276	-3.575E-2	-0.170
11.310	-3.489E-2	-0.170
11.343	-3.269E-2	-0.170
11.376	-3.070E-2	-0.171
11.410	-2.488E-2	-0.172
11.443	-1.852E-2	-0.173
11.477	-9.609E-3	-0.174
11.510	-5.723E-4	-0.174
11.543	1.176E-2	-0.173
11.577	2.071E-2	-0.173
11.610	2.631E-2	-0.172
11.643	3.274E-2	-0.171
11.677	3.585E-2	-0.170
11.710	3.770E-2	-0.170
11.743	3.782E-2	-0.170
11.777	3.517E-2	-0.170
11.810	3.064E-2	-0.171
11.844	2.391E-2	-0.172
11.877	1.654E-2	-0.173
11.910	7.666E-3	-0.174
11.944	-1.420E-3	-0.174
11.977	-9.671E-3	-0.175
12.010	-1.853E-2	-0.174
12.044	-2.613E-2	-0.173
12.077	-2.796E-2	-0.172
12.110	-3.219E-2	-0.172
12.144	-3.468E-2	-0.171
12.177	-3.467E-2	-0.171
12.211	-3.195E-2	-0.171
12.244	-2.871E-2	-0.172
12.277	-2.212E-2	-0.173
12.311	-1.774E-2	-0.174
12.344	-1.243E-2	-0.174
12.377	-3.502E-3	-0.175
12.411	4.790E-3	-0.175
12.444	1.939E-2	-0.173
12.477	2.746E-2	-0.172
12.511	3.374E-2	-0.170
12.544	3.719E-2	-0.170
12.578	4.046E-2	-0.168
12.611	4.069E-2	-0.168
12.644	3.898E-2	-0.169
12.678	3.538E-2	-0.171
12.711	2.976E-2	-0.172
12.744	2.157E-2	-0.173
12.778	1.309E-2	-0.174
12.811	3.407E-3	-0.175
12.844	-4.476E-3	-0.175
12.878	-1.306E-2	-0.175
12.911	-2.212E-2	-0.174
12.945	-2.893E-2	-0.172
12.978	-3.376E-2	-0.171
13.011	-3.353E-2	-0.171
13.045	-3.446E-2	-0.170
13.078	-3.319E-2	-0.171
13.111	-2.940E-2	-0.171
13.145	-2.689E-2	-0.172
13.178	-1.836E-2	-0.173
13.211	-1.390E-2	-0.174
13.245	-6.126E-3	-0.174
13.278	1.540E-3	-0.175
13.311	1.540E-2	-0.173
13.345	2.445E-2	-0.172
13.378	2.940E-2	-0.172
13.412	3.342E-2	-0.171
13.445	3.561E-2	-0.170
13.478	3.685E-2	-0.170
13.512	3.593E-2	-0.170
13.545	3.229E-2	-0.171
13.578	2.806E-2	-0.172
13.612	2.315E-2	-0.173
13.645	1.537E-2	-0.174
13.678	5.490E-3	-0.174
13.712	-3.859E-3	-0.175
13.745	-1.214E-2	-0.174
13.779	-2.110E-2	-0.173
13.812	-2.297E-2	-0.173
13.845	-2.910E-2	-0.172
13.879	-3.201E-2	-0.171
13.912	-3.326E-2	-0.171
13.945	-3.231E-2	-0.171
13.979	-2.978E-2	-0.172
14.012	-2.556E-2	-0.173
14.045	-1.797E-2	-0.174
14.079	-1.251E-2	-0.174
14.112	-8.123E-3	-0.175
14.146	1.197E-3	-0.175
14.179	9.077E-3	-0.175
14.212	2.121E-2	-0.173
14.246	2.894E-2	-0.172
14.279	3.357E-2	-0.171
14.312	3.647E-2	-0.169
14.346	3.823E-2	-0.168
14.379	3.756E-2	-0.168
14.412	3.464E-2	-0.169
14.446	3.029E-2	-0.171
14.479	2.334E-2	-0.172
14.513	1.529E-2	-0.173
14.546	6.081E-3	-0.174
14.579	-1.679E-3	-0.174
14.613	-8.713E-3	-0.174
14.646	-1.794E-2	-0.173
14.679	-2.552E-2	-0.172
14.713	-3.154E-2	-0.171
14.746	-3.126E-2	-0.170
14.779	-3.365E-2	-0.170
14.813	-3.355E-2	-0.170
14.846	-3.089E-2	-0.170
14.880	-2.639E-2	-0.171
14.913	-2.095E-2	-0.172
14.946	-1.706E-2	-0.173
14.980	-1.080E-2	-0.173
15.013	-7.399E-4	-0.174
15.046	9.583E-3	-0.173
15.080	1.798E-2	-0.173
15.113	2.485E-2	-0.172
15.146	3.126E-2	-0.171
15.180	3.610E-2	-0.170
15.213	3.835E-2	-0.170
15.246	3.829E-2	-0.170
15.280	3.609E-2	-0.170
15.313	3.178E-2	-0.171
15.347	2.529E-2	-0.172
15.380	1.738E-2	-0.173
15.413	8.702E-3	-0.174
15.447	1.373E-4	-0.173
15.480	-8.950E-3	-0.173
15.513	-1.750E-2	-0.172
15.547	-2.493E-2	-0.171
15.580	-3.048E-2	-0.170
15.613	-3.504E-2	-0.169
15.647	-3.733E-2	-0.168
15.680	-3.759E-2	-0.168
15.714	-3.600E-2	-0.169
15.747	-3.190E-2	-0.170
15.780	-2.652E-2	-0.171
15.814	-1.980E-2	-0.172
15.847	-1.191E-2	-0.173
15.880	-3.102E-3	-0.173
15.914	5.685E-3	-0.173
15.947	1.456E-2	-0.173
15.980	2.248E-2	-0.172
16.014	2.951E-2	-0.171
16.047	3.538E-2	-0.170
16.081	3.821E-2	-0.170
16.114	3.894E-2	-0.169
16.147	3.745E-2	-0.170
16.181	3.350E-2	-0.171
16.214	2.702E-2	-0.172
16.247	1.990E-2	-0.173
16.281	1.132E-2	-0.173
16.314	2.268E-3	-0.174
16.347	-6.825E-3	-0.173
16.381	-1.403E-2	-0.173
16.414	-2.110E-2	-0.172
16.448	-2.770E-2	-0.171
16.481	-3.312E-2	-0.170
16.514	-3.200E-2	-0.170
16.548	-3.323E-2	-0.170
16.581	-3.198E-2	-0.170
16.614	-2.925E-2	-0.171
16.648	-2.793E-2	-0.171
16.681	-2.111E-2	-0.172
16.714	-1.589E-2	-0.173
16.748	-6.393E-3	-0.174
16.781	2.828E-3	-0.174
16.815	1.394E-2	-0.173
16.848	2.226E-2	-0.173
16.881	2.940E-2	-0.172
16.915	3.465E-2	-0.169
16.948	3.756E-2	-0.169
16.981	3.886E-2	-0.169
17.015	3.801E-2	-0.169
17.048	3.493E-2	-0.170
17.081	2.956E-2	-0.171
17.115	2.263E-2	-0.172
17.148	1.443E-2	-0.173
17.182	5.579E-3	-0.173
17.215	-3.859E-3	-0.174
17.248	-1.266E-2	-0.173
17.282	-2.033E-2	-0.172
17.315	-2.719E-2	-0.171
17.348	-3.165E-2	-0.170
17.382	-3.137E-2	-0.170
17.415	-3.254E-2	-0.170
17.448	-3.242E-2	-0.170
17.482	-2.988E-2	-0.171
17.515	-2.520E-2	-0.172
17.548	-2.359E-2	-0.172
17.582	-1.601E-2	-0.173
17.615	-7.128E-3	-0.173
17.649	1.887E-3	-0.173
17.682	1.084E-2	-0.173
17.715	1.891E-2	-0.172
17.749	2.640E-2	-0.171
17.782	3.356E-2	-0.170
17.815	3.647E-2	-0.169
17.849	3.828E-2	-0.170
17.882	3.798E-2	-0.170
17.915	3.561E-2	-0.170
17.949	3.102E-2	-0.171
17.982	2.453E-2	-0.172
18.016	1.692E-2	-0.173
18.049	8.856E-3	-0.172
18.082	-1.182E-4	-0.172
18.116	-8.859E-3	-0.172
18.149	-1.732E-2	-0.171
18.182	-2.459E-2	-0.170
18.216	-2.977E-2	-0.169
18.249	-3.365E-2	-0.169
18.282	-3.581E-2	-0.168
18.316	-3.583E-2	-0.168
18.349	-3.371E-2	-0.169
18.383	-2.981E-2	-0.170
18.416	-2.420E-2	-0.171
18.449	-1.692E-2	-0.172
18.483	-9.230E-3	-0.173
18.516	5.006E-4	-0.173
18.549	9.344E-3	-0.173
18.583	1.776E-2	-0.172
18.616	2.518E-2	-0.171
18.649	3.029E-2	-0.170
18.683	3.501E-2	-0.169
18.716	3.719E-2	-0.169
18.750	3.763E-2	-0.169
18.783	3.583E-2	-0.170
18.816	3.247E-2	-0.170
18.850	2.660E-2	-0.171
18.883	2.012E-2	-0.172
18.916	1.203E-2	-0.173
18.950	3.107E-3	-0.173
18.983	-5.660E-3	-0.173
19.016	-1.476E-2	-0.173
19.050	-2.159E-2	-0.172
19.083	-2.819E-2	-0.171
19.117	-3.222E-2	-0.170
19.150	-3.110E-2	-0.171
19.183	-3.230E-2	-0.170
19.217	-3.090E-2	-0.171
19.250	-2.785E-2	-0.171
19.283	-2.488E-2	-0.172
19.317	-1.932E-2	-0.173
19.350	-1.190E-2	-0.173
19.383	-5.753E-3	-0.174
19.417	3.412E-3	-0.174
19.450	1.146E-2	-0.174
19.483	2.020E-2	-0.173
19.517	2.622E-2	-0.172
19.550	3.118E-2	-0.171
19.584	3.387E-2	-0.171
19.617	3.508E-2	-0.170
19.650	3.366E-2	-0.171
19.684	3.080E-2	-0.171
19.717	2.583E-2	-0.172
19.750	1.938E-2	-0.173
19.784	1.102E-2	-0.174
19.817	2.707E-3	-0.174
19.850	-4.222E-3	-0.175
19.884	-1.284E-2	-0.174
19.917	-2.018E-2	-0.173
19.951	-2.197E-2	-0.173
19.984	-2.687E-2	-0.172
20.017	-3.086E-2	-0.171
20.051	-3.209E-2	-0.171
20.084	-3.107E-2	-0.171
20.117	-2.820E-2	-0.172
20.151	-2.350E-2	-0.173
20.184	-1.999E-2	-0.173
20.217	-1.267E-2	-0.174
20.251	-8.251E-3	-0.174
20.284	7.722E-8	-0.175
20.318	8.152E-3	-0.174
20.351	1.631E-2	-0.174
20.384	2.702E-2	-0.171
20.418	3.227E-2	-0.170
20.451	3.647E-2	-0.169
20.484	3.791E-2	-0.169
20.518	3.723E-2	-0.169
20.551	3.469E-2	-0.170
20.584	2.993E-2	-0.171
20.618	2.384E-2	-0.172
20.651	1.651E-2	-0.173
20.685	7.040E-3	-0.174
20.718	-1.695E-3	-0.174
20.751	-9.221E-3	-0.174
20.785	-1.779E-2	-0.173
20.818	-2.363E-2	-0.172
20.851	-2.514E-2	-0.172
20.885	-2.944E-2	-0.171
20.918	-3.089E-2	-0.171
20.951	-3.092E-2	-0.171
20.985	-2.821E-2	-0.171
21.018	-2.358E-2	-0.172
21.052	-1.787E-2	-0.173
21.085	-1.541E-2	-0.173
21.118	-8.361E-3	-0.174
21.152	-1.911E-5	-0.174
21.185	1.067E-2	-0.174
21.218	2.011E-2	-0.173
21.252	2.674E-2	-0.173
21.285	3.138E-2	-0.172
21.318	3.550E-2	-0.171
21.352	3.647E-2	-0.169
21.385	3.643E-2	-0.170
21.418	3.433E-2	-0.170
21.452	3.065E-2	-0.172
21.485	2.502E-2	-0.173
21.519	1.830E-2	-0.174
21.552	1.042E-2	-0.174
21.585	1.316E-3	-0.175
21.619	-7.492E-3	-0.173
21.652	-1.451E-2	-0.173
21.685	-2.160E-2	-0.172
21.719	-2.800E-2	-0.171
21.752	-2.818E-2	-0.171
21.785	-3.057E-2	-0.170
21.819	-3.071E-2	-0.170
21.852	-2.904E-2	-0.171
21.886	-2.482E-2	-0.172
21.919	-2.304E-2	-0.172
21.952	-1.681E-2	-0.173
21.986	-6.601E-3	-0.173
22.019	5.366E-4	-0.174
22.052	8.493E-3	-0.173
22.086	1.682E-2	-0.173
22.119	2.418E-2	-0.172
22.152	2.920E-2	-0.171
22.186	3.371E-2	-0.170
22.219	3.647E-2	-0.169
22.253	3.695E-2	-0.169
22.286	3.535E-2	-0.169
22.319	3.102E-2	-0.170
22.353	2.568E-2	-0.171
22.386	1.903E-2	-0.172
22.419	1.115E-2	-0.173
22.453	2.590E-3	-0.173
22.486	-5.976E-3	-0.173
22.519	-1.399E-2	-0.172
22.553	-2.092E-2	-0.172
22.586	-2.726E-2	-0.171
22.620	-3.132E-2	-0.170
22.653	-3.437E-2	-0.170
22.686	-3.522E-2	-0.170
22.720	-3.402E-2	-0.170
22.753	-3.066E-2	-0.171
22.786	-2.611E-2	-0.172
22.820	-1.930E-2	-0.173
22.853	-1.221E-2	-0.173
22.886	-3.837E-3	-0.174
22.920	4.074E-3	-0.174
22.953	1.156E-2	-0.174
22.987	2.230E-2	-0.173
23.020	2.823E-2	-0.172
23.053	3.247E-2	-0.171
23.087	3.540E-2	-0.171
23.120	3.652E-2	-0.170
23.153	3.550E-2	-0.171
23.187	3.241E-2	-0.171
23.220	2.695E-2	-0.172
23.253	2.041E-2	-0.173
23.287	1.358E-2	-0.173
23.320	5.233E-3	-0.173
23.353	-3.261E-3	-0.173
23.387	-1.160E-2	-0.173
23.420	-1.859E-2	-0.172
23.454	-2.488E-2	-0.171
23.487	-2.940E-2	-0.170
23.520	-3.225E-2	-0.169
23.554	-3.329E-2	-0.168
23.587	-3.241E-2	-0.169
23.620	-2.962E-2	-0.169
23.654	-2.602E-2	-0.170
23.687	-1.978E-2	-0.171
23.720	-1.320E-2	-0.172
23.754	-5.232E-3	-0.172
23.787	2.983E-3	-0.173
23.821	1.124E-2	-0.172
23.854	1.892E-2	-0.172
23.887	2.559E-2	-0.171
23.921	3.138E-2	-0.171
23.954	3.538E-2	-0.171
23.987	3.683E-2	-0.170
24.021	3.630E-2	-0.170
24.054	3.377E-2	-0.171
24.087	2.956E-2	-0.172
24.121	2.364E-2	-0.173
24.154	1.721E-2	-0.174
24.188	8.850E-3	-0.175
24.221	5.006E-4	-0.174
24.254	-7.856E-3	-0.174
24.288	-1.517E-2	-0.173
24.321	-2.311E-2	-0.172
24.354	-2.789E-2	-0.171
24.388	-2.785E-2	-0.171
24.421	-2.924E-2	-0.171
24.454	-2.919E-2	-0.171
24.488	-2.662E-2	-0.171
24.521	-2.299E-2	-0.172
24.555	-1.708E-2	-0.173
24.588	-1.093E-2	-0.173
24.621	-2.265E-3	-0.174
24.655	5.773E-3	-0.174
24.688	1.497E-2	-0.173
24.721	2.263E-2	-0.172
24.755	2.239E-2	-0.172
24.788	2.589E-2	-0.172
24.821	3.062E-2	-0.171
24.855	3.243E-2	-0.171
24.888	3.240E-2	-0.171
24.922	3.069E-2	-0.171
24.955	2.619E-2	-0.172
24.988	2.148E-2	-0.173
25.022	1.369E-2	-0.173
25.055	5.526E-3	-0.174
25.088	-2.913E-3	-0.174
25.122	-1.972E-3	-0.174
25.155	-1.088E-2	-0.173
25.188	-2.311E-2	-0.170
25.222	-2.834E-2	-0.169
25.255	-3.218E-2	-0.169
25.288	-3.329E-2	-0.170
25.322	-3.350E-2	-0.170
25.355	-3.200E-2	-0.171
25.389	-2.822E-2	-0.171
25.422	-2.335E-2	-0.172
25.455	-1.722E-2	-0.173
25.489	-1.003E-2	-0.174
25.522	-2.414E-3	-0.174
25.555	6.181E-3	-0.174
25.589	1.322E-2	-0.174
25.622	1.919E-2	-0.173
25.655	2.535E-2	-0.172
25.689	2.881E-2	-0.172
25.722	3.201E-2	-0.171
25.756	3.187E-2	-0.171
25.789	3.035E-2	-0.172
25.822	2.724E-2	-0.172
25.856	2.371E-2	-0.173
25.889	1.641E-2	-0.174
25.922	9.356E-3	-0.174
25.956	1.569E-3	-0.174
25.989	-6.687E-3	-0.174
26.022	-7.364E-3	-0.174
26.056	-1.448E-2	-0.174
26.089	-2.095E-2	-0.173
26.123	-2.449E-2	-0.172
26.156	-2.748E-2	-0.172
26.189	-2.872E-2	-0.171
26.223	-2.727E-2	-0.172
26.256	-2.410E-2	-0.172
26.289	-2.051E-2	-0.173
26.323	-1.385E-2	-0.174
26.356	-6.153E-3	-0.174
26.389	-5.893E-4	-0.173
26.423	7.484E-3	-0.173
26.456	1.556E-2	-0.173
26.490	2.282E-2	-0.172
26.523	2.484E-2	-0.172
26.556	2.975E-2	-0.171
26.590	3.279E-2	-0.170
26.623	3.574E-2	-0.171
26.656	3.483E-2	-0.171
26.690	3.183E-2	-0.172
26.723	2.697E-2	-0.173
26.756	2.084E-2	-0.173
26.790	1.338E-2	-0.174
26.823	5.451E-3	-0.174
26.857	-2.769E-3	-0.173
26.890	-1.047E-2	-0.173
26.923	-1.785E-2	-0.172
26.957	-2.370E-2	-0.172
26.990	-2.816E-2	-0.171
27.023	-3.111E-2	-0.171
27.057	-3.237E-2	-0.170
27.090	-3.157E-2	-0.170
27.123	-2.905E-2	-0.171
27.157	-2.446E-2	-0.172
27.190	-1.840E-2	-0.173
27.224	-1.083E-2	-0.174
27.257	-6.402E-3	-0.173
27.290	1.653E-3	-0.174
27.324	9.706E-3	-0.173
27.357	1.722E-2	-0.173
27.390	2.398E-2	-0.172
27.424	3.029E-2	-0.171
27.457	3.356E-2	-0.170
27.490	3.510E-2	-0.170
27.524	3.467E-2	-0.170
27.557	3.241E-2	-0.170
27.590	2.738E-2	-0.171
27.624	2.161E-2	-0.172
27.657	1.435E-2	-0.173
27.691	6.544E-3	-0.173
27.724	-1.599E-3	-0.173
27.757	-9.336E-3	-0.173
27.791	-1.701E-2	-0.172
27.824	-2.311E-2	-0.171
27.857	-2.788E-2	-0.170
27.891	-3.038E-2	-0.171
27.924	-3.195E-2	-0.171
27.957	-3.191E-2	-0.171
27.991	-3.022E-2	-0.171
28.024	-2.596E-2	-0.172
28.058	-2.072E-2	-0.173
28.091	-1.346E-2	-0.174
28.124	-1.167E-2	-0.174
28.158	-3.059E-3	-0.174
28.191	4.664E-3	-0.174
28.224	1.503E-2	-0.174
28.258	2.229E-2	-0.173
28.291	2.644E-2	-0.172
28.324	2.950E-2	-0.172
28.358	3.102E-2	-0.172
28.391	3.104E-2	-0.172
28.425	2.944E-2	-0.172
28.458	2.606E-2	-0.172
28.491	2.028E-2	-0.173
28.525	1.493E-2	-0.174
28.558	8.493E-3	-0.175
28.591	5.006E-4	-0.174
28.625	-7.649E-3	-0.174
28.658	-1.475E-2	-0.173
28.691	-2.130E-2	-0.173
28.725	-2.646E-2	-0.172
28.758	-2.657E-2	-0.172
28.792	-2.807E-2	-0.171
28.825	-2.812E-2	-0.171
28.858	-2.653E-2	-0.172
28.892	-2.334E-2	-0.172
28.925	-1.783E-2	-0.173
28.958	-1.249E-2	-0.174
28.992	-1.120E-2	-0.174
29.025	-2.911E-3	-0.174
29.058	6.676E-3	-0.173
29.092	1.421E-2	-0.172
29.125	2.135E-2	-0.172
29.159	2.738E-2	-0.172
29.192	3.178E-2	-0.172
29.225	3.392E-2	-0.169
29.259	3.456E-2	-0.169
29.292	3.323E-2	-0.170
29.325	2.920E-2	-0.170
29.359	2.427E-2	-0.171
29.392	1.721E-2	-0.172
29.425	9.797E-3	-0.172
29.459	1.682E-3	-0.172
29.492	-6.183E-3	-0.172
29.525	-1.355E-2	-0.171
29.559	-2.036E-2	-0.171
29.592	-2.586E-2	-0.170
29.626	-3.038E-2	-0.169
29.659	-3.283E-2	-0.169
29.692	-3.347E-2	-0.169
29.726	-3.253E-2	-0.169
29.759	-2.956E-2	-0.169
29.792	-2.502E-2	-0.170
29.826	-1.934E-2	-0.171
29.859	-1.076E-2	-0.172
29.892	-3.494E-3	-0.173
29.926	4.291E-3	-0.173
29.959	1.202E-2	-0.173
29.993	1.889E-2	-0.172
30.026	2.503E-2	-0.171
30.059	2.956E-2	-0.172
30.093	3.253E-2	-0.171
30.126	3.358E-2	-0.171
30.159	3.258E-2	-0.171
30.193	2.970E-2	-0.172
30.226	2.485E-2	-0.172
30.259	1.857E-2	-0.173
30.293	1.144E-2	-0.174
30.326	3.407E-3	-0.173
30.360	-4.326E-3	-0.173
30.393	-1.194E-2	-0.173
30.426	-1.899E-2	-0.172
30.460	-2.469E-2	-0.171
30.493	-2.915E-2	-0.170
30.526	-2.766E-2	-0.171
30.560	-2.810E-2	-0.171
30.593	-2.790E-2	-0.171
30.626	-2.504E-2	-0.171
30.660	-2.103E-2	-0.172
30.693	-1.496E-2	-0.173
30.727	-7.968E-3	-0.173
30.760	-7.126E-3	-0.173
30.793	8.128E-4	-0.173
30.827	8.753E-3	-0.173
30.860	1.581E-2	-0.173
30.893	2.254E-2	-0.172
30.927	2.884E-2	-0.171
30.960	3.211E-2	-0.171
30.993	3.283E-2	-0.171
31.027	3.231E-2	-0.171
31.060	3.001E-2	-0.171
31.094	2.702E-2	-0.172
31.127	2.117E-2	-0.173
31.160	1.467E-2	-0.173
31.194	7.159E-3	-0.174
31.227	-6.423E-4	-0.174
31.260	-8.200E-3	-0.173
31.294	-1.518E-2	-0.173
31.327	-2.133E-2	-0.172
31.360	-2.638E-2	-0.171
31.394	-2.959E-2	-0.171
31.427	-2.795E-2	-0.171
31.460	-2.787E-2	-0.171
31.494	-2.488E-2	-0.172
31.527	-2.517E-2	-0.172
31.561	-1.978E-2	-0.172
31.594	-1.439E-2	-0.173
31.627	-7.424E-3	-0.174
31.661	6.504E-6	-0.174
31.694	7.766E-3	-0.174
31.727	1.566E-2	-0.174
31.761	2.150E-2	-0.173
31.794	2.508E-2	-0.173
31.827	2.831E-2	-0.172
31.861	3.032E-2	-0.172
31.894	3.029E-2	-0.172
31.928	2.863E-2	-0.172
31.961	2.512E-2	-0.173
31.994	2.104E-2	-0.173
32.028	1.340E-2	-0.174
32.061	7.203E-3	-0.174
32.094	1.373E-4	-0.175
32.128	-7.499E-3	-0.175
32.161	-1.458E-2	-0.174
32.194	-1.945E-2	-0.174
32.228	-2.488E-2	-0.173
32.261	-2.478E-2	-0.173
32.295	-2.655E-2	-0.172
32.328	-2.653E-2	-0.172
32.361	-2.501E-2	-0.173
32.395	-2.144E-2	-0.173
32.428	-1.719E-2	-0.174
32.461	-1.449E-2	-0.174
32.495	-7.492E-3	-0.175
32.528	2.382E-6	-0.175
32.561	7.403E-3	-0.175
32.595	1.585E-2	-0.174
32.628	2.153E-2	-0.174
32.662	2.742E-2	-0.173
32.695	3.199E-2	-0.172
32.728	3.356E-2	-0.171
32.762	3.399E-2	-0.171
32.795	3.260E-2	-0.171
32.828	2.945E-2	-0.171
32.862	2.375E-2	-0.172
32.895	1.738E-2	-0.173
32.928	1.012E-2	-0.174
32.962	2.680E-3	-0.175
32.995	-5.517E-3	-0.175
33.029	-1.147E-2	-0.174
33.062	-1.893E-2	-0.174
33.095	-2.306E-2	-0.173
33.129	-2.529E-2	-0.173
33.162	-2.798E-2	-0.172
33.195	-2.838E-2	-0.172
33.229	-2.700E-2	-0.172
33.262	-2.381E-2	-0.173
33.295	-1.971E-2	-0.174
33.329	-1.505E-2	-0.174
33.362	-1.413E-2	-0.174
33.395	-6.685E-3	-0.175
33.429	5.223E-3	-0.173
33.462	1.251E-2	-0.173
33.496	1.912E-2	-0.173
33.529	2.521E-2	-0.172
33.562	2.993E-2	-0.171
33.596	3.253E-2	-0.171
33.629	3.283E-2	-0.172
33.662	3.186E-2	-0.172
33.696	2.905E-2	-0.172
33.729	2.456E-2	-0.173
33.762	1.838E-2	-0.174
33.796	1.104E-2	-0.174
33.829	3.570E-3	-0.174
33.863	-3.968E-3	-0.174
33.896	-1.147E-2	-0.174
33.929	-1.754E-2	-0.173
33.963	-2.318E-2	-0.172
33.996	-2.338E-2	-0.172
34.029	-2.500E-2	-0.172
34.063	-2.660E-2	-0.172
34.096	-2.660E-2	-0.172
34.129	-2.342E-2	-0.172
34.163	-1.966E-2	-0.173
34.196	-1.462E-2	-0.173
34.230	-7.486E-3	-0.174
34.263	-1.594E-4	-0.174
34.296	3.044E-3	-0.173
34.330	1.048E-2	-0.172
34.363	1.735E-2	-0.172
34.396	2.328E-2	-0.171
34.430	2.847E-2	-0.171
34.463	3.149E-2	-0.171
34.496	3.283E-2	-0.171
34.530	3.230E-2	-0.171
34.563	3.015E-2	-0.171
34.597	2.484E-2	-0.173
34.630	1.913E-2	-0.173
34.663	1.250E-2	-0.174
34.697	5.236E-3	-0.174
34.730	-2.240E-3	-0.174
34.763	-8.945E-3	-0.174
34.797	-1.557E-2	-0.173
34.830	-2.175E-2	-0.172
34.863	-2.558E-2	-0.172
34.897	-2.874E-2	-0.171
34.930	-2.564E-2	-0.172
34.964	-2.560E-2	-0.172
34.997	-2.399E-2	-0.172
35.030	-2.026E-2	-0.173
35.064	-1.567E-2	-0.173
35.097	-9.422E-3	-0.174
35.130	-9.059E-3	-0.174
35.164	-2.232E-3	-0.174
35.197	5.176E-3	-0.174
35.230	1.221E-2	-0.174
35.264	1.813E-2	-0.173
35.297	2.593E-2	-0.172
35.331	2.947E-2	-0.171
35.364	3.124E-2	-0.171
35.397	3.117E-2	-0.171
35.431	2.936E-2	-0.171
35.464	2.575E-2	-0.172
35.497	2.051E-2	-0.173
35.531	1.423E-2	-0.173
35.564	7.034E-3	-0.174
35.597	1.373E-4	-0.175
35.631	-7.391E-3	-0.175
35.664	-1.437E-2	-0.174
35.697	-1.932E-2	-0.174
35.731	-2.472E-2	-0.173
35.764	-2.792E-2	-0.172
35.798	-2.628E-2	-0.172
35.831	-2.638E-2	-0.172
35.864	-2.465E-2	-0.173
35.898	-2.135E-2	-0.173
35.931	-2.103E-2	-0.173
35.964	-1.460E-2	-0.174
35.998	-1.078E-2	-0.174
36.031	-4.694E-3	-0.175
36.064	1.951E-3	-0.175
36.098	1.285E-2	-0.172
36.131	1.932E-2	-0.172
36.165	2.463E-2	-0.171
36.198	2.884E-2	-0.170
36.231	3.102E-2	-0.170
36.265	3.211E-2	-0.170
36.298	3.074E-2	-0.170
36.331	2.738E-2	-0.171
36.365	2.283E-2	-0.172
36.398	1.649E-2	-0.173
36.431	9.470E-3	-0.174
36.465	2.259E-3	-0.174
36.498	-5.174E-3	-0.174
36.532	-1.220E-2	-0.173
36.565	-1.814E-2	-0.173
36.598	-2.346E-2	-0.172
36.632	-2.701E-2	-0.171
36.665	-2.893E-2	-0.171
36.698	-2.941E-2	-0.170
36.732	-2.825E-2	-0.171
36.765	-2.568E-2	-0.171
36.798	-2.113E-2	-0.172
36.832	-1.585E-2	-0.172
36.865	-9.414E-3	-0.173
36.899	-2.298E-3	-0.173
36.932	5.114E-3	-0.173
36.965	1.226E-2	-0.173
36.999	1.882E-2	-0.172
37.032	2.448E-2	-0.172
37.065	2.852E-2	-0.171
37.099	3.138E-2	-0.170
37.132	3.223E-2	-0.170
37.165	3.117E-2	-0.170
37.199	2.851E-2	-0.170
37.232	2.411E-2	-0.172
37.266	1.876E-2	-0.173
37.299	1.249E-2	-0.173
37.332	5.353E-3	-0.173
37.366	-2.032E-3	-0.173
37.399	-9.046E-3	-0.173
37.432	-1.564E-2	-0.172
37.466	-2.126E-2	-0.171
37.499	-2.602E-2	-0.170
37.532	-2.867E-2	-0.170
37.566	-2.949E-2	-0.170
37.599	-2.875E-2	-0.170
37.632	-2.631E-2	-0.170
37.666	-2.245E-2	-0.171
37.699	-1.715E-2	-0.172
37.733	-1.105E-2	-0.172
37.766	-4.214E-3	-0.173
37.799	2.975E-3	-0.173
37.833	1.002E-2	-0.173
37.866	1.673E-2	-0.172
37.899	2.241E-2	-0.171
37.933	2.738E-2	-0.171
37.966	3.016E-2	-0.170
37.999	3.247E-2	-0.171
38.033	3.183E-2	-0.171
38.066	2.965E-2	-0.171
38.100	2.629E-2	-0.172
38.133	2.108E-2	-0.173
38.166	1.501E-2	-0.173
38.200	7.040E-3	-0.175
38.233	-7.106E-4	-0.175
38.266	-7.990E-3	-0.174
38.300	-1.488E-2	-0.174
38.333	-1.981E-2	-0.173
38.366	-2.492E-2	-0.172
38.400	-2.820E-2	-0.171
38.433	-2.949E-2	-0.170
38.467	-2.922E-2	-0.170
38.500	-2.702E-2	-0.171
38.533	-2.353E-2	-0.171
38.567	-1.849E-2	-0.172
38.600	-1.289E-2	-0.173
38.633	-6.161E-3	-0.173
38.667	7.319E-4	-0.173
38.700	7.857E-3	-0.173
38.733	1.432E-2	-0.173
38.767	2.038E-2	-0.172
38.800	2.545E-2	-0.172
38.834	2.775E-2	-0.172
38.867	2.920E-2	-0.171
38.900	2.902E-2	-0.171
38.934	2.713E-2	-0.172
38.967	2.344E-2	-0.172
39.000	1.788E-2	-0.173
39.034	1.180E-2	-0.173
39.067	5.068E-3	-0.174
39.100	-2.057E-3	-0.174
39.134	-8.854E-3	-0.174
39.167	-1.527E-2	-0.173
39.201	-2.129E-2	-0.172
39.234	-2.141E-2	-0.172
39.267	-2.485E-2	-0.172
39.301	-2.651E-2	-0.171
39.334	-2.644E-2	-0.171
39.367	-2.481E-2	-0.172
39.401	-2.131E-2	-0.172
39.434	-1.657E-2	-0.173
39.467	-1.060E-2	-0.173
39.501	-1.012E-2	-0.173
39.534	-3.607E-3	-0.174
39.567	7.040E-3	-0.173
39.601	1.373E-2	-0.173
39.634	1.964E-2	-0.173
39.668	2.422E-2	-0.172
39.701	2.847E-2	-0.170
39.734	3.035E-2	-0.170
39.768	3.059E-2	-0.170
39.801	2.904E-2	-0.170
39.834	2.594E-2	-0.170
39.868	2.048E-2	-0.171
39.901	1.458E-2	-0.172
39.934	7.832E-3	-0.172
39.968	6.577E-4	-0.172
40.001	-6.250E-3	-0.172
40.035	-1.291E-2	-0.171
40.068	-1.872E-2	-0.171
40.101	-2.348E-2	-0.170
40.135	-2.686E-2	-0.169
40.168	-2.784E-2	-0.169
40.201	-2.812E-2	-0.169
40.235	-2.677E-2	-0.170
40.268	-2.386E-2	-0.170
40.301	-1.984E-2	-0.171
40.335	-1.444E-2	-0.172
40.368	-8.229E-3	-0.172
40.402	-1.007E-3	-0.172
40.435	5.938E-3	-0.172
40.468	1.266E-2	-0.172
40.502	1.868E-2	-0.172
40.535	2.374E-2	-0.171
40.568	2.775E-2	-0.170
40.602	2.996E-2	-0.170
40.635	3.102E-2	-0.171
40.668	2.989E-2	-0.171
40.702	2.666E-2	-0.172
40.735	2.225E-2	-0.173
40.769	1.612E-2	-0.173
40.802	9.449E-3	-0.174
40.835	2.479E-3	-0.174
40.869	-4.524E-3	-0.174
40.902	-1.147E-2	-0.173
40.935	-1.728E-2	-0.173
40.969	-2.187E-2	-0.172
41.002	-2.561E-2	-0.171
41.035	-2.376E-2	-0.172
41.069	-2.510E-2	-0.171
41.102	-2.357E-2	-0.172
41.136	-2.159E-2	-0.172
41.169	-1.736E-2	-0.173
41.202	-1.199E-2	-0.173
41.236	-5.068E-3	-0.174
41.269	1.567E-3	-0.174
41.302	2.174E-3	-0.174
41.336	9.048E-3	-0.174
41.369	1.561E-2	-0.173
41.402	2.105E-2	-0.173
41.436	2.349E-2	-0.172
41.469	2.811E-2	-0.171
41.502	2.896E-2	-0.171
41.536	2.827E-2	-0.171
41.569	2.579E-2	-0.172
41.603	2.175E-2	-0.172
41.636	1.626E-2	-0.173
41.669	9.872E-3	-0.173
41.703	2.977E-3	-0.173
41.736	-4.091E-3	-0.173
41.769	-1.074E-2	-0.173
41.803	-1.662E-2	-0.172
41.836	-2.206E-2	-0.172
41.869	-2.579E-2	-0.171
41.903	-2.846E-2	-0.171
41.936	-2.957E-2	-0.170
41.970	-2.879E-2	-0.170
42.003	-2.686E-2	-0.171
42.036	-2.349E-2	-0.171
42.070	-1.857E-2	-0.172
42.103	-1.287E-2	-0.173
42.136	-6.179E-3	-0.173
42.170	6.265E-4	-0.173
42.203	7.600E-3	-0.173
42.236	1.407E-2	-0.173
42.270	1.974E-2	-0.172
42.303	2.423E-2	-0.172
42.337	2.717E-2	-0.171
42.370	2.956E-2	-0.172
42.403	2.918E-2	-0.172
42.437	2.709E-2	-0.172
42.470	2.341E-2	-0.173
42.503	1.830E-2	-0.173
42.537	1.221E-2	-0.174
42.570	5.475E-3	-0.174
42.603	-1.559E-3	-0.174
42.637	-8.180E-3	-0.174
42.670	-1.442E-2	-0.173
42.704	-1.948E-2	-0.174
42.737	-2.344E-2	-0.173
42.770	-2.643E-2	-0.173
42.804	-2.791E-2	-0.172
42.837	-2.793E-2	-0.172
42.870	-2.629E-2	-0.173
42.904	-2.282E-2	-0.173
42.937	-1.738E-2	-0.174
42.970	-1.186E-2	-0.175
43.004	-1.002E-2	-0.175
43.037	-3.748E-3	-0.175
43.071	5.950E-3	-0.174
43.104	1.231E-2	-0.174
43.137	1.836E-2	-0.173
43.171	2.313E-2	-0.173
43.204	2.512E-2	-0.173
43.237	2.703E-2	-0.172
43.271	2.700E-2	-0.172
43.304	2.514E-2	-0.173
43.337	2.282E-2	-0.173
43.371	1.820E-2	-0.173
43.404	1.223E-2	-0.174
43.438	5.883E-3	-0.174
43.471	-9.699E-4	-0.174
43.504	-7.909E-3	-0.174
43.538	-1.454E-2	-0.173
43.571	-1.969E-2	-0.173
43.604	-2.468E-2	-0.172
43.638	-2.786E-2	-0.171
43.671	-2.951E-2	-0.171
43.704	-2.957E-2	-0.171
43.738	-2.820E-2	-0.171
43.771	-2.521E-2	-0.172
43.804	-2.138E-2	-0.173
43.838	-1.532E-2	-0.173
43.871	-9.282E-3	-0.174
43.905	-2.896E-3	-0.174
43.938	3.405E-3	-0.174
43.971	1.034E-2	-0.174
44.005	1.866E-2	-0.173
44.038	2.359E-2	-0.173
44.071	2.725E-2	-0.172
44.105	2.956E-2	-0.172
44.138	2.998E-2	-0.172
44.171	2.867E-2	-0.172
44.205	2.591E-2	-0.173
44.238	2.121E-2	-0.174
44.272	1.565E-2	-0.174
44.305	8.130E-3	-0.174
44.338	1.358E-3	-0.174
44.372	-5.261E-3	-0.174
44.405	-1.193E-2	-0.173
44.438	-1.750E-2	-0.173
44.472	-2.196E-2	-0.172
44.505	-2.533E-2	-0.172
44.538	-2.724E-2	-0.171
44.572	-2.388E-2	-0.172
44.605	-2.688E-2	-0.171
44.639	-2.409E-2	-0.172
44.672	-2.022E-2	-0.172
44.705	-1.548E-2	-0.173
44.739	-9.613E-3	-0.174
44.772	-3.300E-3	-0.174
44.805	3.318E-3	-0.174
44.839	1.010E-2	-0.174
44.872	1.598E-2	-0.173
44.905	2.107E-2	-0.173
44.939	2.557E-2	-0.171
44.972	2.797E-2	-0.171
45.006	2.862E-2	-0.171
45.039	2.780E-2	-0.171
45.072	2.521E-2	-0.171
45.106	2.127E-2	-0.172
45.139	1.612E-2	-0.173
45.172	1.014E-2	-0.173
45.206	3.381E-3	-0.173
45.239	-3.316E-3	-0.173
45.272	-9.667E-3	-0.173
45.306	-1.552E-2	-0.172
45.339	-2.029E-2	-0.172
45.373	-2.398E-2	-0.171
45.406	-2.651E-2	-0.171
45.439	-2.718E-2	-0.171
45.473	-2.663E-2	-0.171
45.506	-2.456E-2	-0.171
45.539	-2.102E-2	-0.172
45.573	-1.612E-2	-0.172
45.606	-1.088E-2	-0.173
45.639	-4.395E-3	-0.173
45.673	2.239E-3	-0.173
45.706	8.608E-3	-0.173
45.739	1.503E-2	-0.173
45.773	2.039E-2	-0.172
45.806	2.520E-2	-0.172
45.840	2.784E-2	-0.172
45.873	2.882E-2	-0.171
45.906	2.826E-2	-0.172
45.940	2.613E-2	-0.172
45.973	2.248E-2	-0.172
46.006	1.758E-2	-0.173
46.040	1.160E-2	-0.173
46.073	5.173E-3	-0.173
46.106	-1.390E-3	-0.174
46.140	-7.801E-3	-0.173
46.173	-1.402E-2	-0.173
46.207	-1.895E-2	-0.172
46.240	-2.294E-2	-0.172
46.273	-2.584E-2	-0.171
46.307	-2.675E-2	-0.172
46.340	-2.642E-2	-0.172
46.373	-2.461E-2	-0.172
46.407	-2.124E-2	-0.173
46.440	-1.580E-2	-0.174
46.473	-1.112E-2	-0.173
46.507	-5.036E-3	-0.173
46.540	1.680E-3	-0.174
46.574	8.453E-3	-0.173
46.607	1.450E-2	-0.173
46.640	2.084E-2	-0.172
46.674	2.507E-2	-0.171
46.707	2.775E-2	-0.171
46.740	2.910E-2	-0.171
46.774	2.888E-2	-0.171
46.807	2.714E-2	-0.171
46.840	2.397E-2	-0.171
46.874	1.866E-2	-0.172
46.907	1.297E-2	-0.173
46.941	6.772E-3	-0.173
46.974	2.545E-4	-0.173
47.007	-6.239E-3	-0.173
47.041	-1.219E-2	-0.173
47.074	-1.748E-2	-0.172
47.107	-2.161E-2	-0.171
47.141	-2.467E-2	-0.171
47.174	-2.617E-2	-0.171
47.207	-2.611E-2	-0.171
47.241	-2.450E-2	-0.171
47.274	-2.144E-2	-0.172
47.308	-1.716E-2	-0.172
47.341	-1.195E-2	-0.173
47.374	-6.110E-3	-0.173
47.408	3.294E-4	-0.173
47.441	6.593E-3	-0.173
47.474	1.276E-2	-0.173
47.508	1.843E-2	-0.172
47.541	2.314E-2	-0.172
47.574	2.593E-2	-0.172
47.608	2.767E-2	-0.172
47.641	2.778E-2	-0.172
47.674	2.634E-2	-0.172
47.708	2.327E-2	-0.172
47.741	1.891E-2	-0.173
47.775	1.326E-2	-0.173
47.808	8.493E-3	-0.174
47.841	1.840E-3	-0.174
47.875	-4.984E-3	-0.174
47.908	-1.058E-2	-0.174
47.941	-1.625E-2	-0.173
47.975	-2.066E-2	-0.173
48.008	-2.404E-2	-0.172
48.041	-2.583E-2	-0.172
48.075	-2.597E-2	-0.172
48.108	-2.458E-2	-0.172
48.142	-2.217E-2	-0.173
48.175	-1.818E-2	-0.173
48.208	-1.320E-2	-0.174
48.242	-7.128E-3	-0.174
48.275	-6.335E-4	-0.174
48.308	5.525E-3	-0.174
48.342	1.167E-2	-0.174
48.375	1.800E-2	-0.174
48.408	2.273E-2	-0.173
48.442	2.593E-2	-0.171
48.475	2.790E-2	-0.171
48.509	2.835E-2	-0.171
48.542	2.717E-2	-0.171
48.575	2.460E-2	-0.171
48.609	2.048E-2	-0.172
48.642	1.534E-2	-0.173
48.675	9.437E-3	-0.173
48.709	2.954E-3	-0.173
48.742	-3.538E-3	-0.173
48.775	-9.573E-3	-0.173
48.809	-1.516E-2	-0.172
48.842	-1.980E-2	-0.172
48.876	-2.329E-2	-0.171
48.909	-2.520E-2	-0.171
48.942	-2.562E-2	-0.171
48.976	-2.480E-2	-0.171
49.009	-2.232E-2	-0.171
49.042	-1.857E-2	-0.172
49.076	-1.364E-2	-0.172
49.109	-8.315E-3	-0.173
49.142	-2.222E-3	-0.173
49.176	4.130E-3	-0.173
49.209	1.027E-2	-0.173
49.243	1.612E-2	-0.172
49.276	2.116E-2	-0.172
49.309	2.520E-2	-0.172
49.343	2.745E-2	-0.172
49.376	2.814E-2	-0.172
49.409	2.746E-2	-0.172
49.443	2.510E-2	-0.172
49.476	2.135E-2	-0.173
49.509	1.649E-2	-0.173
49.543	1.046E-2	-0.174
49.576	4.497E-3	-0.175
49.609	-1.959E-3	-0.175
49.643	-8.225E-3	-0.175
49.676	-1.403E-2	-0.175
49.710	-1.897E-2	-0.174
49.743	-2.264E-2	-0.174
49.776	-2.468E-2	-0.174
49.810	-2.603E-2	-0.173
49.843	-2.486E-2	-0.174
49.876	-2.287E-2	-0.174
49.910	-1.916E-2	-0.174
49.943	-1.440E-2	-0.175
49.976	-1.333E-2	-0.175
50.010	-6.267E-3	-0.175
50.043	-1.829E-3	-0.176
50.077	4.804E-3	-0.176
50.110	1.083E-2	-0.175
50.143	1.570E-2	-0.175
50.177	2.050E-2	-0.174
50.210	2.288E-2	-0.174
50.243	2.220E-2	-0.174
50.277	2.185E-2	-0.174
50.310	1.986E-2	-0.174
50.343	1.775E-2	-0.175
50.377	1.685E-2	-0.173
50.410	1.105E-2	-0.174
50.444	4.983E-3	-0.174
50.477	-1.453E-3	-0.174
50.510	-7.637E-3	-0.174
50.544	-1.241E-2	-0.174
50.577	-1.755E-2	-0.173
50.610	-2.154E-2	-0.173
50.644	-2.447E-2	-0.172
50.677	-2.534E-2	-0.172
50.710	-2.512E-2	-0.172
50.744	-2.335E-2	-0.172
50.777	-1.997E-2	-0.173
50.811	-1.556E-2	-0.173
50.844	-1.115E-2	-0.174
50.877	-4.435E-3	-0.174
50.911	8.639E-4	-0.174
50.944	7.115E-3	-0.174
50.977	1.277E-2	-0.174
51.011	1.827E-2	-0.173
51.044	2.053E-2	-0.173
51.077	2.484E-2	-0.172
51.111	2.614E-2	-0.172
51.144	2.595E-2	-0.172
51.178	2.428E-2	-0.172
51.211	2.113E-2	-0.173
51.244	1.670E-2	-0.173
51.278	1.125E-2	-0.173
51.311	5.112E-3	-0.174
51.344	-1.221E-3	-0.174
51.378	-7.454E-3	-0.173
51.411	-1.286E-2	-0.173
51.444	-1.778E-2	-0.173
51.478	-2.180E-2	-0.172
51.511	-2.482E-2	-0.171
51.545	-2.637E-2	-0.171
51.578	-2.635E-2	-0.171
51.611	-2.485E-2	-0.171
51.645	-2.188E-2	-0.172
51.678	-1.780E-2	-0.173
51.711	-1.280E-2	-0.173
51.745	-7.355E-3	-0.173
51.778	-1.158E-3	-0.174
51.811	5.105E-3	-0.174
51.845	1.107E-2	-0.173
51.878	1.633E-2	-0.173
51.911	2.080E-2	-0.173
51.945	2.382E-2	-0.172
51.978	2.550E-2	-0.172
52.012	2.558E-2	-0.172
52.045	2.423E-2	-0.172
52.078	2.144E-2	-0.173
52.112	1.721E-2	-0.173
52.145	1.203E-2	-0.173
52.178	6.085E-3	-0.174
52.212	-2.243E-4	-0.174
52.245	-6.189E-3	-0.174
52.278	-1.218E-2	-0.173
52.312	-1.736E-2	-0.173
52.345	-2.154E-2	-0.172
52.379	-2.472E-2	-0.172
52.412	-2.636E-2	-0.171
52.445	-2.654E-2	-0.171
52.479	-2.534E-2	-0.171
52.512	-2.297E-2	-0.172
52.545	-1.928E-2	-0.172
52.579	-1.454E-2	-0.173
52.612	-8.972E-3	-0.173
52.645	-2.998E-3	-0.174
52.679	3.151E-3	-0.174
52.712	9.274E-3	-0.174
52.746	1.479E-2	-0.173
52.779	1.877E-2	-0.173
52.812	2.262E-2	-0.172
52.846	2.451E-2	-0.172
52.879	2.501E-2	-0.172
52.912	2.404E-2	-0.172
52.946	2.156E-2	-0.172
52.979	1.765E-2	-0.173
53.012	1.252E-2	-0.173
53.046	6.786E-3	-0.174
53.079	6.235E-4	-0.174
53.113	-5.320E-3	-0.174
53.146	-1.153E-2	-0.173
53.179	-1.696E-2	-0.173
53.213	-2.111E-2	-0.172
53.246	-2.454E-2	-0.172
53.279	-2.644E-2	-0.171
53.313	-2.726E-2	-0.171
53.346	-2.617E-2	-0.171
53.379	-2.407E-2	-0.172
53.413	-2.057E-2	-0.172
53.446	-1.609E-2	-0.173
53.480	-1.071E-2	-0.173
53.513	-1.316E-3	-0.173
53.546	4.889E-3	-0.173
53.580	1.092E-2	-0.173
53.613	1.627E-2	-0.173
53.646	2.090E-2	-0.172
53.680	2.339E-2	-0.172
53.713	2.564E-2	-0.171
53.746	2.644E-2	-0.171
53.780	2.565E-2	-0.171
53.813	2.349E-2	-0.172
53.846	2.002E-2	-0.172
53.880	1.431E-2	-0.172
53.913	8.776E-3	-0.173
53.947	2.593E-3	-0.173
53.980	-3.468E-3	-0.173
54.013	-9.201E-3	-0.172
54.047	-1.472E-2	-0.172
54.080	-1.919E-2	-0.171
54.113	-2.270E-2	-0.171
54.147	-2.486E-2	-0.170
54.180	-2.573E-2	-0.170
54.213	-2.523E-2	-0.170
54.247	-2.329E-2	-0.171
54.280	-2.003E-2	-0.171
54.314	-1.571E-2	-0.172
54.347	-1.059E-2	-0.172
54.380	-4.878E-3	-0.173
54.414	1.069E-3	-0.173
54.447	7.139E-3	-0.173
54.480	1.276E-2	-0.172
54.514	1.772E-2	-0.172
54.547	2.136E-2	-0.172
54.580	2.484E-2	-0.171
54.614	2.601E-2	-0.171
54.647	2.556E-2	-0.171
54.681	2.378E-2	-0.172
54.714	2.049E-2	-0.172
54.747	1.612E-2	-0.173
54.781	1.084E-2	-0.174
54.814	4.867E-3	-0.174
54.847	-1.399E-3	-0.174
54.881	-7.420E-3	-0.174
54.914	-1.254E-2	-0.173
54.947	-1.735E-2	-0.173
54.981	-2.118E-2	-0.172
55.014	-2.346E-2	-0.172
55.048	-2.475E-2	-0.172
55.081	-2.454E-2	-0.172
55.114	-2.288E-2	-0.172
55.148	-1.973E-2	-0.173
55.181	-1.607E-2	-0.173
55.214	-1.096E-2	-0.173
55.248	-5.444E-3	-0.174
55.281	6.334E-4	-0.174
55.314	6.612E-3	-0.174
55.348	1.243E-2	-0.174
55.381	1.723E-2	-0.173
55.415	2.139E-2	-0.173
55.448	2.397E-2	-0.172
55.481	2.484E-2	-0.172
55.515	2.472E-2	-0.172
55.548	2.324E-2	-0.172
55.581	2.021E-2	-0.172
55.615	1.610E-2	-0.173
55.648	1.094E-2	-0.173
55.681	5.086E-3	-0.173
55.715	-9.531E-4	-0.173
55.748	-6.867E-3	-0.173
55.781	-1.222E-2	-0.173
55.815	-1.716E-2	-0.172
55.848	-2.098E-2	-0.172
55.882	-2.354E-2	-0.171
55.915	-2.501E-2	-0.171
55.948	-2.502E-2	-0.171
55.982	-2.361E-2	-0.171
56.015	-2.108E-2	-0.172
56.048	-1.723E-2	-0.172
56.082	-1.244E-2	-0.173
56.115	-7.108E-3	-0.173
56.148	-1.245E-3	-0.173
56.182	4.768E-3	-0.173
56.215	1.051E-2	-0.173
56.249	1.561E-2	-0.173
56.282	1.983E-2	-0.172
56.315	2.283E-2	-0.172
56.349	2.441E-2	-0.172
56.382	2.455E-2	-0.172
56.415	2.337E-2	-0.172
56.449	2.069E-2	-0.172
56.482	1.675E-2	-0.173
56.515	1.186E-2	-0.173
56.549	6.173E-3	-0.173
56.582	2.387E-4	-0.173
56.616	-5.733E-3	-0.173
56.649	-1.117E-2	-0.173
56.682	-1.622E-2	-0.172
56.716	-2.036E-2	-0.172
56.749	-2.317E-2	-0.171
56.782	-2.484E-2	-0.171
56.816	-2.516E-2	-0.171
56.849	-2.428E-2	-0.171
56.882	-2.174E-2	-0.172
56.916	-1.812E-2	-0.172
56.949	-1.348E-2	-0.173
56.983	-8.469E-3	-0.173
57.016	-2.653E-3	-0.173
57.049	3.248E-3	-0.173
57.083	8.965E-3	-0.173
57.116	1.428E-2	-0.173
57.149	1.866E-2	-0.172
57.183	2.191E-2	-0.172
57.216	2.375E-2	-0.172
57.249	2.421E-2	-0.172
57.283	2.325E-2	-0.172
57.316	2.081E-2	-0.172
57.350	1.722E-2	-0.173
57.383	1.245E-2	-0.173
57.416	6.980E-3	-0.173
57.450	1.035E-3	-0.173
57.483	-4.699E-3	-0.173
57.516	-1.015E-2	-0.173
57.550	-1.543E-2	-0.173
57.583	-1.960E-2	-0.172
57.616	-2.289E-2	-0.171
57.650	-2.478E-2	-0.171
57.683	-2.521E-2	-0.171
57.716	-2.446E-2	-0.171
57.750	-2.216E-2	-0.172
57.783	-1.906E-2	-0.172
57.817	-1.469E-2	-0.173
57.850	-9.468E-3	-0.173
57.883	-3.900E-3	-0.173
57.917	1.934E-3	-0.173
57.950	7.763E-3	-0.173
57.983	1.313E-2	-0.173
58.017	1.771E-2	-0.173
58.050	2.107E-2	-0.172
58.083	2.312E-2	-0.172
58.117	2.391E-2	-0.172
58.150	2.316E-2	-0.172
58.184	2.111E-2	-0.172
58.217	1.764E-2	-0.173
58.250	1.313E-2	-0.173
58.284	7.880E-3	-0.173
58.317	2.033E-3	-0.173
58.350	-3.706E-3	-0.173
58.384	-9.298E-3	-0.173
58.417	-1.450E-2	-0.173
58.450	-1.902E-2	-0.172
58.484	-2.192E-2	-0.172
58.517	-2.402E-2	-0.171
58.551	-2.501E-2	-0.171
58.584	-2.448E-2	-0.171
58.617	-2.258E-2	-0.171
58.651	-1.952E-2	-0.172
58.684	-1.526E-2	-0.172
58.717	-1.057E-2	-0.173
58.751	-5.118E-3	-0.173
58.784	8.333E-4	-0.173
58.817	6.634E-3	-0.173
58.851	1.200E-2	-0.173
58.884	1.665E-2	-0.173
58.918	2.034E-2	-0.172
58.951	2.271E-2	-0.172
58.984	2.367E-2	-0.172
59.018	2.322E-2	-0.172
59.051	2.138E-2	-0.172
59.084	1.832E-2	-0.173
59.118	1.394E-2	-0.173
59.151	8.819E-3	-0.173
59.184	3.080E-3	-0.173
59.218	-2.615E-3	-0.173
59.251	-8.324E-3	-0.173
59.285	-1.318E-2	-0.173
59.318	-1.776E-2	-0.172
59.351	-2.135E-2	-0.172
59.385	-2.353E-2	-0.171
59.418	-2.472E-2	-0.171
59.451	-2.446E-2	-0.171
59.485	-2.280E-2	-0.171
59.518	-1.976E-2	-0.172
59.551	-1.579E-2	-0.172
59.585	-1.122E-2	-0.173
59.618	-5.922E-3	-0.173
59.651	-7.154E-5	-0.173
59.685	5.611E-3	-0.173
59.718	1.098E-2	-0.173
59.752	1.573E-2	-0.173
59.785	1.948E-2	-0.172
59.818	2.213E-2	-0.172
59.852	2.329E-2	-0.172
59.885	2.303E-2	-0.172
59.918	2.148E-2	-0.172
59.952	1.854E-2	-0.173
59.985	1.438E-2	-0.173
60.018	9.262E-3	-0.173
60.052	3.806E-3	-0.173
60.085	-1.921E-3	-0.173
60.119	-7.479E-3	-0.173
60.152	-1.242E-2	-0.173
60.185	-1.717E-2	-0.172
60.219	-2.091E-2	-0.172
60.252	-2.330E-2	-0.171
60.285	-2.465E-2	-0.171
60.319	-2.463E-2	-0.171
60.352	-2.321E-2	-0.171
60.385	-2.078E-2	-0.172
60.419	-1.704E-2	-0.172
60.452	-1.239E-2	-0.173
60.486	-7.358E-3	-0.173
60.519	-1.608E-3	-0.173
60.552	4.039E-3	-0.173
60.586	9.493E-3	-0.173
60.619	1.442E-2	-0.173
60.652	1.839E-2	-0.172
60.686	2.114E-2	-0.172
60.719	2.263E-2	-0.172
60.752	2.269E-2	-0.172
60.786	2.143E-2	-0.172
60.819	1.882E-2	-0.172
60.853	1.489E-2	-0.173
60.886	1.002E-2	-0.173
60.919	4.657E-3	-0.173
60.953	-1.032E-3	-0.173
60.986	-6.721E-3	-0.173
61.019	-1.187E-2	-0.173
61.053	-1.661E-2	-0.172
61.086	-2.055E-2	-0.172
61.119	-2.299E-2	-0.171
61.153	-2.454E-2	-0.171
61.186	-2.474E-2	-0.171
61.220	-2.350E-2	-0.171
61.253	-2.119E-2	-0.172
61.286	-1.760E-2	-0.172
61.320	-1.347E-2	-0.173
61.353	-8.250E-3	-0.173
61.386	-2.754E-3	-0.173
61.420	2.854E-3	-0.173
61.453	8.353E-3	-0.173
61.486	1.329E-2	-0.173
61.520	1.743E-2	-0.173
61.553	2.035E-2	-0.172
61.587	2.168E-2	-0.172
61.620	2.202E-2	-0.172
61.653	2.100E-2	-0.172
61.687	1.875E-2	-0.172
61.720	1.522E-2	-0.173
61.753	1.061E-2	-0.173
61.787	5.298E-3	-0.173
61.820	-3.164E-4	-0.173
61.853	-6.043E-3	-0.173
61.887	-1.134E-2	-0.173
61.920	-1.630E-2	-0.172
61.953	-2.033E-2	-0.172
61.987	-2.287E-2	-0.171
62.020	-2.468E-2	-0.171
62.054	-2.508E-2	-0.171
62.087	-2.428E-2	-0.171
62.120	-2.227E-2	-0.171
62.154	-1.888E-2	-0.172
62.187	-1.452E-2	-0.172
62.220	-9.834E-3	-0.173
62.254	-4.560E-3	-0.173
62.287	1.317E-3	-0.173
62.320	6.685E-3	-0.173
62.354	1.179E-2	-0.173
62.387	1.593E-2	-0.173
62.421	1.892E-2	-0.172
62.454	2.075E-2	-0.172
62.487	2.130E-2	-0.172
62.521	2.046E-2	-0.172
62.554	1.843E-2	-0.172
62.587	1.515E-2	-0.173
62.621	1.087E-2	-0.173
62.654	5.807E-3	-0.173
62.687	2.928E-4	-0.173
62.721	-5.462E-3	-0.173
62.754	-1.079E-2	-0.173
62.788	-1.520E-2	-0.172
62.821	-1.936E-2	-0.172
62.854	-2.277E-2	-0.171
62.888	-2.470E-2	-0.171
62.921	-2.523E-2	-0.171
62.954	-2.470E-2	-0.171
62.988	-2.282E-2	-0.171
63.021	-1.958E-2	-0.172
63.054	-1.544E-2	-0.172
63.088	-1.096E-2	-0.173
63.121	-5.275E-3	-0.173
63.155	1.947E-5	-0.173
63.188	5.519E-3	-0.173
63.221	1.065E-2	-0.173
63.255	1.490E-2	-0.173
63.288	1.806E-2	-0.172
63.321	2.012E-2	-0.172
63.355	2.092E-2	-0.172
63.388	2.041E-2	-0.172
63.421	1.870E-2	-0.172
63.455	1.570E-2	-0.172
63.488	1.164E-2	-0.173
63.522	6.763E-3	-0.173
63.555	1.263E-3	-0.173
63.588	-4.184E-3	-0.173
63.622	-9.308E-3	-0.173
63.655	-1.446E-2	-0.172
63.688	-1.889E-2	-0.172
63.722	-2.184E-2	-0.171
63.755	-2.437E-2	-0.171
63.788	-2.508E-2	-0.171
63.822	-2.471E-2	-0.171
63.855	-2.309E-2	-0.171
63.888	-1.995E-2	-0.172
63.922	-1.645E-2	-0.172
63.955	-1.169E-2	-0.173
63.989	-6.583E-3	-0.173
64.022	-1.172E-3	-0.173
64.055	4.312E-3	-0.173
64.089	9.467E-3	-0.173
64.122	1.389E-2	-0.173
64.155	1.743E-2	-0.172
64.189	1.965E-2	-0.172
64.222	2.062E-2	-0.172
64.255	2.039E-2	-0.172
64.289	1.893E-2	-0.172
64.322	1.611E-2	-0.172
64.356	1.235E-2	-0.173
64.389	7.482E-3	-0.173
64.422	2.163E-3	-0.173
64.456	-3.249E-3	-0.173
64.489	-8.710E-3	-0.173
64.522	-1.389E-2	-0.172
64.556	-1.773E-2	-0.172
64.589	-2.132E-2	-0.171
64.622	-2.350E-2	-0.171
64.656	-2.492E-2	-0.171
64.689	-2.487E-2	-0.171
64.723	-2.342E-2	-0.171
64.756	-2.107E-2	-0.171
64.789	-1.735E-2	-0.172
64.823	-1.276E-2	-0.172
64.856	-7.973E-3	-0.173
64.889	-2.519E-3	-0.173
64.923	2.954E-3	-0.173
64.956	8.041E-3	-0.173
64.989	1.270E-2	-0.173
65.023	1.627E-2	-0.172
65.056	1.871E-2	-0.172
65.090	2.000E-2	-0.172
65.123	2.002E-2	-0.172
65.156	1.871E-2	-0.172
65.190	1.630E-2	-0.172
65.223	1.253E-2	-0.173
65.256	7.888E-3	-0.173
65.290	2.647E-3	-0.173
65.323	-2.697E-3	-0.173
65.356	-8.103E-3	-0.173
65.390	-1.284E-2	-0.172
65.423	-1.740E-2	-0.172
65.457	-2.129E-2	-0.171
65.490	-2.351E-2	-0.171
65.523	-2.499E-2	-0.171
65.557	-2.504E-2	-0.171
65.590	-2.375E-2	-0.171
65.623	-2.157E-2	-0.171
65.657	-1.799E-2	-0.172
65.690	-1.350E-2	-0.172
65.723	-9.041E-3	-0.173
65.757	-3.703E-3	-0.173
65.790	1.546E-3	-0.173
65.823	6.751E-3	-0.173
65.857	1.150E-2	-0.173
65.890	1.537E-2	-0.173
65.924	1.808E-2	-0.172
65.957	1.959E-2	-0.172
65.990	1.982E-2	-0.172
66.024	1.871E-2	-0.172
66.057	1.637E-2	-0.172
66.090	1.296E-2	-0.173
66.124	8.612E-3	-0.173
66.157	3.570E-3	-0.173
66.190	-1.782E-3	-0.173
66.224	-7.276E-3	-0.173
66.257	-1.211E-2	-0.172
66.291	-1.685E-2	-0.172
66.324	-2.075E-2	-0.171
66.357	-2.309E-2	-0.171
66.391	-2.471E-2	-0.171
66.424	-2.497E-2	-0.171
66.457	-2.440E-2	-0.171
66.491	-2.245E-2	-0.171
66.524	-1.903E-2	-0.172
66.557	-1.477E-2	-0.172
66.591	-1.044E-2	-0.173
66.624	-5.372E-3	-0.173
66.658	2.133E-4	-0.173
66.691	5.229E-3	-0.173
66.724	9.920E-3	-0.173
66.758	1.400E-2	-0.173
66.791	1.712E-2	-0.172
66.824	1.830E-2	-0.172
66.858	1.924E-2	-0.172
66.891	1.809E-2	-0.172
66.924	1.582E-2	-0.172
66.958	1.316E-2	-0.173
66.991	8.922E-3	-0.173
67.025	4.025E-3	-0.173
67.058	-1.093E-3	-0.173
67.091	-6.479E-3	-0.173
67.125	-1.145E-2	-0.172
67.158	-1.629E-2	-0.172
67.191	-2.043E-2	-0.171
67.225	-2.271E-2	-0.171
67.258	-2.447E-2	-0.171
67.291	-2.577E-2	-0.171
67.325	-2.451E-2	-0.171
67.358	-2.257E-2	-0.171
67.392	-2.000E-2	-0.171
67.425	-1.605E-2	-0.172
67.458	-1.107E-2	-0.172
67.492	-6.173E-3	-0.173
67.525	-7.728E-4	-0.173
67.558	4.317E-3	-0.173
67.592	9.061E-3	-0.173
67.625	1.323E-2	-0.173
67.658	1.639E-2	-0.172
67.692	1.789E-2	-0.172
67.725	1.906E-2	-0.172
67.758	1.799E-2	-0.172
67.792	1.664E-2	-0.172
67.825	1.358E-2	-0.173
67.859	9.504E-3	-0.173
67.892	4.843E-3	-0.173
67.925	-3.753E-4	-0.173
67.959	-5.556E-3	-0.173
67.992	-1.044E-2	-0.172
68.025	-1.533E-2	-0.172
68.059	-1.945E-2	-0.171
68.092	-2.203E-2	-0.171
68.125	-2.397E-2	-0.171
68.159	-2.505E-2	-0.171
68.192	-2.493E-2	-0.171
68.226	-2.329E-2	-0.171
68.259	-2.002E-2	-0.171
68.292	-1.621E-2	-0.172
68.326	-1.231E-2	-0.172
68.359	-6.856E-3	-0.173
68.392	-2.071E-3	-0.173
68.426	3.115E-3	-0.173
68.459	7.944E-3	-0.173
68.492	1.201E-2	-0.173
68.526	1.556E-2	-0.172
68.559	1.781E-2	-0.172
68.593	1.870E-2	-0.172
68.626	1.838E-2	-0.172
68.659	1.638E-2	-0.172
68.693	1.366E-2	-0.172
68.726	1.003E-2	-0.173
68.759	5.578E-3	-0.173
68.793	5.525E-4	-0.173
68.826	-4.521E-3	-0.173
68.859	-9.609E-3	-0.172
68.893	-1.468E-2	-0.172
68.926	-1.818E-2	-0.172
68.960	-2.171E-2	-0.171
68.993	-2.364E-2	-0.171
69.026	-2.500E-2	-0.171
69.060	-2.491E-2	-0.171
69.093	-2.333E-2	-0.171
69.126	-2.035E-2	-0.171
69.160	-1.729E-2	-0.172
69.193	-1.268E-2	-0.172
69.226	-8.121E-3	-0.173
69.260	-2.863E-3	-0.173
69.293	2.226E-3	-0.173
69.327	7.097E-3	-0.173
69.360	1.145E-2	-0.173
69.393	1.490E-2	-0.172
69.427	1.727E-2	-0.172
69.460	1.841E-2	-0.172
69.493	1.831E-2	-0.172
69.527	1.642E-2	-0.172
69.560	1.435E-2	-0.172
69.593	1.058E-2	-0.173
69.627	6.225E-3	-0.173
69.660	1.345E-3	-0.173
69.694	-3.683E-3	-0.173
69.727	-8.667E-3	-0.172
69.760	-1.365E-2	-0.172
69.794	-1.739E-2	-0.172
69.827	-2.091E-2	-0.171
69.860	-2.313E-2	-0.171
69.894	-2.477E-2	-0.171
69.927	-2.466E-2	-0.171
69.960	-2.302E-2	-0.171
69.994	-2.062E-2	-0.171
70.027	-1.728E-2	-0.172
70.060	-1.347E-2	-0.172
70.094	-8.431E-3	-0.172
70.127	-3.295E-3	-0.173
70.161	1.673E-3	-0.173
70.194	6.447E-3	-0.173
70.227	1.106E-2	-0.173
70.261	1.456E-2	-0.172
70.294	1.691E-2	-0.172
70.327	1.812E-2	-0.172
70.361	1.833E-2	-0.172
70.394	1.719E-2	-0.172
70.427	1.484E-2	-0.172
70.461	1.145E-2	-0.172
70.494	7.291E-3	-0.173
70.528	2.474E-3	-0.173
70.561	-2.637E-3	-0.173
70.594	-7.703E-3	-0.172
70.628	-1.225E-2	-0.172
70.661	-1.673E-2	-0.172
70.694	-2.041E-2	-0.171
70.728	-2.268E-2	-0.171
70.761	-2.419E-2	-0.171
70.794	-2.422E-2	-0.171
70.828	-2.307E-2	-0.171
70.861	-2.092E-2	-0.171
70.895	-1.809E-2	-0.171
70.928	-1.386E-2	-0.172
70.961	-9.623E-3	-0.172
70.995	-4.568E-3	-0.173
71.028	5.879E-4	-0.173
71.061	5.485E-3	-0.173
71.095	9.841E-3	-0.173
71.128	1.355E-2	-0.172
71.161	1.624E-2	-0.172
71.195	1.766E-2	-0.172
71.228	1.743E-2	-0.172
71.262	1.642E-2	-0.172
71.295	1.469E-2	-0.172
71.328	1.158E-2	-0.172
71.362	7.445E-3	-0.173
71.395	2.859E-3	-0.173
71.428	-2.037E-3	-0.173
