	mass A		
t	x	y	
5.138	-6.245E-2	-0.203
5.171	-6.242E-2	-0.203
5.205	-6.235E-2	-0.203
5.238	-6.241E-2	-0.203
5.271	-6.238E-2	-0.203
5.305	-6.239E-2	-0.203
5.338	-6.232E-2	-0.203
5.371	-6.201E-2	-0.203
5.405	-5.996E-2	-0.203
5.438	-5.429E-2	-0.206
5.471	-4.773E-2	-0.208
5.505	-4.097E-2	-0.209
5.538	-3.131E-2	-0.212
5.571	-1.771E-2	-0.213
5.605	-3.767E-3	-0.214
5.638	5.926E-3	-0.214
5.672	1.852E-2	-0.214
5.705	3.170E-2	-0.212
5.738	4.254E-2	-0.210
5.772	5.244E-2	-0.208
5.805	5.785E-2	-0.207
5.838	6.215E-2	-0.205
5.872	6.245E-2	-0.206
5.905	5.836E-2	-0.208
5.938	5.243E-2	-0.209
5.972	4.490E-2	-0.211
6.005	3.799E-2	-0.212
6.039	2.559E-2	-0.213
6.072	1.500E-2	-0.214
6.105	2.218E-3	-0.215
6.139	-1.051E-2	-0.214
6.172	-2.364E-2	-0.213
6.205	-3.438E-2	-0.211
6.239	-4.218E-2	-0.209
6.272	-5.392E-2	-0.207
6.305	-5.807E-2	-0.205
6.339	-5.990E-2	-0.205
6.372	-5.800E-2	-0.205
6.406	-5.376E-2	-0.207
6.439	-4.809E-2	-0.208
6.472	-4.049E-2	-0.210
6.506	-2.954E-2	-0.212
6.539	-1.617E-2	-0.213
6.572	-1.825E-4	-0.213
6.606	1.262E-2	-0.213
6.639	2.582E-2	-0.212
6.672	3.776E-2	-0.210
6.706	4.505E-2	-0.209
6.739	5.219E-2	-0.207
6.773	5.949E-2	-0.207
6.806	6.134E-2	-0.204
6.839	6.073E-2	-0.204
6.873	5.763E-2	-0.206
6.906	5.194E-2	-0.208
6.939	4.429E-2	-0.209
6.973	3.392E-2	-0.211
7.006	2.141E-2	-0.212
7.039	6.118E-3	-0.213
7.073	-6.638E-3	-0.213
7.106	-1.995E-2	-0.211
7.140	-3.241E-2	-0.210
7.173	-3.948E-2	-0.209
7.206	-4.701E-2	-0.207
7.240	-5.330E-2	-0.205
7.273	-5.502E-2	-0.205
7.306	-5.511E-2	-0.205
7.340	-5.313E-2	-0.205
7.373	-4.796E-2	-0.207
7.406	-4.132E-2	-0.208
7.440	-3.150E-2	-0.210
7.473	-2.032E-2	-0.212
7.507	-7.665E-3	-0.213
7.540	-8.848E-5	-0.213
7.573	1.318E-2	-0.213
7.607	2.598E-2	-0.212
7.640	3.667E-2	-0.210
7.673	4.442E-2	-0.209
7.707	5.218E-2	-0.207
7.740	6.023E-2	-0.206
7.773	6.134E-2	-0.206
7.807	6.017E-2	-0.207
7.840	5.641E-2	-0.208
7.873	5.059E-2	-0.209
7.907	4.251E-2	-0.211
7.940	3.225E-2	-0.213
7.974	2.183E-2	-0.214
8.007	6.489E-3	-0.215
8.040	-4.471E-3	-0.215
8.074	-1.727E-2	-0.214
8.107	-2.867E-2	-0.212
8.140	-3.852E-2	-0.211
8.174	-4.577E-2	-0.209
8.207	-5.221E-2	-0.207
8.240	-5.528E-2	-0.206
8.274	-5.527E-2	-0.206
8.307	-5.176E-2	-0.207
8.341	-4.726E-2	-0.209
8.374	-3.871E-2	-0.210
8.407	-2.973E-2	-0.212
8.441	-2.220E-2	-0.213
8.474	-1.063E-2	-0.214
8.507	3.070E-3	-0.215
8.541	1.492E-2	-0.215
8.574	2.679E-2	-0.214
8.607	3.776E-2	-0.212
8.641	4.541E-2	-0.210
8.674	5.246E-2	-0.209
8.708	5.634E-2	-0.207
8.741	5.741E-2	-0.207
8.774	5.633E-2	-0.207
8.808	5.216E-2	-0.208
8.841	4.496E-2	-0.210
8.874	3.636E-2	-0.212
8.908	2.755E-2	-0.213
8.941	1.663E-2	-0.214
8.974	4.403E-3	-0.215
9.008	-7.061E-3	-0.215
9.041	-1.999E-2	-0.214
9.075	-2.959E-2	-0.212
9.108	-3.844E-2	-0.210
9.141	-4.574E-2	-0.209
9.175	-5.152E-2	-0.207
9.208	-5.361E-2	-0.207
9.241	-5.365E-2	-0.207
9.275	-5.078E-2	-0.208
9.308	-4.553E-2	-0.209
9.341	-3.797E-2	-0.211
9.375	-2.810E-2	-0.212
9.408	-1.949E-2	-0.214
9.442	-8.237E-3	-0.214
9.475	5.747E-3	-0.212
9.508	1.822E-2	-0.212
9.542	3.002E-2	-0.210
9.575	4.040E-2	-0.209
9.608	4.985E-2	-0.207
9.642	5.541E-2	-0.206
9.675	5.763E-2	-0.206
9.708	5.849E-2	-0.206
9.742	5.624E-2	-0.207
9.775	5.104E-2	-0.208
9.808	4.350E-2	-0.210
9.842	3.396E-2	-0.211
9.875	2.277E-2	-0.213
9.909	1.025E-2	-0.214
9.942	-2.675E-3	-0.214
9.975	-7.734E-3	-0.214
10.009	-2.001E-2	-0.212
10.042	-3.044E-2	-0.211
10.075	-3.932E-2	-0.209
10.109	-4.667E-2	-0.208
10.142	-5.092E-2	-0.206
10.175	-5.302E-2	-0.206
10.209	-5.206E-2	-0.206
10.242	-4.896E-2	-0.207
10.276	-4.335E-2	-0.209
10.309	-3.497E-2	-0.210
10.342	-2.473E-2	-0.212
10.376	-1.255E-2	-0.213
10.409	-3.257E-3	-0.214
10.442	9.442E-3	-0.214
10.476	2.195E-2	-0.213
10.509	2.977E-2	-0.212
10.542	3.967E-2	-0.210
10.576	4.798E-2	-0.209
10.609	5.419E-2	-0.207
10.643	5.572E-2	-0.207
10.676	5.587E-2	-0.207
10.709	5.340E-2	-0.207
10.743	4.802E-2	-0.208
10.776	4.097E-2	-0.210
10.809	3.127E-2	-0.212
10.843	2.007E-2	-0.213
10.876	7.866E-3	-0.214
10.909	-4.680E-3	-0.214
10.943	-1.733E-2	-0.213
10.976	-2.577E-2	-0.212
11.010	-3.258E-2	-0.211
11.043	-4.090E-2	-0.209
11.076	-4.689E-2	-0.208
11.110	-5.100E-2	-0.207
11.143	-5.211E-2	-0.206
11.176	-5.106E-2	-0.207
11.210	-4.778E-2	-0.207
11.243	-4.179E-2	-0.209
11.276	-3.343E-2	-0.211
11.310	-2.274E-2	-0.212
11.343	-1.108E-2	-0.213
11.377	9.520E-4	-0.214
11.410	1.350E-2	-0.214
11.443	2.265E-2	-0.213
11.477	3.070E-2	-0.212
11.510	4.029E-2	-0.210
11.543	4.794E-2	-0.209
11.577	5.302E-2	-0.207
11.610	5.539E-2	-0.207
11.643	5.523E-2	-0.207
11.677	5.256E-2	-0.207
11.710	4.693E-2	-0.209
11.744	3.879E-2	-0.210
11.777	2.912E-2	-0.212
11.810	1.782E-2	-0.213
11.844	5.409E-3	-0.214
11.877	-7.407E-3	-0.213
11.910	-1.954E-2	-0.212
11.944	-2.394E-2	-0.212
11.977	-3.400E-2	-0.210
12.010	-4.225E-2	-0.209
12.044	-4.802E-2	-0.207
12.077	-5.119E-2	-0.206
12.110	-5.209E-2	-0.206
12.144	-5.014E-2	-0.207
12.177	-4.590E-2	-0.208
12.211	-3.958E-2	-0.209
12.244	-3.053E-2	-0.211
12.277	-2.045E-2	-0.213
12.311	-8.991E-3	-0.214
12.344	4.154E-3	-0.214
12.377	1.706E-2	-0.213
12.411	2.896E-2	-0.212
12.444	3.242E-2	-0.211
12.477	4.171E-2	-0.210
12.511	4.841E-2	-0.208
12.544	5.311E-2	-0.207
12.578	5.505E-2	-0.207
12.611	5.417E-2	-0.207
12.644	5.080E-2	-0.208
12.678	4.485E-2	-0.209
12.711	3.696E-2	-0.211
12.744	2.697E-2	-0.212
12.778	1.561E-2	-0.213
12.811	3.717E-3	-0.214
12.844	-5.628E-3	-0.214
12.878	-1.745E-2	-0.213
12.911	-2.856E-2	-0.212
12.945	-3.640E-2	-0.210
12.978	-4.272E-2	-0.209
13.011	-4.851E-2	-0.207
13.045	-5.153E-2	-0.207
13.078	-5.151E-2	-0.206
13.111	-4.963E-2	-0.207
13.145	-4.514E-2	-0.208
13.178	-3.769E-2	-0.210
13.211	-3.006E-2	-0.211
13.245	-2.056E-2	-0.213
13.278	-1.063E-2	-0.214
13.312	1.348E-3	-0.214
13.345	1.396E-2	-0.214
13.378	2.578E-2	-0.213
13.412	3.437E-2	-0.211
13.445	4.309E-2	-0.210
13.478	5.003E-2	-0.208
13.512	5.337E-2	-0.207
13.545	5.459E-2	-0.207
13.578	5.332E-2	-0.207
13.612	4.952E-2	-0.208
13.645	4.305E-2	-0.210
13.679	3.445E-2	-0.211
13.712	2.424E-2	-0.213
13.745	1.287E-2	-0.214
13.779	7.743E-4	-0.214
13.812	-1.179E-2	-0.213
13.845	-2.075E-2	-0.213
13.879	-2.830E-2	-0.212
13.912	-3.774E-2	-0.210
13.945	-4.406E-2	-0.209
13.979	-4.848E-2	-0.207
14.012	-5.061E-2	-0.207
14.046	-5.053E-2	-0.207
14.079	-4.744E-2	-0.208
14.112	-4.262E-2	-0.209
14.146	-3.584E-2	-0.210
14.179	-2.589E-2	-0.212
14.212	-1.641E-2	-0.213
14.246	-6.234E-3	-0.214
14.279	4.064E-3	-0.214
14.312	1.645E-2	-0.213
14.346	2.760E-2	-0.212
14.379	3.637E-2	-0.211
14.412	4.463E-2	-0.209
14.446	4.981E-2	-0.208
14.479	5.326E-2	-0.207
14.513	5.413E-2	-0.207
14.546	5.218E-2	-0.208
14.579	4.809E-2	-0.209
14.613	4.108E-2	-0.210
14.646	3.207E-2	-0.212
14.679	2.127E-2	-0.213
14.713	9.691E-3	-0.214
14.746	-2.781E-3	-0.214
14.779	-1.528E-2	-0.213
14.813	-2.711E-2	-0.211
14.846	-2.929E-2	-0.211
14.880	-3.808E-2	-0.210
14.913	-4.458E-2	-0.208
14.946	-4.900E-2	-0.207
14.980	-5.013E-2	-0.207
15.013	-4.922E-2	-0.207
15.046	-4.603E-2	-0.208
15.080	-4.093E-2	-0.209
15.113	-3.259E-2	-0.211
15.146	-2.319E-2	-0.212
15.180	-1.208E-2	-0.213
15.213	7.033E-6	-0.214
15.247	1.243E-2	-0.214
15.280	2.445E-2	-0.213
15.313	2.829E-2	-0.212
15.347	3.780E-2	-0.211
15.380	4.522E-2	-0.209
15.413	5.011E-2	-0.208
15.447	5.316E-2	-0.207
15.480	5.317E-2	-0.207
15.513	5.076E-2	-0.208
15.547	4.585E-2	-0.209
15.580	3.876E-2	-0.210
15.614	2.947E-2	-0.212
15.647	1.851E-2	-0.213
15.680	6.589E-3	-0.214
15.714	-5.521E-3	-0.214
15.747	-1.756E-2	-0.213
15.780	-2.134E-2	-0.212
15.814	-3.124E-2	-0.211
15.847	-3.883E-2	-0.210
15.880	-4.494E-2	-0.208
15.914	-4.827E-2	-0.207
15.947	-4.939E-2	-0.207
15.981	-4.822E-2	-0.207
16.014	-4.477E-2	-0.208
16.047	-3.863E-2	-0.210
16.081	-3.098E-2	-0.211
16.114	-2.080E-2	-0.213
16.147	-9.170E-3	-0.214
16.181	2.916E-3	-0.214
16.214	1.512E-2	-0.214
16.247	1.935E-2	-0.213
16.281	2.996E-2	-0.212
16.314	3.927E-2	-0.210
16.347	4.606E-2	-0.209
16.381	5.086E-2	-0.208
16.414	5.248E-2	-0.208
16.448	5.221E-2	-0.208
16.481	4.951E-2	-0.208
16.514	4.415E-2	-0.209
16.548	3.649E-2	-0.211
16.581	2.685E-2	-0.212
16.614	1.593E-2	-0.213
16.648	3.906E-3	-0.214
16.681	-8.323E-3	-0.213
16.714	-1.986E-2	-0.212
16.748	-2.650E-2	-0.212
16.781	-3.637E-2	-0.210
16.815	-4.416E-2	-0.208
16.848	-4.624E-2	-0.208
16.881	-4.958E-2	-0.207
16.915	-4.961E-2	-0.207
16.948	-4.831E-2	-0.207
16.981	-4.391E-2	-0.208
17.015	-4.040E-2	-0.209
17.048	-3.168E-2	-0.211
17.081	-2.199E-2	-0.212
17.115	-1.011E-2	-0.213
17.148	-5.403E-4	-0.214
17.182	1.049E-2	-0.214
17.215	2.202E-2	-0.213
17.248	3.221E-2	-0.212
17.282	4.099E-2	-0.210
17.315	4.803E-2	-0.209
17.348	5.097E-2	-0.208
17.382	5.259E-2	-0.207
17.415	5.152E-2	-0.208
17.448	4.804E-2	-0.209
17.482	4.245E-2	-0.210
17.515	3.478E-2	-0.211
17.549	2.493E-2	-0.213
17.582	1.377E-2	-0.213
17.615	1.927E-3	-0.214
17.649	-9.982E-3	-0.213
17.682	-2.171E-2	-0.212
17.715	-2.872E-2	-0.211
17.749	-3.789E-2	-0.210
17.782	-4.448E-2	-0.208
17.815	-4.882E-2	-0.207
17.849	-4.953E-2	-0.207
17.882	-4.952E-2	-0.207
17.916	-4.729E-2	-0.207
17.949	-4.273E-2	-0.209
17.982	-3.599E-2	-0.210
18.016	-2.647E-2	-0.212
18.049	-1.640E-2	-0.213
18.082	-7.824E-3	-0.214
18.116	3.834E-3	-0.214
18.149	1.250E-2	-0.213
18.182	2.358E-2	-0.213
18.216	3.370E-2	-0.211
18.249	4.214E-2	-0.210
18.283	4.857E-2	-0.209
18.316	5.127E-2	-0.208
18.349	5.225E-2	-0.208
18.383	5.068E-2	-0.208
18.416	4.691E-2	-0.209
18.449	4.110E-2	-0.210
18.483	3.265E-2	-0.211
18.516	2.265E-2	-0.213
18.549	1.157E-2	-0.214
18.583	-4.493E-4	-0.214
18.616	-1.234E-2	-0.213
18.649	-2.362E-2	-0.212
18.683	-2.688E-2	-0.212
18.716	-3.525E-2	-0.210
18.750	-4.203E-2	-0.209
18.783	-4.667E-2	-0.208
18.816	-4.893E-2	-0.207
18.850	-4.870E-2	-0.207
18.883	-4.543E-2	-0.208
18.916	-4.057E-2	-0.209
18.950	-3.338E-2	-0.211
18.983	-2.428E-2	-0.212
19.016	-1.362E-2	-0.213
19.050	-5.898E-3	-0.214
19.083	6.203E-3	-0.214
19.117	1.765E-2	-0.213
19.150	2.538E-2	-0.212
19.183	3.513E-2	-0.211
19.217	4.310E-2	-0.210
19.250	4.800E-2	-0.209
19.283	5.082E-2	-0.208
19.317	5.157E-2	-0.208
19.350	4.956E-2	-0.208
19.383	4.528E-2	-0.209
19.417	3.861E-2	-0.210
19.450	3.008E-2	-0.212
19.484	2.014E-2	-0.213
19.517	8.845E-3	-0.214
19.550	-3.046E-3	-0.214
19.584	-1.450E-2	-0.213
19.617	-2.381E-2	-0.212
19.650	-3.155E-2	-0.211
19.684	-4.018E-2	-0.209
19.717	-4.370E-2	-0.209
19.750	-4.719E-2	-0.208
19.784	-4.827E-2	-0.207
19.817	-4.723E-2	-0.208
19.851	-4.378E-2	-0.209
19.884	-3.864E-2	-0.210
19.917	-3.117E-2	-0.211
19.951	-2.168E-2	-0.212
19.984	-1.420E-2	-0.213
20.017	-3.737E-3	-0.214
20.051	7.756E-3	-0.214
20.084	1.930E-2	-0.213
20.117	2.768E-2	-0.212
20.151	3.672E-2	-0.211
20.184	4.339E-2	-0.210
20.218	4.830E-2	-0.209
20.251	5.075E-2	-0.208
20.284	5.079E-2	-0.208
20.318	4.829E-2	-0.209
20.351	4.321E-2	-0.210
20.384	3.659E-2	-0.211
20.418	2.753E-2	-0.212
20.451	1.747E-2	-0.213
20.484	6.694E-3	-0.214
20.518	-3.999E-3	-0.214
20.551	-1.452E-2	-0.213
20.585	-2.466E-2	-0.212
20.618	-3.199E-2	-0.211
20.651	-3.919E-2	-0.210
20.685	-4.382E-2	-0.209
20.718	-4.732E-2	-0.208
20.751	-4.837E-2	-0.207
20.785	-4.633E-2	-0.208
20.818	-4.270E-2	-0.209
20.851	-3.759E-2	-0.210
20.885	-3.005E-2	-0.211
20.918	-2.229E-2	-0.213
20.951	-1.016E-2	-0.214
20.985	-1.457E-3	-0.214
21.018	9.751E-3	-0.214
21.052	2.080E-2	-0.213
21.085	3.111E-2	-0.212
21.118	3.824E-2	-0.211
21.152	4.442E-2	-0.209
21.185	4.851E-2	-0.209
21.218	5.061E-2	-0.208
21.252	4.968E-2	-0.208
21.285	4.679E-2	-0.209
21.318	4.142E-2	-0.210
21.352	3.412E-2	-0.211
21.385	2.479E-2	-0.213
21.419	1.410E-2	-0.213
21.452	2.461E-3	-0.214
21.485	-9.130E-3	-0.213
21.519	-2.010E-2	-0.212
21.552	-2.341E-2	-0.212
21.585	-3.271E-2	-0.211
21.619	-4.003E-2	-0.209
21.652	-4.482E-2	-0.208
21.685	-4.710E-2	-0.208
21.719	-4.712E-2	-0.208
21.752	-4.502E-2	-0.208
21.786	-4.123E-2	-0.209
21.819	-3.434E-2	-0.211
21.852	-2.584E-2	-0.212
21.886	-1.617E-2	-0.213
21.919	-9.218E-3	-0.214
21.952	9.155E-4	-0.214
21.986	1.175E-2	-0.214
22.019	2.216E-2	-0.213
22.052	3.172E-2	-0.212
22.086	3.983E-2	-0.210
22.119	4.545E-2	-0.209
22.153	4.920E-2	-0.208
22.186	5.036E-2	-0.208
22.219	4.923E-2	-0.208
22.253	4.546E-2	-0.209
22.286	3.963E-2	-0.210
22.319	3.168E-2	-0.212
22.353	2.209E-2	-0.213
22.386	1.112E-2	-0.213
22.419	-2.684E-4	-0.214
22.453	-1.192E-2	-0.213
22.486	-2.308E-2	-0.212
22.520	-3.305E-2	-0.211
22.553	-3.438E-2	-0.210
22.586	-4.125E-2	-0.209
22.620	-4.613E-2	-0.208
22.653	-4.712E-2	-0.208
22.686	-4.714E-2	-0.208
22.720	-4.505E-2	-0.208
22.753	-3.990E-2	-0.209
22.786	-3.278E-2	-0.211
22.820	-2.374E-2	-0.212
22.853	-1.669E-2	-0.213
22.886	-7.869E-3	-0.214
22.920	2.979E-3	-0.214
22.953	1.403E-2	-0.214
22.987	2.451E-2	-0.213
23.020	3.359E-2	-0.212
23.053	4.080E-2	-0.210
23.087	4.582E-2	-0.209
23.120	4.885E-2	-0.209
23.153	4.985E-2	-0.208
23.187	4.771E-2	-0.209
23.220	4.363E-2	-0.210
23.253	3.738E-2	-0.211
23.287	2.942E-2	-0.212
23.320	1.957E-2	-0.213
23.354	8.552E-3	-0.214
23.387	-2.890E-3	-0.214
23.420	-1.417E-2	-0.213
23.454	-2.478E-2	-0.212
23.487	-2.823E-2	-0.212
23.520	-3.646E-2	-0.210
23.554	-4.308E-2	-0.209
23.587	-4.531E-2	-0.208
23.620	-4.635E-2	-0.208
23.654	-4.624E-2	-0.208
23.687	-4.280E-2	-0.209
23.721	-3.760E-2	-0.210
23.754	-2.996E-2	-0.211
23.787	-2.189E-2	-0.213
23.821	-1.474E-2	-0.213
23.854	-4.340E-3	-0.214
23.887	5.370E-3	-0.214
23.921	1.585E-2	-0.213
23.954	2.609E-2	-0.213
23.987	3.457E-2	-0.211
24.021	4.218E-2	-0.210
24.054	4.653E-2	-0.209
24.088	4.891E-2	-0.209
24.121	4.894E-2	-0.208
24.154	4.661E-2	-0.209
24.188	4.210E-2	-0.210
24.221	3.558E-2	-0.211
24.254	2.713E-2	-0.212
24.288	1.722E-2	-0.213
24.321	6.384E-3	-0.214
24.354	-5.153E-3	-0.214
24.388	-1.419E-2	-0.213
24.421	-2.452E-2	-0.212
24.455	-3.041E-2	-0.211
24.488	-3.629E-2	-0.210
24.521	-4.165E-2	-0.209
24.555	-4.519E-2	-0.208
24.588	-4.636E-2	-0.208
24.621	-4.530E-2	-0.208
24.655	-4.155E-2	-0.209
24.688	-3.607E-2	-0.210
24.721	-2.822E-2	-0.212
24.755	-1.961E-2	-0.213
24.788	-9.352E-3	-0.214
24.822	-1.682E-3	-0.214
24.855	9.652E-3	-0.214
24.888	2.029E-2	-0.213
24.922	2.782E-2	-0.212
24.955	3.604E-2	-0.211
24.988	4.234E-2	-0.210
25.022	4.647E-2	-0.209
25.055	4.869E-2	-0.209
25.088	4.852E-2	-0.209
25.122	4.517E-2	-0.209
25.155	4.042E-2	-0.210
25.188	3.360E-2	-0.211
25.222	2.468E-2	-0.213
25.255	1.459E-2	-0.213
25.289	3.973E-3	-0.214
25.322	-7.226E-3	-0.214
25.355	-1.814E-2	-0.213
25.389	-2.151E-2	-0.213
25.422	-3.139E-2	-0.211
25.455	-3.724E-2	-0.210
25.489	-4.255E-2	-0.209
25.522	-4.511E-2	-0.208
25.555	-4.604E-2	-0.208
25.589	-4.386E-2	-0.209
25.622	-3.996E-2	-0.209
25.656	-3.421E-2	-0.211
25.689	-2.593E-2	-0.212
25.722	-1.632E-2	-0.213
25.756	-9.617E-3	-0.214
25.789	5.284E-3	-0.214
25.822	9.429E-3	-0.214
25.856	2.010E-2	-0.213
25.889	2.968E-2	-0.212
25.922	3.770E-2	-0.211
25.956	4.362E-2	-0.210
25.989	4.703E-2	-0.209
26.023	4.871E-2	-0.209
26.056	4.772E-2	-0.209
26.089	4.452E-2	-0.209
26.123	3.892E-2	-0.211
26.156	3.153E-2	-0.212
26.189	2.229E-2	-0.213
26.223	1.218E-2	-0.214
26.256	1.668E-3	-0.214
26.289	-1.006E-2	-0.213
26.323	-1.915E-2	-0.213
26.356	-2.797E-2	-0.212
26.390	-3.609E-2	-0.210
26.423	-3.870E-2	-0.210
26.456	-4.363E-2	-0.209
26.490	-4.596E-2	-0.208
26.523	-4.601E-2	-0.208
26.556	-4.367E-2	-0.209
26.590	-3.867E-2	-0.210
26.623	-3.255E-2	-0.211
26.656	-2.381E-2	-0.212
26.690	-1.686E-2	-0.213
26.723	-7.932E-3	-0.214
26.757	2.744E-3	-0.214
26.790	1.366E-2	-0.214
26.823	2.383E-2	-0.213
26.857	3.163E-2	-0.212
26.890	3.894E-2	-0.211
26.923	4.424E-2	-0.209
26.957	4.728E-2	-0.209
26.990	4.819E-2	-0.209
27.023	4.673E-2	-0.209
27.057	4.265E-2	-0.210
27.090	3.684E-2	-0.211
27.124	2.890E-2	-0.212
27.157	1.977E-2	-0.213
27.190	9.552E-3	-0.214
27.224	-1.631E-3	-0.214
27.257	-9.523E-3	-0.214
27.290	-1.959E-2	-0.213
27.324	-2.774E-2	-0.212
27.357	-3.587E-2	-0.210
27.390	-3.974E-2	-0.209
27.424	-4.352E-2	-0.209
27.457	-4.463E-2	-0.208
27.490	-4.464E-2	-0.208
27.524	-4.115E-2	-0.209
27.557	-3.685E-2	-0.210
27.591	-2.927E-2	-0.211
27.624	-2.097E-2	-0.213
27.657	-1.125E-2	-0.213
27.691	-4.012E-4	-0.214
27.724	5.961E-3	-0.214
27.757	1.480E-2	-0.213
27.791	2.464E-2	-0.213
27.824	3.333E-2	-0.211
27.857	4.028E-2	-0.210
27.891	4.464E-2	-0.209
27.924	4.731E-2	-0.209
27.958	4.753E-2	-0.209
27.991	4.538E-2	-0.209
28.024	4.114E-2	-0.210
28.058	3.471E-2	-0.211
28.091	2.625E-2	-0.212
28.124	1.657E-2	-0.213
28.158	6.074E-3	-0.214
28.191	-4.575E-3	-0.214
28.224	-1.291E-2	-0.213
28.258	-2.198E-2	-0.213
28.291	-2.975E-2	-0.211
28.325	-3.744E-2	-0.210
28.358	-4.266E-2	-0.209
28.391	-4.374E-2	-0.209
28.425	-4.479E-2	-0.208
28.458	-4.368E-2	-0.209
28.491	-4.000E-2	-0.209
28.525	-3.452E-2	-0.211
28.558	-2.752E-2	-0.212
28.591	-1.858E-2	-0.213
28.625	-8.887E-3	-0.214
28.658	2.367E-3	-0.214
28.692	8.164E-3	-0.214
28.725	1.811E-2	-0.213
28.758	2.693E-2	-0.212
28.792	3.511E-2	-0.211
28.825	4.181E-2	-0.210
28.858	4.514E-2	-0.209
28.892	4.722E-2	-0.209
28.925	4.690E-2	-0.209
28.958	4.419E-2	-0.209
28.992	3.902E-2	-0.210
29.025	3.223E-2	-0.212
29.059	2.365E-2	-0.213
29.092	1.369E-2	-0.213
29.125	2.970E-3	-0.214
29.159	-7.997E-3	-0.213
29.192	-1.872E-2	-0.213
29.225	-2.825E-2	-0.211
29.259	-2.953E-2	-0.211
29.292	-3.739E-2	-0.210
29.325	-4.153E-2	-0.209
29.359	-4.377E-2	-0.209
29.392	-4.394E-2	-0.208
29.425	-4.273E-2	-0.209
29.459	-3.882E-2	-0.210
29.492	-3.292E-2	-0.211
29.526	-2.574E-2	-0.212
29.559	-1.601E-2	-0.213
29.592	-9.291E-3	-0.214
29.626	1.152E-3	-0.214
29.659	9.567E-3	-0.214
29.692	1.979E-2	-0.213
29.726	2.878E-2	-0.212
29.759	3.647E-2	-0.211
29.792	4.175E-2	-0.210
29.826	4.556E-2	-0.209
29.859	4.694E-2	-0.209
29.893	4.588E-2	-0.209
29.926	4.263E-2	-0.210
29.959	3.703E-2	-0.211
29.993	2.982E-2	-0.212
30.026	2.094E-2	-0.213
30.059	1.100E-2	-0.214
30.093	2.189E-4	-0.214
30.126	-1.029E-2	-0.213
30.159	-2.097E-2	-0.212
30.193	-2.359E-2	-0.212
30.226	-3.277E-2	-0.211
30.260	-3.890E-2	-0.210
30.293	-4.277E-2	-0.209
30.326	-4.382E-2	-0.209
30.360	-4.352E-2	-0.209
30.393	-4.131E-2	-0.209
30.426	-3.727E-2	-0.210
30.460	-3.110E-2	-0.211
30.493	-2.292E-2	-0.212
30.526	-1.318E-2	-0.213
30.560	-2.632E-3	-0.214
30.593	8.060E-3	-0.214
30.627	1.841E-2	-0.213
30.660	2.147E-2	-0.213
30.693	3.043E-2	-0.212
30.727	3.752E-2	-0.211
30.760	4.307E-2	-0.210
30.793	4.592E-2	-0.209
30.827	4.666E-2	-0.209
30.860	4.526E-2	-0.209
30.893	4.122E-2	-0.210
30.927	3.540E-2	-0.211
30.960	2.767E-2	-0.212
30.994	1.852E-2	-0.213
31.027	8.368E-3	-0.214
31.060	-2.336E-3	-0.214
31.094	-1.296E-2	-0.213
31.127	-2.265E-2	-0.212
31.160	-2.588E-2	-0.212
31.194	-3.299E-2	-0.211
31.227	-3.899E-2	-0.210
31.260	-4.260E-2	-0.209
31.294	-4.381E-2	-0.209
31.327	-4.270E-2	-0.209
31.361	-4.014E-2	-0.209
31.394	-3.561E-2	-0.210
31.427	-2.908E-2	-0.211
31.461	-2.076E-2	-0.213
31.494	-1.083E-2	-0.213
31.527	-3.371E-4	-0.214
31.561	6.705E-3	-0.214
31.594	1.405E-2	-0.213
31.627	2.364E-2	-0.213
31.661	3.209E-2	-0.212
31.694	3.861E-2	-0.211
31.727	4.316E-2	-0.210
31.761	4.570E-2	-0.209
31.794	4.591E-2	-0.209
31.828	4.388E-2	-0.210
31.861	3.950E-2	-0.210
31.894	3.326E-2	-0.211
31.928	2.527E-2	-0.212
31.961	1.616E-2	-0.213
31.994	5.830E-3	-0.214
32.028	-4.450E-3	-0.214
32.061	-1.460E-2	-0.213
32.094	-2.181E-2	-0.213
32.128	-2.785E-2	-0.212
32.161	-3.578E-2	-0.210
32.195	-4.123E-2	-0.209
32.228	-4.223E-2	-0.209
32.261	-4.347E-2	-0.209
32.295	-4.231E-2	-0.209
32.328	-3.858E-2	-0.210
32.361	-3.420E-2	-0.211
32.395	-2.710E-2	-0.212
32.428	-1.813E-2	-0.213
32.461	-8.329E-3	-0.214
32.495	2.299E-3	-0.214
32.528	1.282E-2	-0.214
32.562	2.335E-2	-0.213
32.595	2.565E-2	-0.212
32.628	3.366E-2	-0.211
32.662	3.990E-2	-0.210
32.695	4.372E-2	-0.210
32.728	4.567E-2	-0.209
32.762	4.525E-2	-0.209
32.795	4.262E-2	-0.210
32.828	3.803E-2	-0.211
32.862	3.128E-2	-0.212
32.895	2.284E-2	-0.213
32.929	1.350E-2	-0.213
32.962	3.342E-3	-0.214
32.995	-7.182E-3	-0.213
33.029	-1.523E-2	-0.213
33.062	-2.321E-2	-0.212
33.095	-3.088E-2	-0.211
33.129	-3.707E-2	-0.210
33.162	-3.949E-2	-0.209
33.195	-4.201E-2	-0.209
33.229	-4.294E-2	-0.209
33.262	-4.074E-2	-0.209
33.296	-3.670E-2	-0.210
33.329	-3.200E-2	-0.211
33.362	-2.478E-2	-0.212
33.396	-1.555E-2	-0.213
33.429	-8.717E-3	-0.214
33.462	1.118E-3	-0.214
33.496	9.439E-3	-0.214
33.529	1.912E-2	-0.213
33.562	2.805E-2	-0.212
33.596	3.564E-2	-0.211
33.629	4.021E-2	-0.210
33.663	4.357E-2	-0.210
33.696	4.502E-2	-0.209
33.729	4.421E-2	-0.210
33.763	4.106E-2	-0.210
33.796	3.570E-2	-0.211
33.829	2.882E-2	-0.212
33.863	2.046E-2	-0.213
33.896	1.088E-2	-0.214
33.929	1.856E-3	-0.214
33.963	-8.114E-3	-0.214
33.996	-1.666E-2	-0.213
34.029	-2.587E-2	-0.212
34.063	-3.305E-2	-0.211
34.096	-3.883E-2	-0.210
34.130	-3.988E-2	-0.209
34.163	-4.218E-2	-0.209
34.196	-4.207E-2	-0.209
34.230	-3.956E-2	-0.209
34.263	-3.518E-2	-0.210
34.296	-2.890E-2	-0.211
34.330	-2.095E-2	-0.212
34.363	-1.189E-2	-0.213
34.396	-4.643E-3	-0.214
34.430	3.452E-3	-0.214
34.463	1.335E-2	-0.214
34.497	2.146E-2	-0.213
34.530	3.000E-2	-0.212
34.563	3.708E-2	-0.211
34.597	4.116E-2	-0.210
34.630	4.398E-2	-0.209
34.663	4.461E-2	-0.209
34.697	4.303E-2	-0.210
34.730	3.937E-2	-0.210
34.763	3.355E-2	-0.211
34.797	2.619E-2	-0.212
34.830	1.722E-2	-0.213
34.864	7.459E-3	-0.214
34.897	-2.731E-3	-0.214
34.930	-1.289E-2	-0.213
34.964	-2.228E-2	-0.212
34.997	-2.529E-2	-0.212
35.030	-3.263E-2	-0.211
35.064	-3.855E-2	-0.210
35.097	-4.097E-2	-0.209
35.130	-4.219E-2	-0.209
35.164	-4.096E-2	-0.209
35.197	-3.820E-2	-0.210
35.231	-3.361E-2	-0.211
35.264	-2.683E-2	-0.212
35.297	-1.828E-2	-0.213
35.331	-9.212E-3	-0.214
35.364	1.069E-3	-0.214
35.397	1.148E-2	-0.214
35.431	2.117E-2	-0.213
35.464	3.036E-2	-0.212
35.497	3.191E-2	-0.212
35.531	3.843E-2	-0.211
35.564	4.327E-2	-0.210
35.598	4.428E-2	-0.209
35.631	4.426E-2	-0.209
35.664	4.205E-2	-0.210
35.698	3.800E-2	-0.211
35.731	3.175E-2	-0.212
35.764	2.372E-2	-0.213
35.798	1.464E-2	-0.213
35.831	4.731E-3	-0.214
35.864	-5.671E-3	-0.213
35.898	-1.564E-2	-0.213
35.931	-2.515E-2	-0.212
35.964	-2.699E-2	-0.212
35.998	-3.403E-2	-0.211
36.031	-3.961E-2	-0.209
36.065	-4.090E-2	-0.209
36.098	-4.188E-2	-0.209
36.131	-4.067E-2	-0.209
36.165	-3.680E-2	-0.210
36.198	-3.210E-2	-0.211
36.231	-2.480E-2	-0.212
36.265	-1.576E-2	-0.213
36.298	-6.427E-3	-0.214
36.331	3.763E-3	-0.214
36.365	1.376E-2	-0.214
36.398	2.357E-2	-0.213
36.432	2.565E-2	-0.212
36.465	3.331E-2	-0.211
36.498	3.940E-2	-0.210
36.532	4.363E-2	-0.210
36.565	4.529E-2	-0.209
36.598	4.481E-2	-0.209
36.632	4.176E-2	-0.210
36.665	3.657E-2	-0.211
36.698	2.990E-2	-0.212
36.732	2.144E-2	-0.213
36.765	1.191E-2	-0.213
36.799	2.053E-3	-0.214
36.832	-8.078E-3	-0.213
36.865	-1.798E-2	-0.213
36.899	-2.008E-2	-0.213
36.932	-2.834E-2	-0.211
36.965	-3.498E-2	-0.210
36.999	-3.928E-2	-0.209
37.032	-4.046E-2	-0.209
37.065	-4.064E-2	-0.209
37.099	-3.912E-2	-0.209
37.132	-3.504E-2	-0.210
37.166	-3.008E-2	-0.211
37.199	-2.231E-2	-0.212
37.232	-1.366E-2	-0.213
37.266	-3.820E-3	-0.214
37.299	6.395E-3	-0.214
37.332	1.620E-2	-0.213
37.366	2.549E-2	-0.213
37.399	3.389E-2	-0.211
37.432	3.455E-2	-0.211
37.466	4.013E-2	-0.210
37.499	4.278E-2	-0.210
37.533	4.376E-2	-0.209
37.566	4.264E-2	-0.210
37.599	3.931E-2	-0.210
37.633	3.425E-2	-0.211
37.666	2.718E-2	-0.212
37.699	1.864E-2	-0.213
37.733	9.126E-3	-0.213
37.766	-9.228E-4	-0.214
37.799	-1.083E-2	-0.213
37.833	-2.039E-2	-0.212
37.866	-2.229E-2	-0.212
37.900	-3.010E-2	-0.211
37.933	-3.633E-2	-0.210
37.966	-4.045E-2	-0.209
38.000	-4.040E-2	-0.209
38.033	-4.039E-2	-0.209
38.066	-3.788E-2	-0.210
38.100	-3.339E-2	-0.211
38.133	-2.791E-2	-0.211
38.166	-1.990E-2	-0.213
38.200	-1.089E-2	-0.213
38.233	-1.140E-3	-0.214
38.266	8.879E-3	-0.214
38.300	1.891E-2	-0.213
38.333	2.798E-2	-0.212
38.367	2.912E-2	-0.212
38.400	3.586E-2	-0.211
38.433	4.101E-2	-0.210
38.467	4.395E-2	-0.209
38.500	4.457E-2	-0.209
38.533	4.279E-2	-0.210
38.567	3.873E-2	-0.210
38.600	3.272E-2	-0.211
38.633	2.526E-2	-0.212
38.667	1.646E-2	-0.213
38.700	7.168E-3	-0.214
38.734	-2.843E-3	-0.214
38.767	-1.270E-2	-0.213
38.800	-2.176E-2	-0.212
38.834	-2.979E-2	-0.211
38.867	-3.628E-2	-0.210
38.900	-4.161E-2	-0.209
38.934	-4.483E-2	-0.208
38.967	-4.610E-2	-0.208
39.000	-4.517E-2	-0.208
39.034	-4.259E-2	-0.209
39.067	-3.773E-2	-0.210
39.101	-3.153E-2	-0.211
39.134	-2.370E-2	-0.212
39.167	-1.500E-2	-0.213
39.201	-5.464E-3	-0.213
39.234	4.655E-3	-0.214
39.267	1.436E-2	-0.213
39.301	2.316E-2	-0.213
39.334	3.102E-2	-0.212
39.367	3.733E-2	-0.211
39.401	4.186E-2	-0.210
39.434	4.274E-2	-0.210
39.468	4.264E-2	-0.210
39.501	4.033E-2	-0.210
39.534	3.640E-2	-0.211
39.568	3.032E-2	-0.212
39.601	2.245E-2	-0.213
39.634	1.366E-2	-0.213
39.668	4.052E-3	-0.214
39.701	-5.257E-3	-0.214
39.734	-1.448E-2	-0.213
39.768	-2.299E-2	-0.212
39.801	-3.072E-2	-0.211
39.835	-3.689E-2	-0.210
39.868	-3.672E-2	-0.210
39.901	-3.943E-2	-0.209
39.935	-3.986E-2	-0.209
39.968	-3.833E-2	-0.210
40.001	-3.534E-2	-0.210
40.035	-3.044E-2	-0.211
40.068	-2.299E-2	-0.212
40.101	-1.483E-2	-0.213
40.135	-5.561E-3	-0.214
40.168	4.269E-3	-0.214
40.202	1.380E-2	-0.214
40.235	2.350E-2	-0.213
40.268	2.501E-2	-0.212
40.302	3.223E-2	-0.212
40.335	3.752E-2	-0.211
40.368	4.084E-2	-0.210
40.402	4.239E-2	-0.210
40.435	4.178E-2	-0.210
40.468	3.890E-2	-0.211
40.502	3.411E-2	-0.211
40.535	2.771E-2	-0.212
40.568	1.961E-2	-0.213
40.602	1.056E-2	-0.214
40.635	1.199E-3	-0.214
40.669	-8.465E-3	-0.214
40.702	-1.811E-2	-0.213
40.735	-2.699E-2	-0.212
40.769	-3.419E-2	-0.211
40.802	-3.910E-2	-0.210
40.835	-4.304E-2	-0.209
40.869	-4.546E-2	-0.208
40.902	-4.541E-2	-0.208
40.935	-4.321E-2	-0.209
40.969	-3.928E-2	-0.210
41.002	-3.423E-2	-0.211
41.036	-2.711E-2	-0.212
41.069	-1.852E-2	-0.213
41.102	-9.021E-3	-0.214
41.136	6.124E-4	-0.214
41.169	9.826E-3	-0.214
41.202	1.874E-2	-0.213
41.236	2.708E-2	-0.212
41.269	3.392E-2	-0.211
41.302	3.880E-2	-0.211
41.336	4.151E-2	-0.210
41.369	4.228E-2	-0.210
41.403	4.097E-2	-0.210
41.436	3.749E-2	-0.211
41.469	3.225E-2	-0.212
41.503	2.523E-2	-0.213
41.536	1.696E-2	-0.213
41.569	7.567E-3	-0.214
41.603	-2.216E-3	-0.214
41.636	-1.150E-2	-0.213
41.669	-2.053E-2	-0.212
41.703	-2.869E-2	-0.211
41.736	-3.534E-2	-0.210
41.770	-4.007E-2	-0.209
41.803	-4.364E-2	-0.209
41.836	-4.587E-2	-0.208
41.870	-4.493E-2	-0.208
41.903	-4.241E-2	-0.209
41.936	-3.824E-2	-0.210
41.970	-3.220E-2	-0.211
42.003	-2.471E-2	-0.212
42.036	-1.562E-2	-0.213
42.070	-6.428E-3	-0.214
42.103	3.299E-3	-0.214
42.137	1.271E-2	-0.214
42.170	2.130E-2	-0.213
42.203	2.871E-2	-0.212
42.237	3.461E-2	-0.211
42.270	3.903E-2	-0.211
42.303	4.092E-2	-0.210
42.337	4.111E-2	-0.210
42.370	3.934E-2	-0.211
42.403	3.562E-2	-0.211
42.437	2.997E-2	-0.212
42.470	2.264E-2	-0.213
42.503	1.414E-2	-0.213
42.537	5.145E-3	-0.214
42.570	-4.768E-3	-0.214
42.604	-1.433E-2	-0.213
42.637	-2.295E-2	-0.212
42.670	-3.074E-2	-0.211
42.704	-3.706E-2	-0.210
42.737	-4.213E-2	-0.209
42.770	-4.484E-2	-0.208
42.804	-4.593E-2	-0.208
42.837	-4.477E-2	-0.208
42.870	-4.138E-2	-0.209
42.904	-3.692E-2	-0.210
42.937	-3.047E-2	-0.211
42.971	-2.252E-2	-0.212
43.004	-1.314E-2	-0.213
43.037	-3.637E-3	-0.214
43.071	5.732E-3	-0.214
43.104	1.485E-2	-0.214
43.137	2.299E-2	-0.213
43.171	3.037E-2	-0.212
43.204	3.608E-2	-0.211
43.237	3.963E-2	-0.211
43.271	4.130E-2	-0.210
43.304	4.100E-2	-0.210
43.338	3.847E-2	-0.211
43.371	3.410E-2	-0.211
43.404	2.804E-2	-0.212
43.438	2.041E-2	-0.213
43.471	1.163E-2	-0.214
43.504	2.517E-3	-0.214
43.538	-7.150E-3	-0.214
43.571	-1.603E-2	-0.213
43.604	-2.492E-2	-0.212
43.638	-3.149E-2	-0.211
43.671	-3.749E-2	-0.210
43.705	-4.157E-2	-0.209
43.738	-4.416E-2	-0.209
43.771	-4.430E-2	-0.209
43.805	-4.284E-2	-0.209
43.838	-3.916E-2	-0.210
43.871	-3.442E-2	-0.211
43.905	-2.763E-2	-0.212
43.938	-1.941E-2	-0.213
43.971	-1.087E-2	-0.213
44.005	-1.230E-3	-0.214
44.038	8.352E-3	-0.214
44.072	1.704E-2	-0.213
44.105	2.530E-2	-0.213
44.138	3.182E-2	-0.212
44.172	3.679E-2	-0.211
44.205	3.990E-2	-0.211
44.238	4.114E-2	-0.210
44.272	4.013E-2	-0.210
44.305	3.719E-2	-0.211
44.338	3.236E-2	-0.212
44.372	2.589E-2	-0.213
44.405	1.796E-2	-0.213
44.439	9.056E-3	-0.214
44.472	1.252E-4	-0.214
44.505	-9.154E-3	-0.214
44.539	-1.836E-2	-0.213
44.572	-2.599E-2	-0.212
44.605	-3.289E-2	-0.211
44.639	-3.792E-2	-0.210
44.672	-3.642E-2	-0.210
44.705	-3.796E-2	-0.210
44.739	-3.793E-2	-0.210
44.772	-3.608E-2	-0.210
44.805	-3.164E-2	-0.211
44.839	-2.604E-2	-0.212
44.872	-1.925E-2	-0.213
44.906	-1.062E-2	-0.214
44.939	-1.482E-3	-0.214
44.972	8.217E-3	-0.214
45.006	1.045E-2	-0.214
45.039	1.895E-2	-0.213
45.072	2.684E-2	-0.212
45.106	3.296E-2	-0.212
45.139	3.750E-2	-0.211
45.172	3.990E-2	-0.210
45.206	4.044E-2	-0.210
45.239	3.905E-2	-0.211
45.273	3.563E-2	-0.211
45.306	3.039E-2	-0.212
45.339	2.343E-2	-0.213
45.373	1.526E-2	-0.213
45.406	6.262E-3	-0.214
45.439	-3.005E-3	-0.214
45.473	-1.156E-2	-0.213
45.506	-2.054E-2	-0.213
45.539	-2.761E-2	-0.212
45.573	-3.418E-2	-0.211
45.606	-3.881E-2	-0.210
45.640	-3.716E-2	-0.210
45.673	-3.769E-2	-0.210
45.706	-3.721E-2	-0.210
45.740	-3.441E-2	-0.211
45.773	-2.971E-2	-0.211
45.806	-2.395E-2	-0.212
45.840	-1.629E-2	-0.213
45.873	-7.739E-3	-0.214
45.906	1.682E-3	-0.214
45.940	1.080E-2	-0.214
45.973	1.326E-2	-0.214
46.007	2.161E-2	-0.213
46.040	2.881E-2	-0.212
46.073	3.477E-2	-0.211
46.107	3.822E-2	-0.211
46.140	4.009E-2	-0.210
46.173	4.009E-2	-0.210
46.207	3.817E-2	-0.211
46.240	3.420E-2	-0.211
46.273	2.842E-2	-0.212
46.307	2.118E-2	-0.213
46.340	1.281E-2	-0.214
46.374	4.093E-3	-0.214
46.407	-4.753E-3	-0.214
46.440	-1.372E-2	-0.213
46.474	-2.212E-2	-0.212
46.507	-2.872E-2	-0.212
46.540	-3.492E-2	-0.211
46.574	-3.477E-2	-0.211
46.607	-3.753E-2	-0.210
46.640	-3.767E-2	-0.210
46.674	-3.635E-2	-0.210
46.707	-3.333E-2	-0.211
46.741	-2.819E-2	-0.212
46.774	-2.160E-2	-0.213
46.807	-1.378E-2	-0.213
46.841	-4.905E-3	-0.214
46.874	4.602E-3	-0.214
46.907	1.363E-2	-0.214
46.941	2.229E-2	-0.213
46.974	3.000E-2	-0.212
47.007	3.046E-2	-0.212
47.041	3.550E-2	-0.211
47.074	3.881E-2	-0.211
47.107	4.015E-2	-0.211
47.141	3.956E-2	-0.211
47.174	3.697E-2	-0.211
47.208	3.238E-2	-0.212
47.241	2.601E-2	-0.213
47.274	1.847E-2	-0.213
47.308	9.573E-3	-0.214
47.341	8.186E-4	-0.214
47.374	-8.270E-3	-0.214
47.408	-1.760E-2	-0.213
47.441	-2.537E-2	-0.212
47.474	-3.159E-2	-0.211
47.508	-3.181E-2	-0.211
47.541	-3.500E-2	-0.211
47.575	-3.660E-2	-0.210
47.608	-3.642E-2	-0.210
47.641	-3.489E-2	-0.211
47.675	-3.158E-2	-0.211
47.708	-2.599E-2	-0.212
47.741	-1.905E-2	-0.213
47.775	-1.068E-2	-0.214
47.808	-1.825E-3	-0.214
47.841	7.528E-3	-0.214
47.875	1.024E-2	-0.214
47.908	1.842E-2	-0.213
47.942	2.608E-2	-0.213
47.975	3.195E-2	-0.212
48.008	3.639E-2	-0.211
48.042	3.878E-2	-0.211
48.075	3.962E-2	-0.211
48.108	3.841E-2	-0.211
48.142	3.509E-2	-0.211
48.175	3.028E-2	-0.212
48.208	2.348E-2	-0.213
48.242	1.555E-2	-0.213
48.275	7.194E-3	-0.214
48.309	-1.748E-3	-0.214
48.342	-1.112E-2	-0.213
48.375	-1.916E-2	-0.213
48.409	-2.633E-2	-0.212
48.442	-3.294E-2	-0.211
48.475	-3.761E-2	-0.210
48.509	-4.064E-2	-0.209
48.542	-4.195E-2	-0.209
48.575	-4.161E-2	-0.209
48.609	-3.911E-2	-0.210
48.642	-3.495E-2	-0.211
48.676	-2.971E-2	-0.211
48.709	-2.228E-2	-0.213
48.742	-1.429E-2	-0.213
48.776	-5.482E-3	-0.214
48.809	3.174E-3	-0.214
48.842	1.180E-2	-0.214
48.876	2.012E-2	-0.213
48.909	2.699E-2	-0.212
48.942	3.269E-2	-0.212
48.976	3.675E-2	-0.211
49.009	3.872E-2	-0.211
49.042	3.895E-2	-0.211
49.076	3.710E-2	-0.211
49.109	3.329E-2	-0.212
49.143	2.789E-2	-0.212
49.176	2.099E-2	-0.213
49.209	1.308E-2	-0.214
49.243	4.393E-3	-0.214
49.276	-4.880E-3	-0.214
49.309	-1.393E-2	-0.213
49.343	-2.230E-2	-0.212
49.376	-2.909E-2	-0.211
49.409	-3.544E-2	-0.210
49.443	-3.972E-2	-0.209
49.476	-4.235E-2	-0.209
49.510	-4.337E-2	-0.209
49.543	-4.218E-2	-0.209
49.576	-3.938E-2	-0.209
49.610	-3.414E-2	-0.211
49.643	-2.836E-2	-0.211
49.676	-2.068E-2	-0.212
49.710	-1.229E-2	-0.213
49.743	-3.871E-3	-0.214
49.776	5.579E-3	-0.214
49.810	1.417E-2	-0.214
49.843	2.200E-2	-0.213
49.877	2.845E-2	-0.212
49.910	3.333E-2	-0.212
49.943	3.687E-2	-0.211
49.977	3.840E-2	-0.211
50.010	3.814E-2	-0.211
50.043	3.586E-2	-0.211
50.077	3.148E-2	-0.212
50.110	2.568E-2	-0.213
50.143	1.867E-2	-0.213
50.177	1.037E-2	-0.214
50.210	1.789E-3	-0.214
50.244	-7.243E-3	-0.214
50.277	-1.570E-2	-0.213
50.310	-2.356E-2	-0.212
50.344	-2.994E-2	-0.211
50.377	-3.504E-2	-0.211
50.410	-3.921E-2	-0.210
50.444	-4.162E-2	-0.209
50.477	-4.172E-2	-0.209
50.510	-4.036E-2	-0.209
50.544	-3.666E-2	-0.210
50.577	-3.176E-2	-0.211
50.611	-2.575E-2	-0.212
50.644	-1.828E-2	-0.213
50.677	-9.540E-3	-0.214
50.711	-7.620E-4	-0.214
50.744	8.093E-3	-0.214
50.777	1.637E-2	-0.213
50.811	2.406E-2	-0.213
50.844	3.034E-2	-0.212
50.877	3.476E-2	-0.211
50.911	3.779E-2	-0.211
50.944	3.858E-2	-0.211
50.978	3.761E-2	-0.211
51.011	3.469E-2	-0.211
51.044	3.002E-2	-0.212
51.078	2.394E-2	-0.213
51.111	1.635E-2	-0.213
51.144	7.845E-3	-0.214
51.178	-5.309E-4	-0.214
51.211	-9.824E-3	-0.213
51.244	-1.794E-2	-0.213
51.278	-2.532E-2	-0.212
51.311	-3.221E-2	-0.211
51.344	-3.706E-2	-0.210
51.378	-4.001E-2	-0.209
51.411	-4.215E-2	-0.209
51.445	-4.196E-2	-0.209
51.478	-3.955E-2	-0.209
51.511	-3.554E-2	-0.210
51.545	-3.046E-2	-0.211
51.578	-2.327E-2	-0.212
51.611	-1.550E-2	-0.213
51.645	-6.927E-3	-0.214
51.678	1.967E-3	-0.214
51.711	1.037E-2	-0.214
51.745	1.867E-2	-0.213
51.778	2.570E-2	-0.213
51.812	3.172E-2	-0.212
51.845	3.569E-2	-0.211
51.878	3.783E-2	-0.211
51.912	3.817E-2	-0.211
51.945	3.673E-2	-0.211
51.978	3.328E-2	-0.212
52.012	2.809E-2	-0.212
52.045	2.151E-2	-0.213
52.078	1.390E-2	-0.214
52.112	5.388E-3	-0.214
52.145	-3.010E-3	-0.214
52.179	-1.191E-2	-0.213
52.212	-2.040E-2	-0.213
52.245	-2.731E-2	-0.212
52.279	-3.294E-2	-0.211
52.312	-3.746E-2	-0.210
52.345	-4.030E-2	-0.209
52.379	-4.160E-2	-0.209
52.412	-4.035E-2	-0.209
52.445	-3.771E-2	-0.210
52.479	-3.328E-2	-0.211
52.512	-2.785E-2	-0.212
52.546	-2.100E-2	-0.213
52.579	-1.285E-2	-0.213
52.612	-3.987E-3	-0.214
52.646	4.368E-3	-0.214
52.679	1.275E-2	-0.214
52.712	2.059E-2	-0.213
52.746	2.713E-2	-0.212
52.779	3.264E-2	-0.212
52.812	3.617E-2	-0.211
52.846	3.784E-2	-0.211
52.879	3.767E-2	-0.211
52.913	3.545E-2	-0.211
52.946	3.153E-2	-0.212
52.979	2.588E-2	-0.212
53.013	1.873E-2	-0.213
53.046	1.089E-2	-0.214
53.079	2.232E-3	-0.214
53.113	-6.068E-3	-0.214
53.146	-1.450E-2	-0.213
53.179	-2.249E-2	-0.212
53.213	-2.892E-2	-0.211
53.246	-3.403E-2	-0.210
53.280	-3.828E-2	-0.210
53.313	-4.090E-2	-0.209
53.346	-4.121E-2	-0.209
53.380	-3.973E-2	-0.209
53.413	-3.669E-2	-0.210
53.446	-3.197E-2	-0.211
53.480	-2.536E-2	-0.212
53.513	-1.810E-2	-0.213
53.546	-1.014E-2	-0.213
53.580	-1.819E-3	-0.214
53.613	6.812E-3	-0.214
53.646	1.518E-2	-0.213
53.680	2.252E-2	-0.213
53.713	2.861E-2	-0.212
53.747	3.343E-2	-0.211
53.780	3.618E-2	-0.211
53.813	3.738E-2	-0.211
53.847	3.646E-2	-0.211
53.880	3.377E-2	-0.211
53.913	2.947E-2	-0.212
53.947	2.351E-2	-0.213
53.980	1.626E-2	-0.213
54.013	7.987E-3	-0.214
54.047	-6.482E-4	-0.214
54.080	-9.174E-3	-0.213
54.114	-1.725E-2	-0.213
54.147	-2.476E-2	-0.212
54.180	-3.063E-2	-0.211
54.214	-3.554E-2	-0.210
54.247	-3.869E-2	-0.210
54.280	-4.093E-2	-0.209
54.314	-4.079E-2	-0.209
54.347	-3.841E-2	-0.210
54.380	-3.518E-2	-0.210
54.414	-2.951E-2	-0.211
54.447	-2.313E-2	-0.212
54.481	-1.547E-2	-0.213
54.514	-7.264E-3	-0.214
54.547	1.477E-3	-0.214
54.581	9.451E-3	-0.214
54.614	1.758E-2	-0.213
54.647	2.453E-2	-0.213
54.681	3.041E-2	-0.212
54.714	3.446E-2	-0.211
54.747	3.660E-2	-0.211
54.781	3.702E-2	-0.211
54.814	3.567E-2	-0.211
54.848	3.240E-2	-0.212
54.881	2.749E-2	-0.212
54.914	2.113E-2	-0.213
54.948	1.372E-2	-0.214
54.981	5.651E-3	-0.214
55.014	-2.694E-3	-0.214
55.048	-1.151E-2	-0.213
55.081	-1.901E-2	-0.213
55.114	-2.586E-2	-0.212
55.148	-3.158E-2	-0.211
55.181	-3.610E-2	-0.210
55.215	-3.898E-2	-0.210
55.248	-4.012E-2	-0.209
55.281	-3.909E-2	-0.210
55.315	-3.655E-2	-0.210
55.348	-3.284E-2	-0.211
55.381	-2.747E-2	-0.212
55.415	-2.089E-2	-0.213
55.448	-1.286E-2	-0.213
55.481	-4.924E-3	-0.214
55.515	3.793E-3	-0.214
55.548	1.197E-2	-0.214
55.581	1.954E-2	-0.213
55.615	2.612E-2	-0.212
55.648	3.125E-2	-0.212
55.682	3.480E-2	-0.211
55.715	3.652E-2	-0.211
55.748	3.644E-2	-0.211
55.782	3.450E-2	-0.211
55.815	3.065E-2	-0.212
55.848	2.530E-2	-0.213
55.882	1.890E-2	-0.213
55.915	1.102E-2	-0.214
55.948	2.976E-3	-0.214
55.982	-5.670E-3	-0.214
56.015	-1.407E-2	-0.213
56.049	-2.121E-2	-0.212
56.082	-2.776E-2	-0.212
56.115	-3.388E-2	-0.211
56.149	-3.731E-2	-0.210
56.182	-3.979E-2	-0.209
56.215	-4.007E-2	-0.209
56.249	-3.881E-2	-0.210
56.282	-3.591E-2	-0.210
56.315	-3.126E-2	-0.211
56.349	-2.550E-2	-0.212
56.382	-1.852E-2	-0.213
56.416	-1.024E-2	-0.214
56.449	-2.122E-3	-0.214
56.482	6.241E-3	-0.214
56.516	1.425E-2	-0.214
56.549	2.153E-2	-0.213
56.582	2.768E-2	-0.212
56.616	3.268E-2	-0.212
56.649	3.518E-2	-0.211
56.682	3.642E-2	-0.211
56.716	3.579E-2	-0.211
56.749	3.320E-2	-0.212
56.783	2.909E-2	-0.212
56.816	2.328E-2	-0.213
56.849	1.635E-2	-0.213
56.883	8.508E-3	-0.214
56.916	5.351E-4	-0.214
56.949	-7.932E-3	-0.214
56.983	-1.585E-2	-0.213
57.016	-2.326E-2	-0.212
57.049	-2.941E-2	-0.211
57.083	-3.427E-2	-0.210
57.116	-3.755E-2	-0.210
57.150	-3.914E-2	-0.210
57.183	-3.917E-2	-0.210
57.216	-3.759E-2	-0.210
57.250	-3.430E-2	-0.211
57.283	-2.948E-2	-0.211
57.316	-2.330E-2	-0.212
57.350	-1.591E-2	-0.213
57.383	-8.073E-3	-0.214
57.416	3.891E-4	-0.214
57.450	8.658E-3	-0.214
57.483	1.619E-2	-0.213
57.517	2.306E-2	-0.213
57.550	2.889E-2	-0.212
57.583	3.295E-2	-0.212
57.617	3.527E-2	-0.211
57.650	3.603E-2	-0.211
57.683	3.478E-2	-0.211
57.717	3.188E-2	-0.212
57.750	2.735E-2	-0.212
57.783	2.120E-2	-0.213
57.817	1.409E-2	-0.214
57.850	6.268E-3	-0.214
57.883	-1.911E-3	-0.214
57.917	-1.003E-2	-0.214
57.950	-1.845E-2	-0.213
57.984	-2.554E-2	-0.212
58.017	-3.113E-2	-0.211
58.050	-3.588E-2	-0.210
58.084	-3.868E-2	-0.210
58.117	-3.988E-2	-0.209
58.150	-3.952E-2	-0.209
58.184	-3.707E-2	-0.210
58.217	-3.289E-2	-0.211
58.250	-2.758E-2	-0.212
58.284	-2.106E-2	-0.213
58.317	-1.328E-2	-0.213
58.351	-5.726E-3	-0.214
58.384	2.854E-3	-0.214
58.417	1.066E-2	-0.214
58.451	1.833E-2	-0.213
58.484	2.493E-2	-0.213
58.517	3.015E-2	-0.212
58.551	3.353E-2	-0.212
58.584	3.539E-2	-0.211
58.617	3.547E-2	-0.211
58.651	3.365E-2	-0.212
58.684	3.014E-2	-0.212
58.718	2.502E-2	-0.213
58.751	1.889E-2	-0.213
58.784	1.133E-2	-0.214
58.818	3.744E-3	-0.214
58.851	-4.093E-3	-0.214
58.884	-1.253E-2	-0.213
58.918	-1.955E-2	-0.213
58.951	-2.619E-2	-0.212
58.984	-3.159E-2	-0.211
59.018	-3.518E-2	-0.210
59.051	-3.773E-2	-0.210
59.085	-3.816E-2	-0.210
59.118	-3.697E-2	-0.210
59.151	-3.467E-2	-0.211
59.185	-3.020E-2	-0.211
59.218	-2.462E-2	-0.212
59.251	-1.781E-2	-0.213
59.285	-1.043E-2	-0.214
59.318	-2.586E-3	-0.214
59.351	5.477E-3	-0.214
59.385	1.338E-2	-0.214
59.418	2.049E-2	-0.213
59.452	2.658E-2	-0.213
59.485	3.108E-2	-0.212
59.518	3.399E-2	-0.212
59.552	3.527E-2	-0.211
59.585	3.477E-2	-0.211
59.618	3.247E-2	-0.212
59.652	2.843E-2	-0.212
59.685	2.283E-2	-0.213
59.718	1.623E-2	-0.213
59.752	8.477E-3	-0.214
59.785	4.210E-4	-0.214
59.819	-7.262E-3	-0.214
59.852	-1.515E-2	-0.213
59.885	-2.251E-2	-0.212
59.919	-2.863E-2	-0.211
59.952	-3.290E-2	-0.211
59.985	-3.691E-2	-0.210
60.019	-3.859E-2	-0.210
60.052	-3.869E-2	-0.210
60.085	-3.715E-2	-0.210
60.119	-3.398E-2	-0.211
60.152	-2.909E-2	-0.211
60.185	-2.306E-2	-0.212
60.219	-1.586E-2	-0.213
60.252	-8.090E-3	-0.214
60.286	7.327E-5	-0.214
60.319	8.108E-3	-0.214
60.352	1.572E-2	-0.214
60.386	2.217E-2	-0.213
60.419	2.763E-2	-0.212
60.452	3.193E-2	-0.212
60.486	3.427E-2	-0.212
60.519	3.492E-2	-0.211
60.552	3.379E-2	-0.212
60.586	3.094E-2	-0.212
60.619	2.632E-2	-0.213
60.653	2.048E-2	-0.213
60.686	1.351E-2	-0.214
60.719	5.928E-3	-0.214
60.753	-1.984E-3	-0.214
60.786	-9.837E-3	-0.214
60.819	-1.716E-2	-0.213
60.853	-2.416E-2	-0.212
60.886	-2.987E-2	-0.211
60.919	-3.376E-2	-0.211
60.953	-3.669E-2	-0.210
60.986	-3.808E-2	-0.210
61.020	-3.783E-2	-0.210
61.053	-3.532E-2	-0.211
61.086	-3.170E-2	-0.211
61.120	-2.646E-2	-0.212
61.153	-2.007E-2	-0.213
61.186	-1.322E-2	-0.213
61.220	-5.139E-3	-0.214
61.253	2.511E-3	-0.214
61.286	1.062E-2	-0.214
61.320	1.767E-2	-0.213
61.353	2.410E-2	-0.213
61.387	2.922E-2	-0.212
61.420	3.274E-2	-0.212
61.453	3.461E-2	-0.211
61.487	3.458E-2	-0.211
61.520	3.290E-2	-0.212
61.553	2.945E-2	-0.212
61.587	2.447E-2	-0.213
61.620	1.831E-2	-0.213
61.653	1.089E-2	-0.214
61.687	3.368E-3	-0.214
61.720	-4.836E-3	-0.214
61.754	-1.235E-2	-0.213
61.787	-1.936E-2	-0.213
61.820	-2.583E-2	-0.212
61.854	-3.129E-2	-0.211
61.887	-3.484E-2	-0.210
61.920	-3.749E-2	-0.210
61.954	-3.781E-2	-0.210
61.987	-3.718E-2	-0.210
62.020	-3.441E-2	-0.211
62.054	-2.989E-2	-0.211
62.087	-2.501E-2	-0.212
62.120	-1.824E-2	-0.213
62.154	-1.092E-2	-0.213
62.187	-3.084E-3	-0.214
62.221	5.433E-3	-0.214
62.254	1.260E-2	-0.214
62.287	1.966E-2	-0.213
62.321	2.584E-2	-0.213
62.354	3.037E-2	-0.212
62.387	3.311E-2	-0.212
62.421	3.443E-2	-0.211
62.454	3.398E-2	-0.211
62.487	3.172E-2	-0.212
62.521	2.789E-2	-0.212
62.554	2.248E-2	-0.213
62.588	1.591E-2	-0.213
62.621	8.514E-3	-0.214
62.654	5.274E-4	-0.214
62.688	-7.012E-3	-0.214
62.721	-1.467E-2	-0.213
62.754	-2.198E-2	-0.212
62.788	-2.798E-2	-0.211
62.821	-3.289E-2	-0.211
62.854	-3.610E-2	-0.210
62.888	-3.783E-2	-0.210
62.921	-3.797E-2	-0.210
62.955	-3.644E-2	-0.210
62.988	-3.334E-2	-0.211
63.021	-2.844E-2	-0.211
63.055	-2.255E-2	-0.212
63.088	-1.609E-2	-0.213
63.121	-8.487E-3	-0.213
63.155	-6.129E-4	-0.214
63.188	7.294E-3	-0.214
63.221	1.477E-2	-0.213
63.255	2.134E-2	-0.213
63.288	2.673E-2	-0.212
63.322	3.082E-2	-0.212
63.355	3.321E-2	-0.211
63.388	3.388E-2	-0.211
63.422	3.288E-2	-0.211
63.455	3.024E-2	-0.212
63.488	2.594E-2	-0.212
63.522	2.035E-2	-0.213
63.555	1.361E-2	-0.213
63.588	6.161E-3	-0.214
63.622	-1.600E-3	-0.214
63.655	-9.369E-3	-0.213
63.689	-1.682E-2	-0.213
63.722	-2.361E-2	-0.212
63.755	-2.939E-2	-0.211
63.789	-3.341E-2	-0.210
63.822	-3.635E-2	-0.210
63.855	-3.768E-2	-0.210
63.889	-3.745E-2	-0.210
63.922	-3.564E-2	-0.210
63.955	-3.168E-2	-0.211
63.989	-2.659E-2	-0.212
64.022	-2.086E-2	-0.212
64.056	-1.346E-2	-0.213
64.089	-5.679E-3	-0.214
64.122	1.769E-3	-0.214
64.156	9.586E-3	-0.214
64.189	1.683E-2	-0.213
64.222	2.298E-2	-0.213
64.256	2.799E-2	-0.212
64.289	3.158E-2	-0.212
64.322	3.338E-2	-0.211
64.356	3.352E-2	-0.211
64.389	3.199E-2	-0.212
64.422	2.885E-2	-0.212
64.456	2.410E-2	-0.213
64.489	1.804E-2	-0.213
64.523	1.128E-2	-0.214
64.556	3.563E-3	-0.214
64.589	-3.955E-3	-0.214
64.623	-1.200E-2	-0.213
64.656	-1.914E-2	-0.213
64.689	-2.552E-2	-0.212
64.723	-3.095E-2	-0.211
64.756	-3.462E-2	-0.210
64.789	-3.722E-2	-0.210
64.823	-3.761E-2	-0.210
64.856	-3.649E-2	-0.210
64.890	-3.430E-2	-0.210
64.923	-3.002E-2	-0.211
64.956	-2.448E-2	-0.212
64.990	-1.853E-2	-0.213
65.023	-1.134E-2	-0.213
65.056	-3.405E-3	-0.214
65.090	4.244E-3	-0.214
65.123	1.161E-2	-0.213
65.156	1.845E-2	-0.213
65.190	2.427E-2	-0.213
65.223	2.879E-2	-0.212
65.257	3.176E-2	-0.212
65.290	3.300E-2	-0.212
65.323	3.265E-2	-0.212
65.357	3.060E-2	-0.212
65.390	2.693E-2	-0.212
65.423	2.187E-2	-0.213
65.457	1.567E-2	-0.213
65.490	8.639E-3	-0.214
65.523	9.344E-4	-0.214
65.557	-6.760E-3	-0.213
65.590	-1.452E-2	-0.213
65.624	-2.122E-2	-0.212
65.657	-2.731E-2	-0.211
65.690	-3.225E-2	-0.211
65.724	-3.554E-2	-0.210
65.757	-3.717E-2	-0.210
65.790	-3.728E-2	-0.210
65.824	-3.585E-2	-0.210
65.857	-3.276E-2	-0.211
65.890	-2.861E-2	-0.211
65.924	-2.279E-2	-0.212
65.957	-1.589E-2	-0.213
65.991	-8.428E-3	-0.213
66.024	-7.842E-4	-0.214
66.057	6.902E-3	-0.214
66.091	1.409E-2	-0.213
66.124	2.054E-2	-0.213
66.157	2.595E-2	-0.212
66.191	2.965E-2	-0.212
66.224	3.211E-2	-0.212
66.257	3.277E-2	-0.211
66.291	3.187E-2	-0.212
66.324	2.934E-2	-0.212
66.358	2.521E-2	-0.212
66.391	1.985E-2	-0.213
66.424	1.316E-2	-0.213
66.458	5.957E-3	-0.214
66.491	-1.575E-3	-0.214
66.524	-9.137E-3	-0.213
66.558	-1.637E-2	-0.213
66.591	-2.241E-2	-0.212
66.624	-2.814E-2	-0.211
66.658	-3.279E-2	-0.211
66.691	-3.578E-2	-0.210
66.724	-3.719E-2	-0.210
66.758	-3.640E-2	-0.210
66.791	-3.457E-2	-0.210
66.825	-3.113E-2	-0.211
66.858	-2.608E-2	-0.212
66.891	-1.989E-2	-0.212
66.925	-1.322E-2	-0.213
66.958	-5.537E-3	-0.214
66.991	1.786E-3	-0.214
67.025	9.316E-3	-0.214
67.058	1.637E-2	-0.213
67.091	2.223E-2	-0.213
67.125	2.720E-2	-0.212
67.158	3.043E-2	-0.212
67.192	3.223E-2	-0.212
67.225	3.243E-2	-0.212
67.258	3.095E-2	-0.212
67.292	2.783E-2	-0.212
67.325	2.324E-2	-0.213
67.358	1.754E-2	-0.213
67.392	1.074E-2	-0.214
67.425	3.601E-3	-0.214
67.458	-4.343E-3	-0.214
67.492	-1.156E-2	-0.213
67.525	-1.914E-2	-0.213
67.559	-2.487E-2	-0.212
67.592	-3.011E-2	-0.211
67.625	-3.369E-2	-0.210
67.659	-3.626E-2	-0.210
67.692	-3.675E-2	-0.210
67.725	-3.562E-2	-0.210
67.759	-3.345E-2	-0.211
67.792	-2.910E-2	-0.211
67.825	-2.363E-2	-0.212
67.859	-1.770E-2	-0.213
67.892	-1.071E-2	-0.213
67.926	-3.336E-3	-0.214
67.959	4.509E-3	-0.214
67.992	1.159E-2	-0.214
68.026	1.824E-2	-0.213
68.059	2.354E-2	-0.213
68.092	2.786E-2	-0.212
68.126	3.081E-2	-0.212
68.159	3.216E-2	-0.212
68.192	3.189E-2	-0.212
68.226	2.971E-2	-0.212
68.259	2.616E-2	-0.212
68.293	2.108E-2	-0.213
68.326	1.495E-2	-0.213
68.359	8.097E-3	-0.214
68.393	6.015E-4	-0.214
68.426	-6.954E-3	-0.213
68.459	-1.401E-2	-0.213
68.493	-2.028E-2	-0.212
68.526	-2.634E-2	-0.212
68.559	-3.050E-2	-0.211
68.593	-3.378E-2	-0.210
68.626	-3.555E-2	-0.210
68.659	-3.555E-2	-0.210
68.693	-3.411E-2	-0.211
68.726	-3.103E-2	-0.211
68.760	-2.691E-2	-0.212
68.793	-2.185E-2	-0.212
68.826	-1.499E-2	-0.213
68.860	-7.847E-3	-0.214
68.893	-3.608E-4	-0.214
68.926	7.066E-3	-0.214
68.960	1.399E-2	-0.214
68.993	2.018E-2	-0.213
69.026	2.538E-2	-0.213
69.060	2.907E-2	-0.212
69.093	3.152E-2	-0.212
69.127	3.200E-2	-0.212
69.160	3.118E-2	-0.212
69.193	2.855E-2	-0.212
69.227	2.447E-2	-0.213
69.260	1.936E-2	-0.213
69.293	1.270E-2	-0.214
69.327	5.817E-3	-0.214
69.360	-1.581E-3	-0.214
69.393	-8.908E-3	-0.214
69.427	-1.590E-2	-0.213
69.460	-2.181E-2	-0.212
69.494	-2.752E-2	-0.212
69.527	-3.152E-2	-0.211
69.560	-3.455E-2	-0.210
69.594	-3.594E-2	-0.210
69.627	-3.569E-2	-0.210
69.660	-3.326E-2	-0.211
69.694	-2.985E-2	-0.211
69.727	-2.550E-2	-0.212
69.760	-1.936E-2	-0.213
69.794	-1.279E-2	-0.213
69.827	-5.875E-3	-0.214
69.861	1.818E-3	-0.214
69.894	9.284E-3	-0.214
69.927	1.598E-2	-0.214
69.961	2.172E-2	-0.213
69.994	2.650E-2	-0.213
70.027	2.970E-2	-0.212
70.061	3.158E-2	-0.212
70.094	3.172E-2	-0.212
70.127	3.025E-2	-0.212
70.161	2.733E-2	-0.213
70.194	2.284E-2	-0.213
70.228	1.698E-2	-0.213
70.261	1.086E-2	-0.214
70.294	3.385E-3	-0.214
70.328	-3.822E-3	-0.214
70.361	-1.088E-2	-0.214
70.394	-1.778E-2	-0.213
70.428	-2.379E-2	-0.213
70.461	-2.898E-2	-0.212
70.494	-3.231E-2	-0.211
70.528	-3.448E-2	-0.211
70.561	-3.534E-2	-0.210
70.595	-3.447E-2	-0.211
70.628	-3.193E-2	-0.211
70.661	-2.861E-2	-0.211
70.695	-2.358E-2	-0.212
70.728	-1.728E-2	-0.213
70.761	-1.046E-2	-0.213
70.795	-3.248E-3	-0.214
70.828	3.751E-3	-0.214
70.861	1.131E-2	-0.214
70.895	1.762E-2	-0.213
70.928	2.309E-2	-0.213
70.961	2.728E-2	-0.213
70.995	3.008E-2	-0.212
71.028	3.114E-2	-0.212
71.062	3.075E-2	-0.212
71.095	2.878E-2	-0.212
71.128	2.533E-2	-0.213
71.162	2.048E-2	-0.213
