	mass A		
t	x	y	
1.902	-3.778E-2	-0.175
1.935	-3.771E-2	-0.175
1.968	-3.720E-2	-0.175
2.002	-3.476E-2	-0.174
2.035	-3.066E-2	-0.175
2.068	-2.401E-2	-0.176
2.102	-1.518E-2	-0.177
2.135	-4.909E-3	-0.178
2.169	5.946E-3	-0.178
2.202	1.696E-2	-0.177
2.235	2.618E-2	-0.176
2.269	3.337E-2	-0.175
2.302	3.797E-2	-0.174
2.335	3.989E-2	-0.173
2.369	3.855E-2	-0.173
2.402	3.466E-2	-0.174
2.435	2.769E-2	-0.176
2.469	1.913E-2	-0.177
2.502	8.779E-3	-0.178
2.536	-2.488E-3	-0.178
2.569	-1.315E-2	-0.177
2.602	-2.280E-2	-0.176
2.636	-3.024E-2	-0.175
2.669	-3.498E-2	-0.175
2.702	-3.733E-2	-0.174
2.736	-3.649E-2	-0.174
2.769	-3.201E-2	-0.175
2.802	-2.536E-2	-0.176
2.836	-1.642E-2	-0.177
2.869	-6.233E-3	-0.178
2.903	4.528E-3	-0.178
2.936	1.544E-2	-0.177
2.969	2.440E-2	-0.176
3.003	3.189E-2	-0.175
3.036	3.706E-2	-0.174
3.069	3.919E-2	-0.173
3.103	3.825E-2	-0.173
3.136	3.474E-2	-0.174
3.169	2.843E-2	-0.175
3.203	2.023E-2	-0.177
3.236	9.672E-3	-0.178
3.269	-1.285E-3	-0.178
3.303	-1.199E-2	-0.177
3.336	-2.087E-2	-0.177
3.370	-2.852E-2	-0.176
3.403	-3.424E-2	-0.175
3.436	-3.670E-2	-0.174
3.470	-3.629E-2	-0.174
3.503	-3.277E-2	-0.175
3.536	-2.647E-2	-0.176
3.570	-1.802E-2	-0.177
3.603	-7.576E-3	-0.178
3.636	3.202E-3	-0.178
3.670	1.381E-2	-0.177
3.703	2.297E-2	-0.176
3.737	3.090E-2	-0.175
3.770	3.639E-2	-0.174
3.803	3.865E-2	-0.173
3.837	3.828E-2	-0.173
3.870	3.505E-2	-0.174
3.903	2.925E-2	-0.175
3.937	2.133E-2	-0.177
3.970	1.099E-2	-0.178
4.003	9.198E-5	-0.178
4.037	-1.057E-2	-0.177
4.070	-1.987E-2	-0.177
4.104	-2.786E-2	-0.176
4.137	-3.367E-2	-0.175
4.170	-3.637E-2	-0.174
4.204	-3.627E-2	-0.174
4.237	-3.318E-2	-0.175
4.270	-2.731E-2	-0.176
4.304	-1.903E-2	-0.177
4.337	-8.709E-3	-0.178
4.370	1.642E-3	-0.178
4.404	1.253E-2	-0.177
4.437	2.183E-2	-0.176
4.471	3.000E-2	-0.175
4.504	3.535E-2	-0.174
4.537	3.811E-2	-0.173
4.571	3.810E-2	-0.173
4.604	3.557E-2	-0.174
4.637	2.992E-2	-0.175
4.671	2.187E-2	-0.176
4.704	1.242E-2	-0.177
4.737	1.619E-3	-0.178
4.771	-8.727E-3	-0.178
4.804	-1.887E-2	-0.177
4.838	-2.717E-2	-0.176
4.871	-3.319E-2	-0.175
4.904	-3.602E-2	-0.174
4.938	-3.633E-2	-0.174
4.971	-3.353E-2	-0.175
5.004	-2.781E-2	-0.176
5.038	-1.965E-2	-0.177
5.071	-9.899E-3	-0.178
5.104	1.825E-4	-0.178
5.138	1.066E-2	-0.178
5.171	2.089E-2	-0.177
5.205	2.875E-2	-0.175
5.238	3.461E-2	-0.174
5.271	3.786E-2	-0.174
5.305	3.843E-2	-0.174
5.338	3.592E-2	-0.174
5.371	3.068E-2	-0.175
5.405	2.301E-2	-0.177
5.438	1.342E-2	-0.178
5.471	3.160E-3	-0.178
5.505	-7.435E-3	-0.178
5.538	-1.709E-2	-0.177
5.571	-2.546E-2	-0.176
5.605	-3.150E-2	-0.175
5.638	-3.510E-2	-0.174
5.672	-3.543E-2	-0.174
5.705	-3.313E-2	-0.175
5.738	-2.830E-2	-0.176
5.772	-2.071E-2	-0.177
5.805	-1.103E-2	-0.178
5.838	-7.050E-4	-0.178
5.872	9.406E-3	-0.178
5.905	1.950E-2	-0.177
5.938	2.756E-2	-0.175
5.972	3.361E-2	-0.175
6.005	3.718E-2	-0.174
6.039	3.820E-2	-0.174
6.072	3.592E-2	-0.174
6.105	3.123E-2	-0.175
6.139	2.365E-2	-0.176
6.172	1.474E-2	-0.177
6.205	4.341E-3	-0.178
6.239	-6.126E-3	-0.178
6.272	-1.582E-2	-0.177
6.305	-2.452E-2	-0.176
6.339	-3.092E-2	-0.175
6.372	-3.458E-2	-0.175
6.406	-3.522E-2	-0.174
6.439	-3.381E-2	-0.175
6.472	-2.856E-2	-0.176
6.506	-2.137E-2	-0.177
6.539	-1.268E-2	-0.177
6.572	-2.457E-3	-0.178
6.606	8.394E-3	-0.178
6.639	1.819E-2	-0.177
6.672	2.629E-2	-0.176
6.706	3.269E-2	-0.175
6.739	3.683E-2	-0.174
6.773	3.788E-2	-0.174
6.806	3.598E-2	-0.174
6.839	3.147E-2	-0.175
6.873	2.442E-2	-0.176
6.906	1.599E-2	-0.177
6.939	5.596E-3	-0.178
6.973	-4.790E-3	-0.178
7.006	-1.473E-2	-0.177
7.039	-2.341E-2	-0.176
7.073	-3.026E-2	-0.175
7.106	-3.431E-2	-0.175
7.140	-3.505E-2	-0.174
7.173	-3.378E-2	-0.175
7.206	-2.891E-2	-0.176
7.240	-2.204E-2	-0.177
7.273	-1.363E-2	-0.177
7.306	-3.511E-3	-0.178
7.340	6.824E-3	-0.178
7.373	1.678E-2	-0.177
7.406	2.538E-2	-0.176
7.440	3.191E-2	-0.175
7.473	3.606E-2	-0.174
7.507	3.732E-2	-0.174
7.540	3.594E-2	-0.174
7.573	3.184E-2	-0.175
7.607	2.529E-2	-0.176
7.640	1.681E-2	-0.177
7.673	6.547E-3	-0.178
7.707	-3.621E-3	-0.178
7.740	-1.360E-2	-0.177
7.773	-2.255E-2	-0.176
7.807	-2.896E-2	-0.176
7.840	-3.380E-2	-0.175
7.873	-3.497E-2	-0.174
7.907	-3.387E-2	-0.175
7.940	-2.950E-2	-0.176
7.974	-2.340E-2	-0.176
8.007	-1.460E-2	-0.177
8.040	-4.784E-3	-0.178
8.074	5.483E-3	-0.178
8.107	1.572E-2	-0.177
8.140	2.385E-2	-0.176
8.174	3.110E-2	-0.175
8.207	3.540E-2	-0.174
8.240	3.719E-2	-0.174
8.274	3.601E-2	-0.174
8.307	3.230E-2	-0.175
8.341	2.639E-2	-0.176
8.374	1.777E-2	-0.177
8.407	8.172E-3	-0.178
8.441	-2.172E-3	-0.178
8.474	-1.201E-2	-0.177
8.507	-2.051E-2	-0.177
8.541	-2.803E-2	-0.176
8.574	-3.313E-2	-0.175
8.607	-3.447E-2	-0.174
8.641	-3.394E-2	-0.175
8.674	-3.052E-2	-0.175
8.708	-2.410E-2	-0.176
8.741	-1.546E-2	-0.177
8.774	-6.096E-3	-0.178
8.808	4.006E-3	-0.178
8.841	1.411E-2	-0.177
8.874	2.272E-2	-0.176
8.908	3.002E-2	-0.175
8.941	3.463E-2	-0.174
8.974	3.676E-2	-0.174
9.008	3.607E-2	-0.174
9.041	3.268E-2	-0.175
9.075	2.691E-2	-0.176
9.108	1.909E-2	-0.177
9.141	9.470E-3	-0.178
9.175	-7.674E-4	-0.178
9.208	-1.045E-2	-0.178
9.241	-1.962E-2	-0.177
9.275	-2.731E-2	-0.176
9.308	-3.180E-2	-0.175
9.341	-3.438E-2	-0.175
9.375	-3.403E-2	-0.175
9.408	-3.063E-2	-0.175
9.442	-2.451E-2	-0.176
9.475	-1.634E-2	-0.177
9.508	-7.299E-3	-0.178
9.542	2.366E-3	-0.178
9.575	1.278E-2	-0.177
9.608	2.182E-2	-0.177
9.642	2.882E-2	-0.175
9.675	3.394E-2	-0.174
9.708	3.652E-2	-0.174
9.742	3.603E-2	-0.174
9.775	3.321E-2	-0.175
9.808	2.753E-2	-0.176
9.842	1.993E-2	-0.177
9.875	1.080E-2	-0.178
9.909	5.308E-4	-0.178
9.942	-9.175E-3	-0.178
9.975	-1.887E-2	-0.177
10.009	-2.623E-2	-0.176
10.042	-3.121E-2	-0.175
10.075	-3.391E-2	-0.175
10.109	-3.387E-2	-0.175
10.142	-3.079E-2	-0.175
10.175	-2.551E-2	-0.176
10.209	-1.783E-2	-0.177
10.242	-8.471E-3	-0.178
10.276	1.190E-3	-0.178
10.309	1.148E-2	-0.178
10.342	2.055E-2	-0.177
10.376	2.765E-2	-0.175
10.409	3.321E-2	-0.175
10.442	3.594E-2	-0.174
10.476	3.598E-2	-0.174
10.509	3.334E-2	-0.174
10.542	2.811E-2	-0.175
10.576	2.060E-2	-0.176
10.609	1.167E-2	-0.177
10.643	1.768E-3	-0.178
10.676	-7.985E-3	-0.178
10.709	-1.761E-2	-0.177
10.743	-2.536E-2	-0.176
10.776	-3.057E-2	-0.175
10.809	-3.377E-2	-0.174
10.843	-3.386E-2	-0.174
10.876	-3.121E-2	-0.175
10.909	-2.618E-2	-0.176
10.943	-1.889E-2	-0.177
10.976	-9.849E-3	-0.178
11.010	-9.132E-5	-0.178
11.043	1.015E-2	-0.178
11.076	1.916E-2	-0.177
11.110	2.681E-2	-0.176
11.143	3.216E-2	-0.175
11.176	3.533E-2	-0.174
11.210	3.584E-2	-0.174
11.243	3.343E-2	-0.174
11.276	2.871E-2	-0.175
11.310	2.122E-2	-0.176
11.343	1.286E-2	-0.177
11.377	2.938E-3	-0.178
11.410	-6.612E-3	-0.178
11.443	-1.645E-2	-0.177
11.477	-2.402E-2	-0.176
11.510	-3.001E-2	-0.175
11.543	-3.326E-2	-0.175
11.577	-3.381E-2	-0.174
11.610	-3.192E-2	-0.175
11.643	-2.677E-2	-0.176
11.677	-1.958E-2	-0.177
11.710	-1.106E-2	-0.177
11.744	-1.378E-3	-0.178
11.777	8.767E-3	-0.178
11.810	1.781E-2	-0.177
11.844	2.566E-2	-0.176
11.877	3.131E-2	-0.175
11.910	3.471E-2	-0.174
11.944	3.533E-2	-0.174
11.977	3.346E-2	-0.174
12.010	2.889E-2	-0.175
12.044	2.188E-2	-0.176
12.077	1.396E-2	-0.177
12.110	3.991E-3	-0.178
12.144	-5.480E-3	-0.178
12.177	-1.557E-2	-0.177
12.211	-2.311E-2	-0.176
12.244	-2.937E-2	-0.175
12.277	-3.276E-2	-0.175
12.311	-3.334E-2	-0.174
12.344	-3.138E-2	-0.175
12.377	-2.710E-2	-0.176
12.411	-2.007E-2	-0.177
12.444	-1.179E-2	-0.177
12.477	-2.546E-3	-0.178
12.511	7.568E-3	-0.178
12.544	1.654E-2	-0.177
12.578	2.479E-2	-0.176
12.611	3.077E-2	-0.175
12.644	3.453E-2	-0.174
12.678	3.535E-2	-0.174
12.711	3.391E-2	-0.174
12.744	2.956E-2	-0.175
12.778	2.305E-2	-0.176
12.811	1.475E-2	-0.177
12.844	5.483E-3	-0.178
12.878	-4.189E-3	-0.178
12.911	-1.368E-2	-0.177
12.945	-2.146E-2	-0.177
12.978	-2.801E-2	-0.176
13.011	-3.185E-2	-0.175
13.045	-3.330E-2	-0.175
13.078	-3.142E-2	-0.175
13.111	-2.745E-2	-0.176
13.145	-2.040E-2	-0.177
13.178	-1.265E-2	-0.177
13.211	-3.415E-3	-0.178
13.245	6.309E-3	-0.178
13.278	1.581E-2	-0.177
13.312	2.371E-2	-0.176
13.345	3.013E-2	-0.175
13.378	3.393E-2	-0.174
13.412	3.528E-2	-0.174
13.445	3.396E-2	-0.175
13.478	3.024E-2	-0.175
13.512	2.371E-2	-0.176
13.545	1.602E-2	-0.177
13.578	6.798E-3	-0.178
13.612	-3.204E-3	-0.178
13.645	-1.247E-2	-0.177
13.679	-2.036E-2	-0.177
13.712	-2.725E-2	-0.176
13.745	-3.121E-2	-0.175
13.779	-3.302E-2	-0.175
13.812	-3.140E-2	-0.175
13.845	-2.753E-2	-0.176
13.879	-2.107E-2	-0.177
13.912	-1.355E-2	-0.177
13.945	-4.263E-3	-0.178
13.979	5.178E-3	-0.178
14.012	1.481E-2	-0.177
14.045	2.250E-2	-0.176
14.079	2.907E-2	-0.175
14.112	3.333E-2	-0.175
14.146	3.480E-2	-0.174
14.179	3.391E-2	-0.174
14.212	3.020E-2	-0.175
14.246	2.435E-2	-0.176
14.279	1.673E-2	-0.177
14.312	7.501E-3	-0.178
14.346	-2.102E-3	-0.178
14.379	-1.142E-2	-0.177
14.412	-1.953E-2	-0.177
14.446	-2.657E-2	-0.176
14.479	-3.078E-2	-0.175
14.513	-3.272E-2	-0.175
14.546	-3.197E-2	-0.175
14.579	-2.796E-2	-0.176
14.613	-2.231E-2	-0.176
14.646	-1.438E-2	-0.177
14.679	-5.236E-3	-0.178
14.713	3.896E-3	-0.178
14.746	1.347E-2	-0.177
14.779	2.171E-2	-0.177
14.813	2.821E-2	-0.175
14.846	3.264E-2	-0.175
14.880	3.458E-2	-0.174
14.913	3.393E-2	-0.174
14.946	3.074E-2	-0.175
14.980	2.502E-2	-0.176
15.013	1.737E-2	-0.177
15.046	8.723E-3	-0.178
15.080	-8.765E-4	-0.178
15.113	-9.809E-3	-0.178
15.146	-1.883E-2	-0.177
15.180	-2.496E-2	-0.176
15.213	-2.930E-2	-0.176
15.247	-3.146E-2	-0.175
15.280	-3.125E-2	-0.175
15.313	-2.805E-2	-0.176
15.347	-2.211E-2	-0.177
15.380	-1.494E-2	-0.177
15.413	-6.244E-3	-0.178
15.447	3.043E-3	-0.178
15.480	1.234E-2	-0.178
15.513	2.066E-2	-0.177
15.547	2.735E-2	-0.176
15.580	3.205E-2	-0.175
15.614	3.411E-2	-0.174
15.647	3.376E-2	-0.175
15.680	3.081E-2	-0.175
15.714	2.547E-2	-0.176
15.747	1.820E-2	-0.177
15.780	9.668E-3	-0.178
15.814	2.228E-4	-0.178
15.847	-8.854E-3	-0.178
15.880	-1.721E-2	-0.177
15.914	-2.444E-2	-0.176
15.947	-2.912E-2	-0.176
15.981	-3.154E-2	-0.175
16.014	-3.138E-2	-0.175
16.047	-2.843E-2	-0.176
16.081	-2.335E-2	-0.176
16.114	-1.559E-2	-0.177
16.147	-7.039E-3	-0.178
16.181	1.980E-3	-0.178
16.214	1.121E-2	-0.178
16.247	1.953E-2	-0.177
16.281	2.648E-2	-0.176
16.314	3.139E-2	-0.175
16.347	3.379E-2	-0.175
16.381	3.354E-2	-0.175
16.414	3.105E-2	-0.175
16.448	2.594E-2	-0.176
16.481	1.899E-2	-0.177
16.514	1.052E-2	-0.178
16.548	1.283E-3	-0.178
16.581	-7.761E-3	-0.178
16.614	-1.615E-2	-0.177
16.648	-2.375E-2	-0.176
16.681	-2.845E-2	-0.176
16.714	-3.114E-2	-0.175
16.748	-3.124E-2	-0.175
16.781	-2.846E-2	-0.176
16.815	-2.375E-2	-0.176
16.848	-1.708E-2	-0.177
16.881	-8.114E-3	-0.178
16.915	7.488E-4	-0.178
16.948	1.040E-2	-0.178
16.981	1.883E-2	-0.177
17.015	2.578E-2	-0.176
17.048	3.092E-2	-0.175
17.081	3.336E-2	-0.175
17.115	3.350E-2	-0.175
17.148	3.113E-2	-0.175
17.182	2.631E-2	-0.176
17.215	1.963E-2	-0.177
17.248	1.135E-2	-0.178
17.282	2.035E-3	-0.178
17.315	-6.907E-3	-0.178
17.348	-1.536E-2	-0.177
17.382	-2.293E-2	-0.176
17.415	-2.795E-2	-0.176
17.448	-3.086E-2	-0.175
17.482	-3.107E-2	-0.175
17.515	-2.853E-2	-0.176
17.549	-2.397E-2	-0.176
17.582	-1.751E-2	-0.177
17.615	-8.661E-3	-0.178
17.649	1.550E-4	-0.178
17.682	9.201E-3	-0.178
17.715	1.757E-2	-0.177
17.749	2.489E-2	-0.176
17.782	3.010E-2	-0.175
17.815	3.306E-2	-0.175
17.849	3.338E-2	-0.175
17.882	3.131E-2	-0.175
17.916	2.687E-2	-0.176
17.949	2.037E-2	-0.177
17.982	1.231E-2	-0.178
18.016	3.075E-3	-0.178
18.049	-5.914E-3	-0.178
18.082	-1.445E-2	-0.177
18.116	-2.153E-2	-0.177
18.149	-2.737E-2	-0.176
18.182	-3.062E-2	-0.175
18.216	-3.094E-2	-0.175
18.249	-2.863E-2	-0.176
18.283	-2.431E-2	-0.176
18.316	-1.819E-2	-0.177
18.349	-9.328E-3	-0.178
18.383	-8.286E-4	-0.178
18.416	8.209E-3	-0.178
18.449	1.656E-2	-0.177
18.483	2.381E-2	-0.176
18.516	2.945E-2	-0.175
18.549	3.219E-2	-0.175
18.583	3.285E-2	-0.174
18.616	3.084E-2	-0.175
18.649	2.688E-2	-0.175
18.683	2.041E-2	-0.176
18.716	1.266E-2	-0.177
18.750	3.756E-3	-0.178
18.783	-5.052E-3	-0.178
18.816	-1.370E-2	-0.177
18.850	-2.093E-2	-0.177
18.883	-2.684E-2	-0.176
18.916	-3.014E-2	-0.175
18.950	-3.074E-2	-0.175
18.983	-2.868E-2	-0.176
19.016	-2.446E-2	-0.176
19.050	-1.847E-2	-0.177
19.083	-9.983E-3	-0.178
19.117	-1.629E-3	-0.178
19.150	7.271E-3	-0.178
19.183	1.593E-2	-0.177
19.217	2.317E-2	-0.176
19.250	2.868E-2	-0.175
19.283	3.195E-2	-0.175
19.317	3.286E-2	-0.175
19.350	3.133E-2	-0.175
19.383	2.741E-2	-0.175
19.417	2.112E-2	-0.176
19.450	1.346E-2	-0.177
19.484	4.925E-3	-0.178
19.517	-4.096E-3	-0.178
19.550	-1.259E-2	-0.177
19.584	-2.004E-2	-0.177
19.617	-2.611E-2	-0.176
19.650	-2.959E-2	-0.175
19.684	-3.056E-2	-0.175
19.717	-2.870E-2	-0.176
19.750	-2.478E-2	-0.176
19.784	-1.899E-2	-0.177
19.817	-1.126E-2	-0.177
19.851	-2.693E-3	-0.178
19.884	6.253E-3	-0.178
19.917	1.523E-2	-0.177
19.951	2.240E-2	-0.176
19.984	2.769E-2	-0.175
20.017	3.141E-2	-0.175
20.051	3.271E-2	-0.175
20.084	3.136E-2	-0.175
20.117	2.753E-2	-0.175
20.151	2.177E-2	-0.176
20.184	1.414E-2	-0.177
20.218	5.678E-3	-0.178
20.251	-3.296E-3	-0.178
20.284	-1.190E-2	-0.177
20.318	-1.914E-2	-0.177
20.351	-2.544E-2	-0.176
20.384	-2.927E-2	-0.175
20.418	-3.049E-2	-0.175
20.451	-2.933E-2	-0.175
20.484	-2.559E-2	-0.176
20.518	-1.955E-2	-0.177
20.551	-1.219E-2	-0.177
20.584	-3.478E-3	-0.178
20.618	5.532E-3	-0.178
20.651	1.405E-2	-0.177
20.685	2.166E-2	-0.177
20.718	2.710E-2	-0.176
20.751	3.097E-2	-0.175
20.785	3.237E-2	-0.175
20.818	3.142E-2	-0.175
20.851	2.783E-2	-0.176
20.885	2.245E-2	-0.177
20.918	1.533E-2	-0.177
20.951	6.867E-3	-0.178
20.985	-2.097E-3	-0.178
21.018	-1.053E-2	-0.178
21.052	-1.837E-2	-0.177
21.085	-2.427E-2	-0.176
21.118	-2.821E-2	-0.176
21.152	-2.943E-2	-0.176
21.185	-2.866E-2	-0.176
21.218	-2.522E-2	-0.176
21.252	-1.988E-2	-0.177
21.285	-1.291E-2	-0.177
21.318	-4.344E-3	-0.178
21.352	4.466E-3	-0.178
21.385	1.324E-2	-0.177
21.419	2.048E-2	-0.177
21.452	2.641E-2	-0.176
21.485	3.032E-2	-0.175
21.519	3.199E-2	-0.175
21.552	3.133E-2	-0.175
21.585	2.814E-2	-0.175
21.619	2.279E-2	-0.176
21.652	1.601E-2	-0.177
21.685	7.600E-3	-0.178
21.719	-1.390E-3	-0.178
21.752	-9.490E-3	-0.178
21.786	-1.780E-2	-0.177
21.819	-2.374E-2	-0.176
21.852	-2.792E-2	-0.176
21.886	-2.933E-2	-0.176
21.919	-2.873E-2	-0.176
21.952	-2.561E-2	-0.176
21.986	-2.042E-2	-0.177
22.019	-1.352E-2	-0.177
22.052	-4.977E-3	-0.178
22.086	3.581E-3	-0.178
22.119	1.210E-2	-0.178
22.153	1.986E-2	-0.177
22.186	2.592E-2	-0.176
22.219	3.011E-2	-0.175
22.253	3.194E-2	-0.175
22.286	3.137E-2	-0.175
22.319	2.831E-2	-0.176
22.353	2.315E-2	-0.176
22.386	1.658E-2	-0.177
22.419	8.261E-3	-0.178
22.453	-2.926E-4	-0.178
22.486	-8.619E-3	-0.178
22.520	-1.631E-2	-0.177
22.553	-2.300E-2	-0.176
22.586	-2.734E-2	-0.176
22.620	-2.880E-2	-0.176
22.653	-2.857E-2	-0.176
22.686	-2.560E-2	-0.176
22.720	-2.051E-2	-0.177
22.753	-1.390E-2	-0.177
22.786	-5.911E-3	-0.178
22.820	2.413E-3	-0.178
22.853	1.135E-2	-0.178
22.886	1.903E-2	-0.177
22.920	2.509E-2	-0.176
22.953	2.946E-2	-0.175
22.987	3.136E-2	-0.175
23.020	3.090E-2	-0.175
23.053	2.835E-2	-0.175
23.087	2.371E-2	-0.176
23.120	1.712E-2	-0.177
23.153	9.202E-3	-0.178
23.187	5.499E-4	-0.178
23.220	-7.819E-3	-0.178
23.253	-1.616E-2	-0.177
23.287	-2.246E-2	-0.176
23.320	-2.692E-2	-0.176
23.354	-2.864E-2	-0.176
23.387	-2.859E-2	-0.176
23.420	-2.639E-2	-0.176
23.454	-2.115E-2	-0.177
23.487	-1.457E-2	-0.177
23.520	-6.605E-3	-0.178
23.554	1.480E-3	-0.178
23.587	1.030E-2	-0.178
23.620	1.779E-2	-0.177
23.654	2.428E-2	-0.176
23.687	2.874E-2	-0.175
23.721	3.109E-2	-0.175
23.754	3.111E-2	-0.175
23.787	2.863E-2	-0.175
23.821	2.410E-2	-0.176
23.854	1.753E-2	-0.177
23.887	9.825E-3	-0.178
23.921	1.388E-3	-0.178
23.954	-6.987E-3	-0.178
23.987	-1.479E-2	-0.177
24.021	-2.122E-2	-0.177
24.054	-2.631E-2	-0.176
24.088	-2.844E-2	-0.176
24.121	-2.849E-2	-0.176
24.154	-2.649E-2	-0.176
24.188	-2.134E-2	-0.177
24.221	-1.493E-2	-0.177
24.254	-7.525E-3	-0.178
24.288	6.683E-4	-0.178
24.321	9.457E-3	-0.178
24.354	1.702E-2	-0.177
24.388	2.335E-2	-0.176
24.421	2.797E-2	-0.175
24.455	3.042E-2	-0.175
24.488	3.060E-2	-0.175
24.521	2.853E-2	-0.175
24.555	2.416E-2	-0.176
24.588	1.811E-2	-0.177
24.621	1.059E-2	-0.177
24.655	2.073E-3	-0.178
24.688	-6.243E-3	-0.178
24.721	-1.408E-2	-0.177
24.755	-2.053E-2	-0.177
24.788	-2.583E-2	-0.176
24.822	-2.825E-2	-0.176
24.855	-2.848E-2	-0.176
24.888	-2.657E-2	-0.176
24.922	-2.184E-2	-0.177
24.955	-1.552E-2	-0.177
24.988	-8.284E-3	-0.178
25.022	-1.957E-5	-0.178
25.055	8.481E-3	-0.178
25.088	1.603E-2	-0.177
25.122	2.248E-2	-0.176
25.155	2.709E-2	-0.175
25.188	3.021E-2	-0.175
25.222	3.051E-2	-0.175
25.255	2.871E-2	-0.175
25.289	2.469E-2	-0.176
25.322	1.872E-2	-0.177
25.355	1.154E-2	-0.177
25.389	3.047E-3	-0.178
25.422	-5.172E-3	-0.178
25.455	-1.315E-2	-0.177
25.489	-1.963E-2	-0.177
25.522	-2.446E-2	-0.176
25.555	-2.764E-2	-0.176
25.589	-2.806E-2	-0.176
25.622	-2.658E-2	-0.176
25.656	-2.245E-2	-0.176
25.689	-1.657E-2	-0.177
25.722	-8.763E-3	-0.178
25.756	-7.673E-4	-0.178
25.789	7.446E-3	-0.178
25.822	1.530E-2	-0.177
25.856	2.171E-2	-0.176
25.889	2.682E-2	-0.175
25.922	2.961E-2	-0.175
25.956	3.026E-2	-0.175
25.989	2.875E-2	-0.175
26.023	2.496E-2	-0.176
26.056	1.930E-2	-0.177
26.089	1.206E-2	-0.177
26.123	3.734E-3	-0.178
26.156	-4.237E-3	-0.178
26.189	-1.241E-2	-0.177
26.223	-1.903E-2	-0.177
26.256	-2.420E-2	-0.176
26.289	-2.735E-2	-0.176
26.323	-2.796E-2	-0.176
26.356	-2.666E-2	-0.176
26.390	-2.282E-2	-0.176
26.423	-1.705E-2	-0.177
26.456	-9.325E-3	-0.178
26.490	-1.589E-3	-0.178
26.523	6.335E-3	-0.178
26.556	1.462E-2	-0.177
26.590	2.121E-2	-0.177
26.623	2.627E-2	-0.176
26.656	2.946E-2	-0.175
26.690	3.018E-2	-0.175
26.723	2.879E-2	-0.175
26.757	2.531E-2	-0.176
26.790	1.975E-2	-0.177
26.823	1.264E-2	-0.178
26.857	4.896E-3	-0.178
26.890	-3.453E-3	-0.178
26.923	-1.109E-2	-0.178
26.957	-1.839E-2	-0.177
26.990	-2.357E-2	-0.176
27.023	-2.701E-2	-0.176
27.057	-2.780E-2	-0.176
27.090	-2.667E-2	-0.176
27.123	-2.312E-2	-0.176
27.157	-1.754E-2	-0.177
27.190	-1.050E-2	-0.177
27.224	-2.412E-3	-0.178
27.257	5.708E-3	-0.178
27.290	1.372E-2	-0.177
27.324	2.063E-2	-0.177
27.357	2.573E-2	-0.176
27.390	2.879E-2	-0.175
27.424	2.984E-2	-0.175
27.457	2.870E-2	-0.175
27.490	2.534E-2	-0.176
27.524	1.997E-2	-0.177
27.557	1.329E-2	-0.177
27.591	5.321E-3	-0.178
27.624	-2.870E-3	-0.178
27.657	-1.043E-2	-0.178
27.691	-1.787E-2	-0.177
27.724	-2.317E-2	-0.176
27.757	-2.666E-2	-0.176
27.791	-2.765E-2	-0.176
27.824	-2.678E-2	-0.176
27.857	-2.330E-2	-0.176
27.891	-1.790E-2	-0.177
27.924	-1.115E-2	-0.177
27.958	-3.263E-3	-0.178
27.991	4.941E-3	-0.178
28.024	1.306E-2	-0.177
28.058	1.989E-2	-0.177
28.091	2.501E-2	-0.176
28.124	2.830E-2	-0.175
28.158	2.957E-2	-0.175
28.191	2.850E-2	-0.175
28.224	2.543E-2	-0.176
28.258	2.025E-2	-0.177
28.291	1.378E-2	-0.177
28.325	5.932E-3	-0.178
28.358	-2.348E-3	-0.178
28.391	-9.697E-3	-0.178
28.425	-1.731E-2	-0.177
28.458	-2.265E-2	-0.176
28.491	-2.636E-2	-0.176
28.525	-2.758E-2	-0.176
28.558	-2.668E-2	-0.176
28.591	-2.343E-2	-0.176
28.625	-1.851E-2	-0.177
28.658	-1.163E-2	-0.177
28.692	-3.843E-3	-0.178
28.725	4.047E-3	-0.178
28.758	1.209E-2	-0.177
28.792	1.878E-2	-0.177
28.825	2.430E-2	-0.176
28.858	2.767E-2	-0.175
28.892	2.917E-2	-0.175
28.925	2.833E-2	-0.175
28.958	2.548E-2	-0.176
28.992	2.073E-2	-0.177
29.025	1.433E-2	-0.177
29.059	6.394E-3	-0.178
29.092	-1.525E-3	-0.178
29.125	-9.108E-3	-0.178
29.159	-1.667E-2	-0.177
29.192	-2.157E-2	-0.177
29.225	-2.601E-2	-0.176
29.259	-2.733E-2	-0.176
29.292	-2.664E-2	-0.176
29.325	-2.355E-2	-0.176
29.359	-1.874E-2	-0.177
29.392	-1.236E-2	-0.177
29.425	-4.645E-3	-0.178
29.459	3.553E-3	-0.178
29.492	1.138E-2	-0.178
29.526	1.801E-2	-0.177
29.559	2.363E-2	-0.176
29.592	2.718E-2	-0.175
29.626	2.895E-2	-0.175
29.659	2.823E-2	-0.175
29.692	2.559E-2	-0.176
29.726	2.108E-2	-0.177
29.759	1.474E-2	-0.177
29.792	6.954E-3	-0.178
29.826	-8.781E-4	-0.178
29.859	-8.553E-3	-0.178
29.893	-1.524E-2	-0.177
29.926	-2.098E-2	-0.177
29.959	-2.485E-2	-0.176
29.993	-2.684E-2	-0.176
30.026	-2.626E-2	-0.176
30.059	-2.342E-2	-0.176
30.093	-1.884E-2	-0.177
30.126	-1.247E-2	-0.177
30.159	-4.848E-3	-0.178
30.193	3.027E-3	-0.178
30.226	1.083E-2	-0.178
30.260	1.766E-2	-0.177
30.293	2.315E-2	-0.176
30.326	2.700E-2	-0.176
30.360	2.878E-2	-0.175
30.393	2.826E-2	-0.175
30.426	2.569E-2	-0.176
30.460	2.120E-2	-0.177
30.493	1.525E-2	-0.177
30.526	7.575E-3	-0.178
30.560	-2.111E-4	-0.178
30.593	-7.819E-3	-0.178
30.627	-1.503E-2	-0.177
30.660	-2.067E-2	-0.177
30.693	-2.468E-2	-0.176
30.727	-2.678E-2	-0.176
30.760	-2.641E-2	-0.176
30.793	-2.373E-2	-0.176
30.827	-1.922E-2	-0.177
30.860	-1.304E-2	-0.177
30.893	-5.790E-3	-0.178
30.927	2.039E-3	-0.178
30.960	9.770E-3	-0.178
30.994	1.671E-2	-0.177
31.027	2.247E-2	-0.176
31.060	2.646E-2	-0.176
31.094	2.833E-2	-0.175
31.127	2.807E-2	-0.175
31.160	2.569E-2	-0.176
31.194	2.155E-2	-0.177
31.227	1.539E-2	-0.177
31.260	8.262E-3	-0.178
31.294	3.847E-4	-0.178
31.327	-7.229E-3	-0.178
31.360	-1.433E-2	-0.177
31.394	-2.016E-2	-0.177
31.427	-2.418E-2	-0.176
31.461	-2.658E-2	-0.176
31.494	-2.630E-2	-0.176
31.527	-2.386E-2	-0.176
31.561	-1.930E-2	-0.177
31.594	-1.337E-2	-0.177
31.627	-6.308E-3	-0.178
31.661	1.315E-3	-0.178
31.694	9.232E-3	-0.178
31.727	1.612E-2	-0.177
31.761	2.203E-2	-0.177
31.794	2.595E-2	-0.176
31.828	2.791E-2	-0.175
31.861	2.787E-2	-0.175
31.894	2.583E-2	-0.176
31.928	2.163E-2	-0.177
31.961	1.599E-2	-0.177
31.994	8.646E-3	-0.178
32.028	9.190E-4	-0.178
32.061	-6.560E-3	-0.178
32.094	-1.375E-2	-0.177
32.128	-1.948E-2	-0.177
32.161	-2.355E-2	-0.176
32.195	-2.554E-2	-0.176
32.228	-2.554E-2	-0.176
32.261	-2.356E-2	-0.176
32.295	-1.952E-2	-0.177
32.328	-1.371E-2	-0.177
32.361	-6.646E-3	-0.178
32.395	9.818E-4	-0.178
32.428	8.742E-3	-0.178
32.461	1.589E-2	-0.177
32.495	2.169E-2	-0.177
32.528	2.568E-2	-0.176
32.562	2.812E-2	-0.176
32.595	2.816E-2	-0.176
32.628	2.617E-2	-0.176
32.662	2.226E-2	-0.177
32.695	1.662E-2	-0.177
32.728	9.979E-3	-0.178
32.762	2.258E-3	-0.178
32.795	-5.229E-3	-0.178
32.828	-1.235E-2	-0.178
32.862	-1.826E-2	-0.177
32.895	-2.268E-2	-0.177
32.929	-2.533E-2	-0.176
32.962	-2.547E-2	-0.176
32.995	-2.367E-2	-0.176
33.029	-1.958E-2	-0.177
33.062	-1.391E-2	-0.177
33.095	-6.984E-3	-0.178
33.129	7.599E-4	-0.178
33.162	8.047E-3	-0.178
33.195	1.532E-2	-0.177
33.229	2.108E-2	-0.177
33.262	2.511E-2	-0.176
33.296	2.758E-2	-0.176
33.329	2.800E-2	-0.176
33.362	2.594E-2	-0.176
33.396	2.238E-2	-0.177
33.429	1.698E-2	-0.177
33.462	1.006E-2	-0.178
33.496	2.870E-3	-0.178
33.529	-5.063E-3	-0.178
33.562	-1.168E-2	-0.178
33.596	-1.775E-2	-0.177
33.629	-2.218E-2	-0.177
33.662	-2.488E-2	-0.176
33.696	-2.517E-2	-0.176
33.729	-2.369E-2	-0.176
33.763	-1.983E-2	-0.177
33.796	-1.444E-2	-0.177
33.829	-7.538E-3	-0.178
33.863	-4.691E-4	-0.178
33.896	7.223E-3	-0.178
33.929	1.434E-2	-0.177
33.963	2.023E-2	-0.177
33.996	2.456E-2	-0.176
34.029	2.714E-2	-0.176
34.063	2.759E-2	-0.176
34.096	2.585E-2	-0.176
34.130	2.245E-2	-0.177
34.163	1.728E-2	-0.177
34.196	1.057E-2	-0.178
34.230	3.298E-3	-0.178
34.263	-4.432E-3	-0.178
34.296	-1.098E-2	-0.178
34.330	-1.709E-2	-0.177
34.363	-2.180E-2	-0.177
34.396	-2.454E-2	-0.176
34.430	-2.510E-2	-0.176
34.463	-2.370E-2	-0.176
34.497	-1.997E-2	-0.177
34.530	-1.466E-2	-0.177
34.563	-8.176E-3	-0.178
34.597	-1.137E-3	-0.178
34.630	6.343E-3	-0.178
34.663	1.370E-2	-0.177
34.697	1.957E-2	-0.177
34.730	2.393E-2	-0.176
34.763	2.664E-2	-0.176
34.797	2.734E-2	-0.176
34.830	2.583E-2	-0.176
34.864	2.265E-2	-0.177
34.897	1.743E-2	-0.177
34.930	1.100E-2	-0.178
34.964	3.934E-3	-0.178
34.997	-3.710E-3	-0.178
35.030	-1.037E-2	-0.178
35.064	-1.657E-2	-0.177
35.097	-2.127E-2	-0.177
35.130	-2.414E-2	-0.176
35.164	-2.488E-2	-0.176
35.197	-2.356E-2	-0.176
35.231	-1.998E-2	-0.177
35.264	-1.486E-2	-0.177
35.297	-8.373E-3	-0.178
35.331	-1.374E-3	-0.178
35.364	5.894E-3	-0.178
35.397	1.304E-2	-0.177
35.431	1.898E-2	-0.177
35.464	2.339E-2	-0.176
35.497	2.643E-2	-0.176
35.531	2.728E-2	-0.176
35.564	2.592E-2	-0.176
35.598	2.281E-2	-0.177
35.631	1.755E-2	-0.177
35.664	1.158E-2	-0.178
35.698	4.087E-3	-0.178
35.731	-3.155E-3	-0.178
35.764	-9.760E-3	-0.178
35.798	-1.607E-2	-0.177
35.831	-2.078E-2	-0.177
35.864	-2.397E-2	-0.176
35.898	-2.468E-2	-0.176
35.931	-2.366E-2	-0.176
35.964	-2.033E-2	-0.177
35.998	-1.513E-2	-0.177
36.031	-8.843E-3	-0.178
36.065	-2.076E-3	-0.178
36.098	5.165E-3	-0.178
36.131	1.232E-2	-0.177
36.165	1.831E-2	-0.177
36.198	2.281E-2	-0.176
36.231	2.595E-2	-0.176
36.265	2.706E-2	-0.176
36.298	2.584E-2	-0.176
36.331	2.272E-2	-0.176
36.365	1.803E-2	-0.177
36.398	1.208E-2	-0.177
36.432	4.873E-3	-0.178
36.465	-2.453E-3	-0.178
36.498	-9.184E-3	-0.178
36.532	-1.546E-2	-0.177
36.565	-2.031E-2	-0.177
36.598	-2.358E-2	-0.176
36.632	-2.444E-2	-0.176
36.665	-2.356E-2	-0.176
36.698	-2.036E-2	-0.177
36.732	-1.562E-2	-0.177
36.765	-9.346E-3	-0.178
36.799	-2.775E-3	-0.178
36.832	4.667E-3	-0.178
36.865	1.179E-2	-0.177
36.899	1.779E-2	-0.177
36.932	2.246E-2	-0.176
36.965	2.563E-2	-0.176
36.999	2.686E-2	-0.176
37.032	2.578E-2	-0.176
37.065	2.272E-2	-0.176
37.099	1.841E-2	-0.177
37.132	1.258E-2	-0.177
37.166	5.518E-3	-0.178
37.199	-1.583E-3	-0.178
37.232	-8.444E-3	-0.178
37.266	-1.468E-2	-0.177
37.299	-1.964E-2	-0.177
37.332	-2.297E-2	-0.176
37.366	-2.411E-2	-0.176
37.399	-2.343E-2	-0.176
37.432	-2.041E-2	-0.177
37.466	-1.579E-2	-0.177
37.499	-9.829E-3	-0.178
37.533	-2.947E-3	-0.178
37.566	4.204E-3	-0.178
37.599	1.135E-2	-0.178
37.633	1.727E-2	-0.177
37.666	2.231E-2	-0.177
37.699	2.548E-2	-0.176
37.733	2.683E-2	-0.176
37.766	2.614E-2	-0.176
37.799	2.343E-2	-0.177
37.833	1.868E-2	-0.177
37.866	1.316E-2	-0.178
37.899	6.319E-3	-0.178
37.933	-8.307E-4	-0.178
37.966	-7.850E-3	-0.178
38.000	-1.421E-2	-0.177
38.033	-1.920E-2	-0.177
38.066	-2.206E-2	-0.177
38.100	-2.391E-2	-0.176
38.133	-2.326E-2	-0.176
38.166	-2.053E-2	-0.177
38.200	-1.582E-2	-0.177
38.233	-9.869E-3	-0.178
38.266	-3.525E-3	-0.178
38.300	3.543E-3	-0.178
38.333	1.067E-2	-0.178
38.367	1.669E-2	-0.177
38.400	2.173E-2	-0.177
38.433	2.495E-2	-0.176
38.467	2.635E-2	-0.176
38.500	2.569E-2	-0.176
38.533	2.305E-2	-0.176
38.567	1.872E-2	-0.177
38.600	1.331E-2	-0.177
38.633	6.414E-3	-0.178
38.667	-7.081E-4	-0.178
38.700	-7.372E-3	-0.178
38.734	-1.375E-2	-0.177
38.767	-1.893E-2	-0.177
38.800	-2.231E-2	-0.176
38.834	-2.354E-2	-0.176
38.867	-2.304E-2	-0.176
38.900	-2.056E-2	-0.177
38.934	-1.681E-2	-0.177
38.967	-1.095E-2	-0.177
39.000	-3.938E-3	-0.178
39.034	2.750E-3	-0.178
39.067	9.815E-3	-0.178
39.101	1.621E-2	-0.177
39.134	2.116E-2	-0.177
39.167	2.437E-2	-0.176
39.201	2.599E-2	-0.176
39.234	2.551E-2	-0.176
39.267	2.294E-2	-0.176
39.301	1.895E-2	-0.177
39.334	1.362E-2	-0.177
39.367	6.992E-3	-0.178
39.401	-1.345E-4	-0.178
39.434	-7.027E-3	-0.178
39.468	-1.339E-2	-0.177
39.501	-1.849E-2	-0.177
39.534	-2.146E-2	-0.177
39.568	-2.360E-2	-0.176
39.601	-2.331E-2	-0.176
39.634	-2.054E-2	-0.177
39.668	-1.618E-2	-0.177
39.701	-1.067E-2	-0.178
39.734	-4.568E-3	-0.178
39.768	2.423E-3	-0.178
39.801	9.511E-3	-0.178
39.835	1.579E-2	-0.177
39.868	2.077E-2	-0.177
39.901	2.393E-2	-0.176
39.935	2.575E-2	-0.176
39.968	2.551E-2	-0.176
40.001	2.308E-2	-0.176
40.035	1.932E-2	-0.177
40.068	1.404E-2	-0.177
40.101	7.395E-3	-0.178
40.135	3.591E-4	-0.178
40.168	-6.180E-3	-0.178
40.201	-1.266E-2	-0.177
40.235	-1.779E-2	-0.177
40.268	-2.088E-2	-0.177
40.302	-2.300E-2	-0.176
40.335	-2.286E-2	-0.176
40.368	-2.028E-2	-0.177
40.402	-1.696E-2	-0.177
40.435	-1.134E-2	-0.177
40.468	-4.734E-3	-0.178
40.502	1.889E-3	-0.178
40.535	8.886E-3	-0.178
40.568	1.522E-2	-0.177
40.602	2.040E-2	-0.177
40.635	2.363E-2	-0.176
40.669	2.553E-2	-0.176
40.702	2.534E-2	-0.176
40.735	2.317E-2	-0.176
40.769	1.955E-2	-0.177
40.802	1.418E-2	-0.177
40.835	7.660E-3	-0.178
40.869	7.115E-4	-0.178
40.902	-5.877E-3	-0.178
40.935	-1.241E-2	-0.177
40.969	-1.769E-2	-0.177
41.002	-2.089E-2	-0.177
41.036	-2.295E-2	-0.176
41.069	-2.286E-2	-0.176
41.102	-2.076E-2	-0.177
41.136	-1.706E-2	-0.177
41.169	-1.170E-2	-0.177
41.202	-5.305E-3	-0.178
41.236	1.232E-3	-0.178
41.269	8.123E-3	-0.178
41.302	1.467E-2	-0.177
41.336	1.978E-2	-0.177
41.369	2.305E-2	-0.176
41.403	2.498E-2	-0.176
41.436	2.500E-2	-0.176
41.469	2.299E-2	-0.176
41.503	1.958E-2	-0.177
41.536	1.443E-2	-0.177
41.569	7.834E-3	-0.178
41.603	1.003E-3	-0.178
41.636	-5.488E-3	-0.178
41.669	-1.185E-2	-0.177
41.703	-1.715E-2	-0.177
41.736	-2.040E-2	-0.177
41.770	-2.276E-2	-0.176
41.803	-2.285E-2	-0.176
41.836	-2.082E-2	-0.177
41.870	-1.660E-2	-0.177
41.903	-1.202E-2	-0.177
41.936	-5.552E-3	-0.178
41.970	8.408E-4	-0.178
42.003	7.748E-3	-0.178
42.036	1.405E-2	-0.177
42.070	1.913E-2	-0.177
42.103	2.254E-2	-0.176
42.136	2.463E-2	-0.176
42.170	2.467E-2	-0.176
42.203	2.278E-2	-0.176
42.237	1.941E-2	-0.177
42.270	1.448E-2	-0.177
42.303	8.243E-3	-0.178
42.337	1.495E-3	-0.178
42.370	-5.122E-3	-0.178
42.403	-1.157E-2	-0.177
42.437	-1.687E-2	-0.177
42.470	-2.041E-2	-0.177
42.503	-2.262E-2	-0.176
42.537	-2.265E-2	-0.176
42.570	-2.063E-2	-0.177
42.604	-1.738E-2	-0.177
42.637	-1.224E-2	-0.177
42.670	-5.940E-3	-0.178
42.704	5.240E-4	-0.178
42.737	7.231E-3	-0.178
42.770	1.348E-2	-0.177
42.804	1.851E-2	-0.177
42.837	2.214E-2	-0.176
42.870	2.436E-2	-0.176
42.904	2.457E-2	-0.176
42.937	2.277E-2	-0.176
42.971	1.954E-2	-0.177
43.004	1.480E-2	-0.177
43.037	8.693E-3	-0.178
43.071	1.881E-3	-0.178
43.104	-4.581E-3	-0.178
43.137	-1.045E-2	-0.178
43.171	-1.577E-2	-0.177
43.204	-1.978E-2	-0.177
43.237	-2.162E-2	-0.177
43.271	-2.198E-2	-0.177
43.304	-2.045E-2	-0.177
43.338	-1.686E-2	-0.177
43.371	-1.242E-2	-0.177
43.404	-6.382E-3	-0.178
43.438	-9.818E-5	-0.178
43.471	6.618E-3	-0.178
43.504	1.282E-2	-0.177
43.538	1.817E-2	-0.177
43.571	2.173E-2	-0.176
43.604	2.419E-2	-0.176
43.638	2.443E-2	-0.176
43.671	2.282E-2	-0.176
43.705	1.976E-2	-0.177
43.738	1.513E-2	-0.177
43.771	9.031E-3	-0.178
43.805	2.470E-3	-0.178
43.838	-4.170E-3	-0.178
43.871	-1.054E-2	-0.177
43.905	-1.558E-2	-0.177
43.938	-1.958E-2	-0.177
43.971	-2.162E-2	-0.177
44.005	-2.184E-2	-0.177
44.038	-2.065E-2	-0.177
44.072	-1.719E-2	-0.177
44.105	-1.263E-2	-0.177
44.138	-6.624E-3	-0.178
44.172	-3.864E-4	-0.178
44.205	6.207E-3	-0.178
44.238	1.249E-2	-0.177
44.272	1.773E-2	-0.177
44.305	2.179E-2	-0.177
44.338	2.375E-2	-0.176
44.372	2.432E-2	-0.176
44.405	2.291E-2	-0.176
44.438	1.989E-2	-0.177
44.472	1.535E-2	-0.177
44.505	9.494E-3	-0.178
44.539	3.011E-3	-0.178
44.572	-3.475E-3	-0.178
44.605	-9.356E-3	-0.178
44.639	-1.496E-2	-0.177
44.672	-1.908E-2	-0.177
44.705	-2.118E-2	-0.177
44.739	-2.155E-2	-0.177
44.772	-2.033E-2	-0.177
44.805	-1.712E-2	-0.177
44.839	-1.264E-2	-0.177
44.872	-6.787E-3	-0.178
44.906	-7.555E-4	-0.178
44.939	5.703E-3	-0.178
44.972	1.204E-2	-0.178
45.006	1.716E-2	-0.177
45.039	2.122E-2	-0.177
45.072	2.353E-2	-0.176
45.106	2.419E-2	-0.176
45.139	2.296E-2	-0.176
45.172	2.023E-2	-0.177
45.206	1.564E-2	-0.177
45.239	9.932E-3	-0.178
45.273	3.519E-3	-0.178
45.306	-2.802E-3	-0.178
45.339	-8.829E-3	-0.178
45.373	-1.432E-2	-0.177
45.406	-1.861E-2	-0.177
45.439	-2.083E-2	-0.177
45.473	-2.146E-2	-0.177
45.506	-2.040E-2	-0.177
45.539	-1.715E-2	-0.177
45.573	-1.312E-2	-0.177
45.606	-7.224E-3	-0.178
45.640	-1.330E-3	-0.178
45.673	5.282E-3	-0.178
45.706	1.150E-2	-0.178
45.740	1.667E-2	-0.177
45.773	2.061E-2	-0.177
45.806	2.299E-2	-0.176
45.840	2.371E-2	-0.176
45.873	2.247E-2	-0.176
45.906	1.983E-2	-0.177
45.940	1.531E-2	-0.177
45.973	1.009E-2	-0.178
46.007	3.726E-3	-0.178
46.040	-2.697E-3	-0.178
46.073	-8.597E-3	-0.178
46.107	-1.409E-2	-0.177
46.140	-1.838E-2	-0.177
46.173	-2.074E-2	-0.177
46.207	-2.135E-2	-0.177
46.240	-2.040E-2	-0.177
46.273	-1.780E-2	-0.177
46.307	-1.313E-2	-0.177
46.340	-7.770E-3	-0.178
46.374	-1.738E-3	-0.178
46.407	4.648E-3	-0.178
46.440	1.102E-2	-0.178
46.474	1.643E-2	-0.177
46.507	2.029E-2	-0.177
46.540	2.267E-2	-0.176
46.574	2.349E-2	-0.176
46.607	2.257E-2	-0.176
46.640	2.010E-2	-0.177
46.674	1.563E-2	-0.177
46.707	1.044E-2	-0.178
46.740	4.137E-3	-0.178
46.774	-2.201E-3	-0.178
46.807	-8.014E-3	-0.178
46.841	-1.361E-2	-0.177
46.874	-1.792E-2	-0.177
46.907	-2.045E-2	-0.177
46.941	-2.118E-2	-0.177
46.974	-2.045E-2	-0.177
47.007	-1.799E-2	-0.177
47.041	-1.354E-2	-0.177
47.074	-8.232E-3	-0.178
47.107	-2.394E-3	-0.178
47.141	3.980E-3	-0.178
47.174	1.039E-2	-0.178
47.208	1.569E-2	-0.177
47.241	1.969E-2	-0.177
47.274	2.255E-2	-0.177
47.308	2.327E-2	-0.176
47.341	2.233E-2	-0.176
47.374	1.993E-2	-0.177
47.408	1.598E-2	-0.177
47.441	1.059E-2	-0.178
47.474	4.391E-3	-0.178
47.508	-1.995E-3	-0.178
47.541	-7.905E-3	-0.178
47.575	-1.326E-2	-0.177
47.608	-1.768E-2	-0.177
47.641	-2.023E-2	-0.177
47.675	-2.103E-2	-0.177
47.708	-2.029E-2	-0.177
47.741	-1.780E-2	-0.177
47.775	-1.373E-2	-0.177
47.808	-8.093E-3	-0.178
47.841	-2.305E-3	-0.178
47.875	3.758E-3	-0.178
47.908	1.009E-2	-0.178
47.942	1.539E-2	-0.177
47.975	1.931E-2	-0.177
48.008	2.184E-2	-0.176
48.042	2.303E-2	-0.176
48.075	2.228E-2	-0.176
48.108	1.992E-2	-0.177
48.142	1.595E-2	-0.177
48.175	1.090E-2	-0.177
48.208	4.940E-3	-0.178
48.242	-1.471E-3	-0.178
48.275	-7.316E-3	-0.178
48.309	-1.266E-2	-0.177
48.342	-1.711E-2	-0.177
48.375	-1.970E-2	-0.177
48.409	-2.079E-2	-0.177
48.442	-2.019E-2	-0.177
48.475	-1.780E-2	-0.177
48.509	-1.375E-2	-0.177
48.542	-8.496E-3	-0.178
48.575	-2.672E-3	-0.178
48.609	3.352E-3	-0.178
48.642	9.496E-3	-0.178
48.675	1.476E-2	-0.177
48.709	1.909E-2	-0.177
48.742	2.164E-2	-0.176
48.776	2.292E-2	-0.176
48.809	2.226E-2	-0.176
48.842	2.027E-2	-0.177
48.876	1.632E-2	-0.177
48.909	1.140E-2	-0.177
48.942	5.485E-3	-0.178
48.976	-8.481E-4	-0.178
49.009	-6.686E-3	-0.178
49.042	-1.238E-2	-0.177
49.076	-1.688E-2	-0.177
49.109	-1.954E-2	-0.177
49.143	-2.040E-2	-0.177
49.176	-1.995E-2	-0.177
49.209	-1.788E-2	-0.177
49.243	-1.390E-2	-0.177
49.276	-8.552E-3	-0.178
49.309	-2.941E-3	-0.178
49.343	3.044E-3	-0.178
49.376	9.383E-3	-0.178
49.409	1.468E-2	-0.177
49.443	1.868E-2	-0.177
49.476	2.171E-2	-0.177
49.510	2.300E-2	-0.177
49.543	2.243E-2	-0.177
49.576	1.996E-2	-0.177
49.610	1.657E-2	-0.177
49.643	1.143E-2	-0.178
49.676	5.671E-3	-0.178
49.710	-3.173E-4	-0.178
49.743	-6.260E-3	-0.178
49.776	-1.170E-2	-0.178
49.810	-1.605E-2	-0.177
49.843	-1.895E-2	-0.177
49.877	-2.028E-2	-0.177
49.910	-1.989E-2	-0.177
49.943	-1.769E-2	-0.177
49.977	-1.406E-2	-0.177
50.010	-8.775E-3	-0.178
50.043	-3.282E-3	-0.178
50.077	2.521E-3	-0.178
50.110	8.635E-3	-0.178
50.143	1.414E-2	-0.177
50.177	1.837E-2	-0.177
50.210	2.119E-2	-0.176
50.244	2.239E-2	-0.176
50.277	2.191E-2	-0.176
50.310	1.991E-2	-0.177
50.344	1.618E-2	-0.177
50.377	1.143E-2	-0.178
50.410	5.603E-3	-0.178
50.444	-3.843E-4	-0.178
50.477	-6.165E-3	-0.178
50.510	-1.178E-2	-0.177
50.544	-1.583E-2	-0.177
50.577	-1.899E-2	-0.177
50.611	-2.023E-2	-0.177
50.644	-1.972E-2	-0.177
50.677	-1.782E-2	-0.177
50.711	-1.391E-2	-0.177
50.744	-9.064E-3	-0.178
50.777	-3.580E-3	-0.178
50.811	2.371E-3	-0.178
50.844	8.699E-3	-0.178
50.877	1.405E-2	-0.177
50.911	1.799E-2	-0.177
50.944	2.109E-2	-0.177
50.977	2.244E-2	-0.177
51.011	2.219E-2	-0.177
51.044	1.995E-2	-0.177
51.078	1.660E-2	-0.177
51.111	1.179E-2	-0.178
51.144	6.371E-3	-0.178
51.178	3.968E-4	-0.178
51.211	-5.911E-3	-0.178
51.244	-1.071E-2	-0.178
51.278	-1.524E-2	-0.177
51.311	-1.782E-2	-0.177
51.344	-1.972E-2	-0.177
51.378	-1.948E-2	-0.177
51.411	-1.770E-2	-0.177
51.445	-1.395E-2	-0.177
51.478	-9.122E-3	-0.178
51.511	-3.940E-3	-0.178
51.545	1.842E-3	-0.178
51.578	7.704E-3	-0.178
51.611	1.334E-2	-0.177
51.645	1.735E-2	-0.177
51.678	2.048E-2	-0.177
51.711	2.149E-2	-0.177
51.745	2.135E-2	-0.177
51.778	1.929E-2	-0.178
51.812	1.618E-2	-0.178
51.845	1.187E-2	-0.179
51.878	6.057E-3	-0.179
51.912	1.989E-4	-0.179
51.945	-5.560E-3	-0.179
51.978	-1.130E-2	-0.179
52.012	-1.590E-2	-0.178
52.045	-1.858E-2	-0.178
52.078	-1.989E-2	-0.178
52.112	-1.978E-2	-0.178
52.145	-1.805E-2	-0.178
52.179	-1.417E-2	-0.179
52.212	-9.424E-3	-0.179
52.245	-4.278E-3	-0.179
52.279	1.463E-3	-0.179
52.312	7.376E-3	-0.179
52.345	1.260E-2	-0.179
52.379	1.689E-2	-0.178
52.412	2.023E-2	-0.178
52.445	2.147E-2	-0.177
52.479	2.118E-2	-0.177
52.512	1.926E-2	-0.178
52.546	1.610E-2	-0.178
52.579	1.182E-2	-0.179
52.612	6.181E-3	-0.179
52.646	3.419E-4	-0.179
52.679	-5.179E-3	-0.179
52.712	-1.031E-2	-0.179
52.746	-1.472E-2	-0.179
52.779	-1.833E-2	-0.178
52.812	-1.976E-2	-0.178
52.846	-1.971E-2	-0.178
52.879	-1.787E-2	-0.178
52.912	-1.457E-2	-0.179
52.946	-9.557E-3	-0.179
52.979	-4.457E-3	-0.179
53.013	9.850E-4	-0.179
53.046	6.965E-3	-0.179
53.079	1.243E-2	-0.179
53.113	1.649E-2	-0.178
53.146	1.967E-2	-0.178
53.179	2.097E-2	-0.177
53.213	2.085E-2	-0.177
53.246	1.896E-2	-0.178
53.279	1.624E-2	-0.178
53.313	1.190E-2	-0.179
53.346	6.631E-3	-0.179
53.380	7.399E-4	-0.179
53.413	-4.933E-3	-0.179
53.446	-1.003E-2	-0.179
53.480	-1.525E-2	-0.178
53.513	-1.796E-2	-0.178
53.546	-1.933E-2	-0.178
53.580	-1.937E-2	-0.178
53.613	-1.797E-2	-0.178
53.646	-1.486E-2	-0.178
53.680	-1.028E-2	-0.179
53.713	-4.869E-3	-0.179
53.747	8.827E-4	-0.179
53.780	6.635E-3	-0.179
53.813	1.195E-2	-0.179
53.847	1.629E-2	-0.178
53.880	1.953E-2	-0.178
53.913	2.085E-2	-0.177
53.947	2.089E-2	-0.177
53.980	1.955E-2	-0.178
54.013	1.632E-2	-0.178
54.047	1.237E-2	-0.179
54.080	6.790E-3	-0.179
54.114	1.331E-3	-0.179
54.147	-4.304E-3	-0.179
54.180	-1.011E-2	-0.179
54.214	-1.468E-2	-0.178
54.247	-1.744E-2	-0.178
54.280	-1.911E-2	-0.178
54.314	-1.923E-2	-0.178
54.347	-1.785E-2	-0.178
54.380	-1.483E-2	-0.178
54.414	-1.066E-2	-0.179
54.447	-5.050E-3	-0.179
54.481	3.332E-4	-0.179
54.514	5.972E-3	-0.179
54.547	1.127E-2	-0.179
54.581	1.566E-2	-0.178
54.614	1.895E-2	-0.178
54.647	2.032E-2	-0.177
54.681	2.071E-2	-0.177
54.714	1.896E-2	-0.178
54.747	1.628E-2	-0.178
54.781	1.189E-2	-0.178
54.814	7.233E-3	-0.179
54.848	1.529E-3	-0.179
54.881	-4.247E-3	-0.179
54.914	-8.898E-3	-0.179
54.948	-1.352E-2	-0.179
54.981	-1.724E-2	-0.178
55.014	-1.909E-2	-0.178
55.048	-1.919E-2	-0.178
55.081	-1.787E-2	-0.178
55.114	-1.523E-2	-0.178
55.148	-1.082E-2	-0.179
55.181	-5.502E-3	-0.179
55.214	5.457E-5	-0.179
55.248	5.884E-3	-0.179
55.281	1.114E-2	-0.179
55.315	1.515E-2	-0.178
55.348	1.843E-2	-0.178
55.381	2.014E-2	-0.178
55.415	2.030E-2	-0.177
55.448	1.891E-2	-0.178
55.481	1.629E-2	-0.178
55.515	1.188E-2	-0.178
55.548	7.357E-3	-0.179
55.581	1.606E-3	-0.179
55.615	-3.753E-3	-0.179
55.648	-9.420E-3	-0.179
55.682	-1.402E-2	-0.178
55.715	-1.722E-2	-0.178
55.748	-1.873E-2	-0.178
55.782	-1.915E-2	-0.178
55.815	-1.788E-2	-0.178
55.848	-1.522E-2	-0.178
55.882	-1.090E-2	-0.179
55.915	-5.583E-3	-0.179
55.948	5.815E-5	-0.179
55.982	5.462E-3	-0.179
56.015	1.061E-2	-0.179
56.049	1.497E-2	-0.178
56.082	1.833E-2	-0.178
56.115	2.007E-2	-0.178
56.149	2.022E-2	-0.177
56.182	1.890E-2	-0.178
56.215	1.638E-2	-0.178
56.249	1.253E-2	-0.179
56.282	7.358E-3	-0.179
56.315	2.075E-3	-0.179
56.349	-3.544E-3	-0.179
56.382	-8.328E-3	-0.179
56.416	-1.332E-2	-0.179
56.449	-1.673E-2	-0.178
56.482	-1.855E-2	-0.178
56.516	-1.873E-2	-0.178
56.549	-1.780E-2	-0.178
56.582	-1.522E-2	-0.178
56.616	-1.132E-2	-0.179
56.649	-5.765E-3	-0.179
56.682	-5.000E-4	-0.179
56.716	5.238E-3	-0.179
56.749	1.037E-2	-0.179
56.783	1.444E-2	-0.178
56.816	1.778E-2	-0.178
56.849	1.957E-2	-0.178
56.883	2.011E-2	-0.177
56.916	1.894E-2	-0.177
56.949	1.638E-2	-0.178
56.983	1.236E-2	-0.178
57.016	7.831E-3	-0.179
57.049	2.621E-3	-0.179
57.083	-3.056E-3	-0.179
57.116	-8.080E-3	-0.179
57.150	-1.264E-2	-0.179
57.183	-1.653E-2	-0.178
57.216	-1.806E-2	-0.178
57.250	-1.852E-2	-0.178
57.283	-1.742E-2	-0.178
57.316	-1.491E-2	-0.178
57.350	-1.091E-2	-0.179
57.383	-5.664E-3	-0.179
57.416	-4.580E-4	-0.179
57.450	4.931E-3	-0.179
57.483	1.039E-2	-0.179
57.516	1.481E-2	-0.179
57.550	1.769E-2	-0.178
57.583	1.970E-2	-0.178
57.617	2.022E-2	-0.178
57.650	1.918E-2	-0.178
57.683	1.645E-2	-0.178
57.717	1.278E-2	-0.179
57.750	8.023E-3	-0.179
57.783	2.604E-3	-0.179
57.817	-2.912E-3	-0.179
57.850	-7.685E-3	-0.179
57.883	-1.260E-2	-0.179
57.917	-1.621E-2	-0.178
57.950	-1.807E-2	-0.178
57.984	-1.854E-2	-0.178
58.017	-1.745E-2	-0.178
58.050	-1.509E-2	-0.178
58.084	-1.097E-2	-0.179
58.117	-6.142E-3	-0.179
58.150	-6.060E-4	-0.179
58.184	4.714E-3	-0.179
58.217	9.863E-3	-0.179
58.250	1.437E-2	-0.179
58.284	1.756E-2	-0.178
58.317	1.956E-2	-0.178
58.351	2.011E-2	-0.178
58.384	1.901E-2	-0.178
58.417	1.640E-2	-0.178
58.451	1.299E-2	-0.179
58.484	8.015E-3	-0.179
58.517	2.755E-3	-0.179
58.551	-2.464E-3	-0.179
58.584	-7.486E-3	-0.179
58.617	-1.213E-2	-0.179
58.651	-1.524E-2	-0.179
58.684	-1.787E-2	-0.178
58.718	-1.845E-2	-0.178
58.751	-1.741E-2	-0.178
58.784	-1.520E-2	-0.178
58.818	-1.143E-2	-0.179
58.851	-6.186E-3	-0.179
58.884	-1.124E-3	-0.179
58.918	4.137E-3	-0.179
58.951	9.288E-3	-0.179
58.984	1.379E-2	-0.179
59.018	1.703E-2	-0.178
59.051	1.900E-2	-0.178
59.085	1.959E-2	-0.178
59.118	1.878E-2	-0.178
59.151	1.628E-2	-0.178
59.185	1.263E-2	-0.179
59.218	8.005E-3	-0.179
59.251	2.721E-3	-0.179
59.285	-2.476E-3	-0.179
59.318	-7.460E-3	-0.179
59.351	-1.214E-2	-0.179
59.385	-1.592E-2	-0.178
59.418	-1.785E-2	-0.178
59.451	-1.845E-2	-0.178
59.485	-1.743E-2	-0.178
59.518	-1.525E-2	-0.178
59.552	-1.137E-2	-0.179
59.585	-6.356E-3	-0.179
59.618	-1.239E-3	-0.179
59.652	3.972E-3	-0.179
59.685	9.254E-3	-0.179
59.718	1.371E-2	-0.179
59.752	1.693E-2	-0.178
59.785	1.899E-2	-0.178
59.818	1.964E-2	-0.178
59.852	1.879E-2	-0.178
59.885	1.630E-2	-0.178
59.919	1.304E-2	-0.179
59.952	8.094E-3	-0.179
59.985	2.896E-3	-0.179
60.019	-2.357E-3	-0.179
60.052	-7.070E-3	-0.179
60.085	-1.162E-2	-0.179
60.119	-1.467E-2	-0.179
60.152	-1.725E-2	-0.178
60.185	-1.789E-2	-0.178
60.219	-1.722E-2	-0.178
60.252	-1.485E-2	-0.178
60.286	-1.134E-2	-0.179
60.319	-6.317E-3	-0.179
60.352	-1.616E-3	-0.179
60.386	3.930E-3	-0.179
60.419	8.727E-3	-0.179
60.452	1.367E-2	-0.179
60.486	1.647E-2	-0.178
60.519	1.885E-2	-0.178
60.552	1.949E-2	-0.178
60.586	1.878E-2	-0.178
60.619	1.632E-2	-0.178
60.653	1.313E-2	-0.179
60.686	8.456E-3	-0.179
60.719	3.438E-3	-0.179
60.753	-1.706E-3	-0.179
60.786	-6.364E-3	-0.179
60.819	-1.073E-2	-0.179
60.853	-1.431E-2	-0.179
60.886	-1.695E-2	-0.178
60.919	-1.752E-2	-0.178
60.953	-1.687E-2	-0.178
60.986	-1.473E-2	-0.178
61.020	-1.122E-2	-0.179
61.053	-6.151E-3	-0.179
61.086	-1.444E-3	-0.179
61.120	3.552E-3	-0.179
61.153	8.712E-3	-0.179
61.186	1.309E-2	-0.179
61.220	1.632E-2	-0.178
61.253	1.838E-2	-0.178
61.286	1.904E-2	-0.178
61.320	1.834E-2	-0.178
61.353	1.613E-2	-0.178
61.387	1.301E-2	-0.179
61.420	8.548E-3	-0.179
61.453	3.452E-3	-0.179
61.487	-1.742E-3	-0.179
61.520	-6.356E-3	-0.179
61.553	-1.030E-2	-0.179
61.587	-1.409E-2	-0.179
61.620	-1.679E-2	-0.178
61.653	-1.743E-2	-0.178
61.687	-1.674E-2	-0.178
61.720	-1.471E-2	-0.178
61.753	-1.091E-2	-0.179
61.787	-6.321E-3	-0.179
61.820	-1.690E-3	-0.179
61.854	3.492E-3	-0.179
61.887	8.668E-3	-0.179
61.920	1.307E-2	-0.179
61.954	1.622E-2	-0.178
61.987	1.831E-2	-0.178
62.020	1.901E-2	-0.178
62.054	1.830E-2	-0.178
62.087	1.631E-2	-0.178
62.120	1.312E-2	-0.179
62.154	8.684E-3	-0.179
62.187	3.561E-3	-0.179
62.221	-1.606E-3	-0.179
62.254	-6.213E-3	-0.179
62.287	-1.026E-2	-0.179
62.321	-1.407E-2	-0.179
62.354	-1.663E-2	-0.178
62.387	-1.739E-2	-0.178
62.421	-1.670E-2	-0.178
62.454	-1.474E-2	-0.178
62.487	-1.139E-2	-0.179
62.521	-6.794E-3	-0.179
62.554	-2.271E-3	-0.179
62.588	2.843E-3	-0.179
62.621	7.862E-3	-0.179
62.654	1.244E-2	-0.179
62.688	1.560E-2	-0.178
62.721	1.777E-2	-0.178
62.754	1.883E-2	-0.178
62.788	1.825E-2	-0.178
62.821	1.623E-2	-0.178
62.854	1.308E-2	-0.179
62.888	8.747E-3	-0.179
62.921	3.984E-3	-0.179
62.955	-1.062E-3	-0.179
62.988	-5.633E-3	-0.179
63.021	-1.006E-2	-0.179
63.055	-1.393E-2	-0.179
63.088	-1.651E-2	-0.178
63.121	-1.731E-2	-0.178
63.155	-1.668E-2	-0.178
63.188	-1.478E-2	-0.178
63.221	-1.138E-2	-0.179
63.255	-6.954E-3	-0.179
63.288	-2.345E-3	-0.179
63.322	2.698E-3	-0.179
63.355	7.797E-3	-0.179
63.388	1.198E-2	-0.179
63.422	1.517E-2	-0.178
63.455	1.763E-2	-0.178
63.488	1.842E-2	-0.178
63.522	1.779E-2	-0.178
63.555	1.581E-2	-0.178
63.588	1.301E-2	-0.179
63.622	8.713E-3	-0.179
63.655	4.004E-3	-0.179
63.688	-1.040E-3	-0.179
63.722	-5.660E-3	-0.179
63.755	-9.617E-3	-0.179
63.789	-1.341E-2	-0.179
63.822	-1.548E-2	-0.179
63.855	-1.653E-2	-0.179
63.889	-1.602E-2	-0.179
63.922	-1.413E-2	-0.179
63.955	-1.077E-2	-0.179
63.989	-6.881E-3	-0.179
64.022	-2.402E-3	-0.179
64.055	2.677E-3	-0.179
64.089	7.295E-3	-0.179
64.122	1.190E-2	-0.179
64.156	1.558E-2	-0.179
64.189	1.750E-2	-0.178
64.222	1.834E-2	-0.178
64.256	1.778E-2	-0.178
64.289	1.620E-2	-0.178
64.322	1.319E-2	-0.179
64.356	9.148E-3	-0.179
64.389	4.208E-3	-0.179
64.422	-5.490E-4	-0.179
64.456	-5.100E-3	-0.179
64.489	-9.507E-3	-0.179
64.523	-1.336E-2	-0.179
64.556	-1.535E-2	-0.179
64.589	-1.612E-2	-0.179
64.623	-1.590E-2	-0.179
64.656	-1.407E-2	-0.179
64.689	-1.076E-2	-0.179
64.723	-6.962E-3	-0.179
64.756	-2.436E-3	-0.179
64.789	2.226E-3	-0.179
64.823	7.169E-3	-0.179
64.856	1.180E-2	-0.179
64.890	1.514E-2	-0.179
64.923	1.707E-2	-0.178
64.956	1.822E-2	-0.178
64.990	1.772E-2	-0.178
65.023	1.578E-2	-0.178
65.056	1.314E-2	-0.179
65.090	9.153E-3	-0.179
65.123	4.553E-3	-0.179
65.156	-3.921E-4	-0.179
65.190	-5.045E-3	-0.179
65.223	-8.907E-3	-0.179
65.257	-1.283E-2	-0.179
65.290	-1.482E-2	-0.179
65.323	-1.586E-2	-0.179
65.357	-1.557E-2	-0.179
65.390	-1.400E-2	-0.179
65.423	-1.027E-2	-0.179
65.457	-6.975E-3	-0.179
65.490	-2.542E-3	-0.179
65.523	2.242E-3	-0.179
65.557	7.172E-3	-0.179
65.590	1.130E-2	-0.179
65.624	1.495E-2	-0.179
65.657	1.696E-2	-0.178
65.690	1.811E-2	-0.178
65.724	1.769E-2	-0.178
65.757	1.585E-2	-0.178
65.790	1.316E-2	-0.179
65.824	9.230E-3	-0.179
65.857	4.694E-3	-0.179
65.890	-3.082E-4	-0.179
65.924	-4.924E-3	-0.179
65.957	-8.879E-3	-0.179
65.990	-1.270E-2	-0.179
66.024	-1.475E-2	-0.179
66.057	-1.589E-2	-0.179
66.091	-1.550E-2	-0.179
66.124	-1.391E-2	-0.179
66.157	-1.024E-2	-0.179
66.191	-6.970E-3	-0.179
66.224	-2.906E-3	-0.179
66.257	1.987E-3	-0.179
66.291	6.696E-3	-0.179
66.324	1.114E-2	-0.179
66.357	1.450E-2	-0.179
66.391	1.677E-2	-0.178
66.424	1.767E-2	-0.178
66.458	1.746E-2	-0.178
66.491	1.566E-2	-0.178
66.524	1.307E-2	-0.179
66.558	9.192E-3	-0.179
66.591	4.717E-3	-0.179
66.624	6.571E-5	-0.179
66.658	-4.859E-3	-0.179
66.691	-8.779E-3	-0.179
66.724	-1.262E-2	-0.179
66.758	-1.468E-2	-0.179
66.791	-1.583E-2	-0.179
66.825	-1.540E-2	-0.179
66.858	-1.400E-2	-0.179
66.891	-1.025E-2	-0.179
66.925	-7.262E-3	-0.179
66.958	-2.916E-3	-0.179
66.991	1.723E-3	-0.179
67.025	6.593E-3	-0.179
67.058	1.070E-2	-0.179
67.091	1.442E-2	-0.179
67.125	1.666E-2	-0.179
67.158	1.749E-2	-0.178
67.192	1.723E-2	-0.178
67.225	1.552E-2	-0.178
67.258	1.308E-2	-0.179
67.292	9.148E-3	-0.179
67.325	4.721E-3	-0.179
67.358	8.028E-5	-0.179
67.392	-4.344E-3	-0.179
67.425	-8.252E-3	-0.179
67.458	-1.216E-2	-0.179
67.492	-1.413E-2	-0.179
67.525	-1.595E-2	-0.178
67.559	-1.523E-2	-0.179
67.592	-1.380E-2	-0.179
67.625	-1.143E-2	-0.179
67.659	-7.449E-3	-0.179
67.692	-3.068E-3	-0.179
67.725	1.504E-3	-0.179
67.759	6.096E-3	-0.179
67.792	1.052E-2	-0.179
67.825	1.418E-2	-0.179
67.859	1.627E-2	-0.178
67.892	1.740E-2	-0.178
67.926	1.710E-2	-0.178
67.959	1.548E-2	-0.178
67.992	1.288E-2	-0.179
68.026	9.267E-3	-0.179
68.059	4.748E-3	-0.179
68.092	1.761E-4	-0.179
68.126	-4.420E-3	-0.179
68.159	-8.314E-3	-0.179
68.192	-1.213E-2	-0.179
68.226	-1.433E-2	-0.179
68.259	-1.530E-2	-0.179
68.292	-1.491E-2	-0.179
68.326	-1.379E-2	-0.179
68.359	-1.068E-2	-0.179
68.393	-7.039E-3	-0.179
68.426	-2.919E-3	-0.179
68.459	1.564E-3	-0.179
68.493	6.010E-3	-0.179
68.526	1.032E-2	-0.179
68.559	1.382E-2	-0.179
68.593	1.630E-2	-0.179
68.626	1.708E-2	-0.178
68.659	1.694E-2	-0.178
68.693	1.563E-2	-0.179
68.726	1.304E-2	-0.179
68.760	9.290E-3	-0.179
68.793	4.844E-3	-0.179
68.826	1.869E-4	-0.179
68.860	-4.301E-3	-0.179
68.893	-8.194E-3	-0.179
68.926	-1.207E-2	-0.179
68.960	-1.412E-2	-0.179
68.993	-1.530E-2	-0.179
69.026	-1.482E-2	-0.179
69.060	-1.354E-2	-0.179
69.093	-1.070E-2	-0.179
69.127	-7.068E-3	-0.179
69.160	-3.059E-3	-0.179
69.193	1.403E-3	-0.179
69.227	5.968E-3	-0.179
69.260	1.002E-2	-0.179
69.293	1.376E-2	-0.179
69.327	1.576E-2	-0.178
69.360	1.692E-2	-0.178
69.393	1.692E-2	-0.178
69.427	1.536E-2	-0.178
69.460	1.307E-2	-0.179
69.494	9.373E-3	-0.179
69.527	5.269E-3	-0.179
69.560	6.846E-4	-0.179
69.594	-3.707E-3	-0.179
69.627	-7.573E-3	-0.179
69.660	-1.153E-2	-0.179
69.694	-1.353E-2	-0.179
69.727	-1.467E-2	-0.179
69.760	-1.467E-2	-0.179
69.794	-1.328E-2	-0.179
69.827	-1.127E-2	-0.179
69.861	-6.949E-3	-0.179
69.894	-3.015E-3	-0.179
69.927	1.262E-3	-0.179
69.961	5.709E-3	-0.179
69.994	9.931E-3	-0.179
70.027	1.363E-2	-0.179
70.061	1.595E-2	-0.179
70.094	1.714E-2	-0.179
70.127	1.677E-2	-0.178
70.161	1.539E-2	-0.179
70.194	1.295E-2	-0.179
70.227	9.486E-3	-0.179
70.261	5.264E-3	-0.179
70.294	7.293E-4	-0.179
70.328	-3.685E-3	-0.179
70.361	-7.651E-3	-0.179
70.394	-1.087E-2	-0.179
70.428	-1.340E-2	-0.179
70.461	-1.460E-2	-0.179
70.494	-1.464E-2	-0.179
70.528	-1.337E-2	-0.179
70.561	-1.036E-2	-0.179
70.594	-7.473E-3	-0.179
70.628	-3.513E-3	-0.179
70.661	8.998E-4	-0.179
70.695	5.499E-3	-0.179
70.728	9.753E-3	-0.179
70.761	1.319E-2	-0.179
70.795	1.556E-2	-0.179
70.828	1.647E-2	-0.178
70.861	1.645E-2	-0.178
70.895	1.510E-2	-0.178
70.928	1.302E-2	-0.179
70.961	9.474E-3	-0.179
70.995	5.269E-3	-0.179
71.028	8.456E-4	-0.179
71.062	-3.578E-3	-0.179
71.095	-7.499E-3	-0.179
71.128	-1.073E-2	-0.179
71.162	-1.352E-2	-0.179
71.195	-1.467E-2	-0.179
71.228	-1.465E-2	-0.179
71.262	-1.341E-2	-0.179
71.295	-1.031E-2	-0.179
71.328	-7.489E-3	-0.179
71.362	-3.598E-3	-0.179
71.395	8.008E-4	-0.179
71.429	5.309E-3	-0.179
71.462	9.333E-3	-0.179
71.495	1.310E-2	-0.179
71.529	1.534E-2	-0.179
71.562	1.633E-2	-0.178
71.595	1.632E-2	-0.178
71.629	1.503E-2	-0.178
71.662	1.298E-2	-0.179
71.695	9.392E-3	-0.179
71.729	5.318E-3	-0.179
71.762	8.739E-4	-0.179
71.796	-3.547E-3	-0.179
71.829	-7.501E-3	-0.179
71.862	-1.133E-2	-0.179
71.896	-1.342E-2	-0.179
71.929	-1.467E-2	-0.179
71.962	-1.468E-2	-0.179
71.996	-1.339E-2	-0.179
72.029	-1.071E-2	-0.179
72.062	-7.653E-3	-0.179
72.096	-3.725E-3	-0.179
72.129	6.928E-4	-0.179
72.163	4.860E-3	-0.179
72.196	9.152E-3	-0.179
72.229	1.252E-2	-0.179
72.263	1.505E-2	-0.179
72.296	1.636E-2	-0.179
72.329	1.622E-2	-0.178
72.363	1.510E-2	-0.179
72.396	1.261E-2	-0.179
72.429	9.323E-3	-0.179
72.463	5.331E-3	-0.179
72.496	9.428E-4	-0.179
72.529	-3.214E-3	-0.179
72.563	-7.367E-3	-0.179
72.596	-1.042E-2	-0.179
72.630	-1.311E-2	-0.179
72.663	-1.433E-2	-0.179
72.696	-1.440E-2	-0.179
72.730	-1.318E-2	-0.179
72.763	-1.040E-2	-0.179
72.796	-7.586E-3	-0.179
72.830	-3.802E-3	-0.179
72.863	5.008E-4	-0.179
72.896	4.734E-3	-0.179
72.930	8.893E-3	-0.179
72.963	1.229E-2	-0.179
72.997	1.469E-2	-0.179
73.030	1.583E-2	-0.178
73.063	1.583E-2	-0.178
73.097	1.455E-2	-0.178
73.130	1.259E-2	-0.179
73.163	9.276E-3	-0.179
73.197	5.269E-3	-0.179
73.230	9.179E-4	-0.179
73.263	-3.171E-3	-0.179
73.297	-7.003E-3	-0.179
73.330	-1.079E-2	-0.179
73.364	-1.304E-2	-0.179
73.397	-1.424E-2	-0.179
73.430	-1.433E-2	-0.179
73.464	-1.332E-2	-0.179
73.497	-1.132E-2	-0.179
73.530	-7.569E-3	-0.179
73.564	-3.810E-3	-0.179
73.597	2.457E-4	-0.179
73.630	4.718E-3	-0.179
73.664	8.636E-3	-0.179
73.697	1.195E-2	-0.179
73.731	1.444E-2	-0.179
73.764	1.563E-2	-0.178
73.797	1.570E-2	-0.178
73.831	1.449E-2	-0.178
73.864	1.258E-2	-0.179
73.897	9.324E-3	-0.179
73.931	5.383E-3	-0.179
73.964	9.647E-4	-0.179
73.997	-3.113E-3	-0.179
74.031	-6.887E-3	-0.179
74.064	-1.001E-2	-0.179
74.098	-1.281E-2	-0.179
74.131	-1.405E-2	-0.179
74.164	-1.411E-2	-0.179
74.198	-1.328E-2	-0.179
74.231	-1.133E-2	-0.179
74.264	-7.709E-3	-0.179
74.298	-3.816E-3	-0.179
74.331	2.926E-4	-0.179
74.364	4.577E-3	-0.179
74.398	8.598E-3	-0.179
74.431	1.183E-2	-0.179
74.465	1.432E-2	-0.179
74.498	1.565E-2	-0.179
74.531	1.578E-2	-0.179
74.565	1.481E-2	-0.179
74.598	1.246E-2	-0.179
74.631	9.312E-3	-0.179
74.665	5.452E-3	-0.179
74.698	1.409E-3	-0.179
74.731	-2.925E-3	-0.179
74.765	-6.810E-3	-0.179
74.798	-1.029E-2	-0.179
74.831	-1.268E-2	-0.179
74.865	-1.395E-2	-0.179
74.898	-1.404E-2	-0.179
74.932	-1.307E-2	-0.179
74.965	-1.114E-2	-0.179
74.998	-7.489E-3	-0.179
75.032	-3.815E-3	-0.179
75.065	1.257E-4	-0.179
75.098	4.217E-3	-0.179
75.132	8.447E-3	-0.179
75.165	1.178E-2	-0.179
75.198	1.426E-2	-0.179
75.232	1.560E-2	-0.179
75.265	1.576E-2	-0.179
75.299	1.455E-2	-0.179
75.332	1.247E-2	-0.179
75.365	9.320E-3	-0.179
75.399	5.414E-3	-0.179
75.432	9.911E-4	-0.179
75.465	-2.893E-3	-0.179
75.499	-6.772E-3	-0.179
75.532	-9.999E-3	-0.179
75.565	-1.269E-2	-0.179
75.599	-1.397E-2	-0.179
75.632	-1.403E-2	-0.179
75.666	-1.328E-2	-0.179
75.699	-1.077E-2	-0.179
75.732	-8.067E-3	-0.179
75.766	-4.328E-3	-0.179
75.799	-3.691E-4	-0.179
75.832	4.005E-3	-0.179
75.866	7.964E-3	-0.179
75.899	1.123E-2	-0.179
75.932	1.375E-2	-0.179
75.966	1.508E-2	-0.179
75.999	1.520E-2	-0.179
76.033	1.431E-2	-0.179
