	mass A		
t	x	y	
2.169	-3.527E-2	-0.131
2.202	-3.540E-2	-0.131
2.235	-3.531E-2	-0.131
2.269	-3.536E-2	-0.131
2.302	-3.533E-2	-0.131
2.335	-3.496E-2	-0.131
2.369	-3.377E-2	-0.131
2.402	-2.983E-2	-0.132
2.435	-2.353E-2	-0.133
2.469	-1.553E-2	-0.135
2.502	-6.468E-3	-0.136
2.536	3.106E-3	-0.136
2.569	1.214E-2	-0.136
2.602	2.050E-2	-0.135
2.636	2.687E-2	-0.133
2.669	3.130E-2	-0.132
2.702	3.320E-2	-0.132
2.736	3.284E-2	-0.132
2.769	2.982E-2	-0.133
2.802	2.470E-2	-0.134
2.836	1.721E-2	-0.135
2.869	8.008E-3	-0.136
2.903	-1.581E-3	-0.136
2.936	-1.112E-2	-0.135
2.969	-2.010E-2	-0.134
3.003	-2.724E-2	-0.133
3.036	-3.223E-2	-0.131
3.069	-3.427E-2	-0.131
3.103	-3.352E-2	-0.131
3.136	-3.006E-2	-0.132
3.169	-2.404E-2	-0.133
3.203	-1.587E-2	-0.135
3.236	-6.634E-3	-0.136
3.269	2.686E-3	-0.136
3.303	1.220E-2	-0.136
3.336	2.072E-2	-0.135
3.370	2.728E-2	-0.133
3.403	3.148E-2	-0.132
3.436	3.324E-2	-0.132
3.470	3.262E-2	-0.132
3.503	2.950E-2	-0.133
3.536	2.351E-2	-0.134
3.570	1.562E-2	-0.135
3.603	6.458E-3	-0.136
3.636	-3.141E-3	-0.136
3.670	-1.250E-2	-0.135
3.703	-2.099E-2	-0.134
3.737	-2.752E-2	-0.133
3.770	-3.219E-2	-0.132
3.803	-3.410E-2	-0.131
3.837	-3.322E-2	-0.131
3.870	-2.942E-2	-0.132
3.903	-2.319E-2	-0.134
3.937	-1.541E-2	-0.135
3.970	-6.302E-3	-0.136
4.003	3.335E-3	-0.136
4.037	1.273E-2	-0.136
4.070	2.110E-2	-0.135
4.104	2.762E-2	-0.133
4.137	3.163E-2	-0.133
4.170	3.307E-2	-0.132
4.204	3.221E-2	-0.132
4.237	2.915E-2	-0.133
4.270	2.295E-2	-0.134
4.304	1.501E-2	-0.135
4.337	5.911E-3	-0.136
4.370	-3.868E-3	-0.136
4.404	-1.307E-2	-0.135
4.437	-2.142E-2	-0.134
4.471	-2.762E-2	-0.133
4.504	-3.220E-2	-0.131
4.537	-3.391E-2	-0.131
4.571	-3.291E-2	-0.131
4.604	-2.889E-2	-0.132
4.637	-2.244E-2	-0.134
4.671	-1.450E-2	-0.135
4.704	-5.730E-3	-0.136
4.737	3.996E-3	-0.136
4.771	1.344E-2	-0.136
4.804	2.159E-2	-0.134
4.838	2.754E-2	-0.133
4.871	3.141E-2	-0.132
4.904	3.300E-2	-0.132
4.938	3.183E-2	-0.132
4.971	2.832E-2	-0.133
5.004	2.202E-2	-0.134
5.038	1.418E-2	-0.135
5.071	5.062E-3	-0.136
5.104	-4.557E-3	-0.136
5.138	-1.381E-2	-0.135
5.171	-2.188E-2	-0.134
5.204	-2.822E-2	-0.133
5.238	-3.233E-2	-0.131
5.271	-3.385E-2	-0.131
5.305	-3.247E-2	-0.131
5.338	-2.824E-2	-0.132
5.371	-2.179E-2	-0.134
5.405	-1.389E-2	-0.135
5.438	-4.784E-3	-0.136
5.471	4.815E-3	-0.136
5.505	1.409E-2	-0.135
5.538	2.197E-2	-0.134
5.571	2.783E-2	-0.133
5.605	3.136E-2	-0.132
5.638	3.280E-2	-0.132
5.672	3.136E-2	-0.132
5.705	2.762E-2	-0.133
5.738	2.143E-2	-0.134
5.772	1.343E-2	-0.136
5.805	4.346E-3	-0.136
5.838	-5.282E-3	-0.136
5.872	-1.436E-2	-0.135
5.905	-2.214E-2	-0.134
5.938	-2.849E-2	-0.132
5.972	-3.249E-2	-0.131
6.005	-3.372E-2	-0.131
6.039	-3.213E-2	-0.132
6.072	-2.763E-2	-0.133
6.105	-2.129E-2	-0.134
6.139	-1.323E-2	-0.135
6.172	-4.090E-3	-0.136
6.205	5.472E-3	-0.136
6.239	1.457E-2	-0.135
6.272	2.226E-2	-0.134
6.305	2.815E-2	-0.133
6.339	3.168E-2	-0.132
6.372	3.278E-2	-0.132
6.406	3.124E-2	-0.133
6.439	2.726E-2	-0.134
6.472	2.105E-2	-0.135
6.506	1.300E-2	-0.136
6.539	3.616E-3	-0.136
6.572	-5.933E-3	-0.136
6.606	-1.468E-2	-0.135
6.639	-2.224E-2	-0.134
6.672	-2.832E-2	-0.132
6.706	-3.223E-2	-0.131
6.739	-3.324E-2	-0.131
6.773	-3.126E-2	-0.132
6.806	-2.682E-2	-0.133
6.839	-2.058E-2	-0.134
6.873	-1.252E-2	-0.135
6.906	-3.403E-3	-0.136
6.939	6.077E-3	-0.136
6.973	1.508E-2	-0.135
7.006	2.268E-2	-0.134
7.039	2.827E-2	-0.133
7.073	3.175E-2	-0.132
7.106	3.234E-2	-0.132
7.139	3.075E-2	-0.133
7.173	2.672E-2	-0.134
7.206	2.026E-2	-0.135
7.240	1.213E-2	-0.136
7.273	3.029E-3	-0.136
7.306	-6.494E-3	-0.136
7.340	-1.514E-2	-0.135
7.373	-2.275E-2	-0.134
7.406	-2.873E-2	-0.132
7.440	-3.239E-2	-0.131
7.473	-3.320E-2	-0.131
7.506	-3.114E-2	-0.132
7.540	-2.660E-2	-0.133
7.573	-2.012E-2	-0.134
7.607	-1.182E-2	-0.135
7.640	-2.575E-3	-0.136
7.673	6.610E-3	-0.136
7.707	1.524E-2	-0.135
7.740	2.273E-2	-0.134
7.773	2.826E-2	-0.133
7.807	3.133E-2	-0.132
7.840	3.185E-2	-0.132
7.873	3.019E-2	-0.133
7.907	2.582E-2	-0.134
7.940	1.960E-2	-0.135
7.974	1.154E-2	-0.136
8.007	2.398E-3	-0.136
8.040	-6.979E-3	-0.136
8.074	-1.563E-2	-0.135
8.107	-2.315E-2	-0.134
8.140	-2.885E-2	-0.132
8.174	-3.225E-2	-0.131
8.207	-3.279E-2	-0.131
8.240	-3.062E-2	-0.132
8.274	-2.610E-2	-0.133
8.307	-1.916E-2	-0.134
8.341	-1.085E-2	-0.135
8.374	-1.914E-3	-0.136
8.407	7.196E-3	-0.136
8.441	1.598E-2	-0.135
8.474	2.325E-2	-0.134
8.507	2.865E-2	-0.133
8.541	3.131E-2	-0.132
8.574	3.180E-2	-0.132
8.607	2.975E-2	-0.133
8.641	2.537E-2	-0.134
8.674	1.890E-2	-0.135
8.708	1.066E-2	-0.136
8.741	1.596E-3	-0.136
8.774	-7.511E-3	-0.136
8.808	-1.620E-2	-0.135
8.841	-2.357E-2	-0.133
8.874	-2.918E-2	-0.132
8.908	-3.219E-2	-0.131
8.941	-3.263E-2	-0.131
8.974	-3.023E-2	-0.132
9.008	-2.528E-2	-0.133
9.041	-1.825E-2	-0.134
9.074	-1.002E-2	-0.135
9.108	-1.006E-3	-0.136
9.141	8.096E-3	-0.136
9.175	1.667E-2	-0.135
9.208	2.372E-2	-0.134
9.241	2.876E-2	-0.133
9.275	3.125E-2	-0.132
9.308	3.136E-2	-0.132
9.341	2.925E-2	-0.133
9.375	2.478E-2	-0.134
9.408	1.815E-2	-0.135
9.441	1.003E-2	-0.136
9.475	9.600E-4	-0.136
9.508	-8.149E-3	-0.136
9.542	-1.667E-2	-0.135
9.575	-2.413E-2	-0.133
9.608	-2.924E-2	-0.132
9.642	-3.207E-2	-0.131
9.675	-3.220E-2	-0.131
9.708	-2.962E-2	-0.132
9.742	-2.456E-2	-0.133
9.775	-1.759E-2	-0.135
9.808	-9.116E-3	-0.136
9.842	-1.400E-4	-0.136
9.875	8.972E-3	-0.136
9.909	1.734E-2	-0.135
9.942	2.415E-2	-0.134
9.975	2.883E-2	-0.133
10.009	3.122E-2	-0.132
10.042	3.122E-2	-0.132
10.075	2.882E-2	-0.133
10.109	2.417E-2	-0.134
10.142	1.718E-2	-0.135
10.175	9.150E-3	-0.136
10.209	1.213E-4	-0.136
10.242	-9.075E-3	-0.136
10.276	-1.755E-2	-0.135
10.309	-2.428E-2	-0.133
10.342	-2.925E-2	-0.132
10.376	-3.181E-2	-0.132
10.409	-3.177E-2	-0.132
10.442	-2.882E-2	-0.132
10.476	-2.356E-2	-0.133
10.509	-1.654E-2	-0.135
10.542	-8.052E-3	-0.136
10.576	9.724E-4	-0.136
10.609	9.965E-3	-0.136
10.643	1.815E-2	-0.135
10.676	2.474E-2	-0.134
10.709	2.920E-2	-0.133
10.743	3.121E-2	-0.133
10.776	3.114E-2	-0.133
10.809	2.861E-2	-0.133
10.843	2.372E-2	-0.134
10.876	1.664E-2	-0.135
10.909	8.466E-3	-0.136
10.943	-7.065E-4	-0.136
10.976	-9.690E-3	-0.136
11.009	-1.788E-2	-0.135
11.043	-2.443E-2	-0.133
11.076	-2.932E-2	-0.132
11.110	-3.133E-2	-0.132
11.143	-3.125E-2	-0.132
11.176	-2.787E-2	-0.133
11.210	-2.272E-2	-0.134
11.243	-1.559E-2	-0.135
11.276	-7.261E-3	-0.136
11.310	1.762E-3	-0.136
11.343	1.070E-2	-0.136
11.376	1.874E-2	-0.135
11.410	2.514E-2	-0.134
11.443	2.922E-2	-0.133
11.477	3.124E-2	-0.132
11.510	3.083E-2	-0.133
11.543	2.782E-2	-0.133
11.577	2.265E-2	-0.134
11.610	1.563E-2	-0.135
11.643	7.117E-3	-0.136
11.677	-1.938E-3	-0.136
11.710	-1.070E-2	-0.135
11.743	-1.864E-2	-0.134
11.777	-2.511E-2	-0.133
11.810	-2.967E-2	-0.132
11.844	-3.170E-2	-0.131
11.877	-3.116E-2	-0.132
11.910	-2.761E-2	-0.133
11.944	-2.219E-2	-0.134
11.977	-1.501E-2	-0.135
12.010	-6.569E-3	-0.136
12.044	2.468E-3	-0.136
12.077	1.122E-2	-0.136
12.110	1.910E-2	-0.135
12.144	2.524E-2	-0.134
12.177	2.924E-2	-0.133
12.211	3.084E-2	-0.133
12.244	3.021E-2	-0.133
12.277	2.696E-2	-0.133
12.311	2.175E-2	-0.134
12.344	1.464E-2	-0.135
12.377	6.181E-3	-0.136
12.411	-2.830E-3	-0.136
12.444	-1.150E-2	-0.135
12.477	-1.921E-2	-0.134
12.511	-2.566E-2	-0.133
12.544	-2.998E-2	-0.132
12.578	-3.174E-2	-0.131
12.611	-3.081E-2	-0.132
12.644	-2.714E-2	-0.133
12.678	-2.160E-2	-0.134
12.711	-1.421E-2	-0.135
12.744	-5.761E-3	-0.136
12.778	3.086E-3	-0.136
12.811	1.192E-2	-0.136
12.844	1.960E-2	-0.135
12.878	2.551E-2	-0.134
12.911	2.928E-2	-0.133
12.944	3.077E-2	-0.132
12.978	2.978E-2	-0.133
13.011	2.671E-2	-0.133
13.045	2.119E-2	-0.134
13.078	1.384E-2	-0.135
13.111	5.293E-3	-0.136
13.145	-3.610E-3	-0.136
13.178	-1.217E-2	-0.135
13.211	-1.973E-2	-0.134
13.245	-2.582E-2	-0.133
13.278	-3.000E-2	-0.132
13.311	-3.154E-2	-0.131
13.345	-3.024E-2	-0.132
13.378	-2.643E-2	-0.133
13.412	-2.077E-2	-0.134
13.445	-1.329E-2	-0.135
13.478	-4.861E-3	-0.136
13.512	3.961E-3	-0.136
13.545	1.264E-2	-0.136
13.578	2.018E-2	-0.135
13.612	2.584E-2	-0.134
13.645	2.942E-2	-0.133
13.678	3.068E-2	-0.133
13.712	2.958E-2	-0.133
13.745	2.623E-2	-0.134
13.779	2.067E-2	-0.135
13.812	1.322E-2	-0.136
13.845	4.661E-3	-0.136
13.879	-4.275E-3	-0.136
13.912	-1.278E-2	-0.135
13.945	-2.018E-2	-0.134
13.979	-2.622E-2	-0.133
14.012	-3.009E-2	-0.132
14.045	-3.126E-2	-0.132
14.079	-2.985E-2	-0.132
14.112	-2.600E-2	-0.133
14.146	-2.010E-2	-0.134
14.179	-1.265E-2	-0.135
14.212	-4.099E-3	-0.136
14.246	4.776E-3	-0.136
14.279	1.318E-2	-0.136
14.312	2.060E-2	-0.135
14.346	2.611E-2	-0.134
14.379	2.933E-2	-0.133
14.412	3.036E-2	-0.133
14.446	2.885E-2	-0.133
14.479	2.562E-2	-0.134
14.513	1.972E-2	-0.135
14.546	1.218E-2	-0.136
14.579	3.869E-3	-0.136
14.613	-4.996E-3	-0.136
14.646	-1.344E-2	-0.135
14.679	-2.070E-2	-0.134
14.713	-2.661E-2	-0.133
14.746	-3.019E-2	-0.132
14.779	-3.118E-2	-0.132
14.813	-2.966E-2	-0.132
14.846	-2.564E-2	-0.133
14.880	-1.946E-2	-0.134
14.913	-1.189E-2	-0.135
14.946	-3.510E-3	-0.136
14.980	5.221E-3	-0.136
15.013	1.363E-2	-0.136
15.046	2.074E-2	-0.135
15.080	2.620E-2	-0.134
15.113	2.929E-2	-0.133
15.146	2.986E-2	-0.133
15.180	2.861E-2	-0.133
15.213	2.478E-2	-0.134
15.246	1.899E-2	-0.135
15.280	1.143E-2	-0.136
15.313	2.910E-3	-0.136
15.347	-5.760E-3	-0.136
15.380	-1.405E-2	-0.135
15.413	-2.126E-2	-0.134
15.447	-2.674E-2	-0.133
15.480	-3.015E-2	-0.132
15.513	-3.087E-2	-0.132
15.547	-2.919E-2	-0.132
15.580	-2.491E-2	-0.133
15.613	-1.867E-2	-0.134
15.647	-1.108E-2	-0.135
15.680	-2.633E-3	-0.136
15.714	6.031E-3	-0.136
15.747	1.419E-2	-0.135
15.780	2.121E-2	-0.134
15.814	2.628E-2	-0.134
15.847	2.914E-2	-0.133
15.880	2.975E-2	-0.133
15.914	2.820E-2	-0.133
15.947	2.421E-2	-0.134
15.980	1.824E-2	-0.135
16.014	1.059E-2	-0.136
16.047	2.082E-3	-0.136
16.081	-6.529E-3	-0.136
16.114	-1.461E-2	-0.135
16.147	-2.170E-2	-0.134
16.181	-2.709E-2	-0.133
16.214	-3.014E-2	-0.132
16.247	-3.070E-2	-0.132
16.281	-2.875E-2	-0.132
16.314	-2.422E-2	-0.133
16.347	-1.807E-2	-0.135
16.381	-1.030E-2	-0.136
16.414	-1.954E-3	-0.136
16.448	6.728E-3	-0.136
16.481	1.476E-2	-0.135
16.514	2.166E-2	-0.134
16.548	2.669E-2	-0.134
16.581	2.906E-2	-0.133
16.614	2.951E-2	-0.133
16.648	2.755E-2	-0.133
16.681	2.346E-2	-0.134
16.714	1.734E-2	-0.135
16.748	9.743E-3	-0.136
16.781	1.229E-3	-0.136
16.815	-7.317E-3	-0.136
16.848	-1.532E-2	-0.135
16.881	-2.200E-2	-0.134
16.915	-2.705E-2	-0.133
16.948	-2.996E-2	-0.132
16.981	-3.041E-2	-0.132
17.015	-2.803E-2	-0.132
17.048	-2.341E-2	-0.133
17.081	-1.691E-2	-0.135
17.115	-9.344E-3	-0.135
17.148	-8.787E-4	-0.136
17.181	7.769E-3	-0.136
17.215	1.577E-2	-0.135
17.248	2.240E-2	-0.134
17.282	2.689E-2	-0.133
17.315	2.903E-2	-0.133
17.348	2.913E-2	-0.133
17.382	2.718E-2	-0.133
17.415	2.296E-2	-0.134
17.448	1.643E-2	-0.135
17.482	8.834E-3	-0.136
17.515	3.111E-4	-0.136
17.548	-8.238E-3	-0.136
17.582	-1.593E-2	-0.135
17.615	-2.250E-2	-0.134
17.649	-2.734E-2	-0.133
17.682	-2.991E-2	-0.132
17.715	-2.996E-2	-0.132
17.749	-2.743E-2	-0.133
17.782	-2.248E-2	-0.134
17.815	-1.597E-2	-0.135
17.849	-8.296E-3	-0.136
17.882	1.607E-4	-0.136
17.915	8.731E-3	-0.136
17.949	1.645E-2	-0.135
17.982	2.285E-2	-0.134
18.016	2.695E-2	-0.133
18.049	2.900E-2	-0.133
18.082	2.894E-2	-0.133
18.116	2.675E-2	-0.133
18.149	2.201E-2	-0.134
18.182	1.561E-2	-0.135
18.216	7.799E-3	-0.136
18.249	-7.412E-4	-0.136
18.282	-8.952E-3	-0.136
18.316	-1.674E-2	-0.135
18.349	-2.293E-2	-0.134
18.383	-2.751E-2	-0.133
18.416	-2.985E-2	-0.132
18.449	-2.961E-2	-0.132
18.483	-2.666E-2	-0.133
18.516	-2.170E-2	-0.134
18.549	-1.507E-2	-0.135
18.583	-7.399E-3	-0.136
18.616	1.131E-3	-0.136
18.649	9.618E-3	-0.136
18.683	1.714E-2	-0.135
18.716	2.309E-2	-0.134
18.750	2.716E-2	-0.133
18.783	2.886E-2	-0.133
18.816	2.866E-2	-0.133
18.850	2.613E-2	-0.134
18.883	2.130E-2	-0.134
18.916	1.467E-2	-0.135
18.950	6.662E-3	-0.136
18.983	-1.739E-3	-0.136
19.016	-1.006E-2	-0.135
19.050	-1.756E-2	-0.134
19.083	-2.365E-2	-0.133
19.116	-2.782E-2	-0.132
19.150	-2.977E-2	-0.132
19.183	-2.924E-2	-0.132
19.217	-2.610E-2	-0.133
19.250	-2.108E-2	-0.134
19.283	-1.422E-2	-0.135
19.317	-6.221E-3	-0.136
19.350	2.071E-3	-0.136
19.383	1.020E-2	-0.136
19.417	1.768E-2	-0.135
19.450	2.330E-2	-0.134
19.483	2.722E-2	-0.133
19.517	2.879E-2	-0.133
19.550	2.823E-2	-0.133
19.584	2.529E-2	-0.134
19.617	2.026E-2	-0.135
19.650	1.363E-2	-0.135
19.684	5.876E-3	-0.136
19.717	-2.633E-3	-0.136
19.750	-1.066E-2	-0.135
19.784	-1.812E-2	-0.134
19.817	-2.409E-2	-0.133
19.850	-2.817E-2	-0.132
19.884	-2.976E-2	-0.132
19.917	-2.887E-2	-0.132
19.951	-2.553E-2	-0.133
19.984	-2.037E-2	-0.134
20.017	-1.343E-2	-0.135
20.051	-5.469E-3	-0.136
20.084	2.942E-3	-0.136
20.117	1.099E-2	-0.136
20.151	1.820E-2	-0.135
20.184	2.375E-2	-0.134
20.217	2.723E-2	-0.133
20.251	2.873E-2	-0.133
20.284	2.777E-2	-0.133
20.318	2.471E-2	-0.134
20.351	1.966E-2	-0.135
20.384	1.299E-2	-0.135
20.418	4.968E-3	-0.136
20.451	-3.458E-3	-0.136
20.484	-1.156E-2	-0.135
20.518	-1.860E-2	-0.134
20.551	-2.426E-2	-0.133
20.584	-2.814E-2	-0.132
20.618	-2.963E-2	-0.132
20.651	-2.857E-2	-0.132
20.685	-2.510E-2	-0.133
20.718	-1.956E-2	-0.134
20.751	-1.259E-2	-0.135
20.785	-4.646E-3	-0.136
20.818	3.733E-3	-0.136
20.851	1.167E-2	-0.136
20.885	1.865E-2	-0.135
20.918	2.413E-2	-0.134
20.951	2.730E-2	-0.133
20.985	2.861E-2	-0.133
21.018	2.730E-2	-0.133
21.051	2.427E-2	-0.134
21.085	1.907E-2	-0.135
21.118	1.202E-2	-0.136
21.152	4.053E-3	-0.136
21.185	-4.094E-3	-0.136
21.218	-1.205E-2	-0.135
21.252	-1.914E-2	-0.134
21.285	-2.469E-2	-0.133
21.318	-2.820E-2	-0.132
21.352	-2.923E-2	-0.132
21.385	-2.809E-2	-0.132
21.418	-2.430E-2	-0.133
21.452	-1.867E-2	-0.134
21.485	-1.164E-2	-0.135
21.519	-3.606E-3	-0.136
21.552	4.513E-3	-0.136
21.585	1.251E-2	-0.135
21.619	1.922E-2	-0.135
21.652	2.464E-2	-0.134
21.685	2.765E-2	-0.133
21.719	2.832E-2	-0.133
21.752	2.721E-2	-0.133
21.785	2.377E-2	-0.134
21.819	1.853E-2	-0.135
21.852	1.138E-2	-0.136
21.886	3.446E-3	-0.136
21.919	-4.774E-3	-0.136
21.952	-1.260E-2	-0.135
21.986	-1.932E-2	-0.134
22.019	-2.484E-2	-0.133
22.052	-2.813E-2	-0.132
22.086	-2.911E-2	-0.132
22.119	-2.762E-2	-0.132
22.152	-2.360E-2	-0.133
22.186	-1.803E-2	-0.134
22.219	-1.084E-2	-0.135
22.253	-2.928E-3	-0.136
22.286	5.208E-3	-0.136
22.319	1.307E-2	-0.135
22.353	1.966E-2	-0.135
22.386	2.460E-2	-0.134
22.419	2.735E-2	-0.133
22.453	2.790E-2	-0.133
22.486	2.672E-2	-0.133
22.519	2.310E-2	-0.134
22.553	1.758E-2	-0.135
22.586	1.047E-2	-0.136
22.620	2.559E-3	-0.136
22.653	-5.560E-3	-0.136
22.686	-1.322E-2	-0.135
22.720	-2.004E-2	-0.134
22.753	-2.514E-2	-0.133
22.786	-2.822E-2	-0.132
22.820	-2.879E-2	-0.132
22.853	-2.715E-2	-0.133
22.886	-2.308E-2	-0.134
22.920	-1.718E-2	-0.135
22.953	-1.007E-2	-0.135
22.986	-2.196E-3	-0.136
23.020	5.997E-3	-0.136
23.053	1.363E-2	-0.135
23.087	2.005E-2	-0.135
23.120	2.473E-2	-0.134
23.153	2.729E-2	-0.133
23.187	2.778E-2	-0.133
23.220	2.621E-2	-0.134
23.253	2.228E-2	-0.134
23.287	1.663E-2	-0.135
23.320	9.524E-3	-0.136
23.353	1.605E-3	-0.136
23.387	-6.539E-3	-0.136
23.420	-1.411E-2	-0.135
23.454	-2.065E-2	-0.134
23.487	-2.562E-2	-0.133
23.520	-2.822E-2	-0.132
23.554	-2.866E-2	-0.132
23.587	-2.666E-2	-0.133
23.620	-2.225E-2	-0.134
23.654	-1.642E-2	-0.135
23.687	-9.179E-3	-0.136
23.720	-1.397E-3	-0.136
23.754	6.650E-3	-0.136
23.787	1.420E-2	-0.135
23.821	2.061E-2	-0.135
23.854	2.481E-2	-0.134
23.887	2.723E-2	-0.133
23.921	2.769E-2	-0.133
23.954	2.570E-2	-0.134
23.987	2.170E-2	-0.134
24.021	1.570E-2	-0.135
24.054	8.574E-3	-0.136
24.087	6.432E-4	-0.136
24.121	-7.444E-3	-0.136
24.154	-1.474E-2	-0.135
24.188	-2.117E-2	-0.134
24.221	-2.567E-2	-0.133
24.254	-2.820E-2	-0.132
24.288	-2.825E-2	-0.132
24.321	-2.582E-2	-0.133
24.354	-2.134E-2	-0.134
24.388	-1.540E-2	-0.135
24.421	-8.172E-3	-0.136
24.454	-2.064E-4	-0.136
24.488	7.758E-3	-0.136
24.521	1.516E-2	-0.135
24.555	2.118E-2	-0.134
24.588	2.526E-2	-0.134
24.621	2.726E-2	-0.133
24.655	2.724E-2	-0.133
24.688	2.519E-2	-0.134
24.721	2.107E-2	-0.134
24.755	1.497E-2	-0.135
24.788	7.706E-3	-0.136
24.821	-4.032E-4	-0.136
24.855	-8.320E-3	-0.136
24.888	-1.550E-2	-0.135
24.921	-2.146E-2	-0.134
24.955	-2.591E-2	-0.133
24.988	-2.813E-2	-0.132
25.022	-2.798E-2	-0.132
25.055	-2.543E-2	-0.133
25.088	-2.069E-2	-0.134
25.122	-1.447E-2	-0.135
25.155	-7.191E-3	-0.136
25.188	7.445E-4	-0.136
25.222	8.634E-3	-0.136
25.255	1.576E-2	-0.135
25.288	2.144E-2	-0.134
25.322	2.547E-2	-0.134
25.355	2.726E-2	-0.133
25.389	2.696E-2	-0.133
25.422	2.461E-2	-0.134
25.455	2.016E-2	-0.135
25.489	1.405E-2	-0.135
25.522	6.666E-3	-0.136
25.555	-1.433E-3	-0.136
25.589	-9.070E-3	-0.136
25.622	-1.615E-2	-0.135
25.655	-2.210E-2	-0.134
25.689	-2.620E-2	-0.133
25.722	-2.815E-2	-0.132
25.756	-2.764E-2	-0.133
25.789	-2.474E-2	-0.133
25.822	-1.976E-2	-0.134
25.856	-1.362E-2	-0.135
25.889	-6.133E-3	-0.136
25.922	1.869E-3	-0.136
25.956	9.533E-3	-0.136
25.989	1.643E-2	-0.135
26.022	2.207E-2	-0.134
26.056	2.576E-2	-0.134
26.089	2.718E-2	-0.133
26.123	2.676E-2	-0.133
26.156	2.412E-2	-0.134
26.189	1.929E-2	-0.135
26.223	1.314E-2	-0.135
26.256	5.601E-3	-0.136
26.289	-2.278E-3	-0.136
26.323	-9.974E-3	-0.135
26.356	-1.682E-2	-0.135
26.389	-2.238E-2	-0.134
26.423	-2.638E-2	-0.133
26.456	-2.795E-2	-0.132
26.490	-2.719E-2	-0.133
26.523	-2.405E-2	-0.133
26.556	-1.891E-2	-0.134
26.590	-1.255E-2	-0.135
26.623	-5.117E-3	-0.136
26.656	2.715E-3	-0.136
26.690	1.039E-2	-0.136
26.723	1.727E-2	-0.135
26.756	2.253E-2	-0.134
26.790	2.580E-2	-0.134
26.823	2.698E-2	-0.133
26.857	2.609E-2	-0.134
26.890	2.328E-2	-0.134
26.923	1.845E-2	-0.135
26.957	1.194E-2	-0.136
26.990	4.558E-3	-0.136
27.023	-3.332E-3	-0.136
27.057	-1.085E-2	-0.135
27.090	-1.740E-2	-0.135
27.123	-2.292E-2	-0.134
27.157	-2.645E-2	-0.133
27.190	-2.768E-2	-0.133
27.223	-2.661E-2	-0.133
27.257	-2.323E-2	-0.134
27.290	-1.809E-2	-0.135
27.324	-1.159E-2	-0.135
27.357	-4.116E-3	-0.136
27.390	3.688E-3	-0.136
27.424	1.116E-2	-0.136
27.457	1.776E-2	-0.135
27.490	2.273E-2	-0.134
27.524	2.574E-2	-0.134
27.557	2.677E-2	-0.133
27.590	2.571E-2	-0.134
27.624	2.270E-2	-0.134
27.657	1.770E-2	-0.135
27.691	1.110E-2	-0.136
27.724	3.612E-3	-0.136
27.757	-4.086E-3	-0.136
27.791	-1.156E-2	-0.135
27.824	-1.810E-2	-0.135
27.857	-2.320E-2	-0.134
27.891	-2.665E-2	-0.133
27.924	-2.763E-2	-0.133
27.957	-2.627E-2	-0.133
27.991	-2.274E-2	-0.134
28.024	-1.731E-2	-0.135
28.058	-1.065E-2	-0.135
28.091	-3.321E-3	-0.136
28.124	4.531E-3	-0.136
28.158	1.197E-2	-0.136
28.191	1.853E-2	-0.135
28.224	2.318E-2	-0.134
28.258	2.580E-2	-0.134
28.291	2.676E-2	-0.134
28.324	2.529E-2	-0.134
28.358	2.216E-2	-0.134
28.391	1.709E-2	-0.135
28.425	1.022E-2	-0.136
28.458	2.873E-3	-0.136
28.491	-4.868E-3	-0.136
28.525	-1.216E-2	-0.135
28.558	-1.855E-2	-0.134
28.591	-2.363E-2	-0.133
28.625	-2.660E-2	-0.133
28.658	-2.733E-2	-0.133
28.691	-2.567E-2	-0.133
28.725	-2.206E-2	-0.134
28.758	-1.644E-2	-0.135
28.792	-9.791E-3	-0.136
28.825	-2.272E-3	-0.136
28.858	5.409E-3	-0.136
28.892	1.272E-2	-0.136
28.925	1.873E-2	-0.135
28.958	2.329E-2	-0.134
28.992	2.578E-2	-0.134
29.025	2.664E-2	-0.133
29.058	2.505E-2	-0.134
29.092	2.142E-2	-0.134
29.125	1.613E-2	-0.135
29.158	9.350E-3	-0.136
29.192	1.965E-3	-0.136
29.225	-5.750E-3	-0.136
29.259	-1.300E-2	-0.135
29.292	-1.910E-2	-0.134
29.325	-2.387E-2	-0.133
29.359	-2.660E-2	-0.133
29.392	-2.715E-2	-0.133
29.425	-2.534E-2	-0.133
29.459	-2.139E-2	-0.134
29.492	-1.581E-2	-0.135
29.525	-9.003E-3	-0.136
29.559	-1.627E-3	-0.136
29.592	6.151E-3	-0.136
29.626	1.317E-2	-0.135
29.659	1.914E-2	-0.135
29.692	2.356E-2	-0.134
29.726	2.573E-2	-0.134
29.759	2.613E-2	-0.133
29.792	2.431E-2	-0.134
29.826	2.072E-2	-0.135
29.859	1.517E-2	-0.135
29.892	8.502E-3	-0.136
29.926	1.031E-3	-0.136
29.959	-6.645E-3	-0.136
29.993	-1.366E-2	-0.135
30.026	-1.960E-2	-0.134
30.059	-2.414E-2	-0.133
30.093	-2.660E-2	-0.133
30.126	-2.674E-2	-0.133
30.159	-2.472E-2	-0.133
30.193	-2.060E-2	-0.134
30.226	-1.473E-2	-0.135
30.259	-8.042E-3	-0.136
30.293	-5.764E-4	-0.136
30.326	7.019E-3	-0.136
30.360	1.408E-2	-0.135
30.393	1.972E-2	-0.135
30.426	2.375E-2	-0.134
30.460	2.579E-2	-0.134
30.493	2.582E-2	-0.134
30.526	2.381E-2	-0.134
30.560	2.006E-2	-0.135
30.593	1.453E-2	-0.135
30.626	7.647E-3	-0.136
30.660	8.560E-5	-0.136
30.693	-7.466E-3	-0.136
30.727	-1.421E-2	-0.135
30.760	-2.010E-2	-0.134
30.793	-2.458E-2	-0.133
30.827	-2.668E-2	-0.133
30.860	-2.662E-2	-0.133
30.893	-2.425E-2	-0.133
30.927	-2.006E-2	-0.134
30.960	-1.413E-2	-0.135
30.993	-7.160E-3	-0.136
31.027	1.152E-4	-0.136
31.060	7.646E-3	-0.136
31.093	1.457E-2	-0.135
31.127	2.014E-2	-0.135
31.160	2.375E-2	-0.134
31.194	2.573E-2	-0.134
31.227	2.565E-2	-0.134
31.260	2.326E-2	-0.134
31.294	1.925E-2	-0.135
31.327	1.359E-2	-0.135
31.360	6.629E-3	-0.136
31.394	-9.012E-4	-0.136
31.427	-8.189E-3	-0.136
31.460	-1.504E-2	-0.135
31.494	-2.063E-2	-0.134
31.527	-2.465E-2	-0.133
31.561	-2.663E-2	-0.133
31.594	-2.626E-2	-0.133
31.627	-2.361E-2	-0.133
31.661	-1.914E-2	-0.134
31.694	-1.330E-2	-0.135
31.727	-6.205E-3	-0.136
31.761	1.125E-3	-0.136
31.794	8.531E-3	-0.136
31.827	1.508E-2	-0.135
31.861	2.056E-2	-0.135
31.894	2.418E-2	-0.134
31.928	2.577E-2	-0.134
31.961	2.523E-2	-0.134
31.994	2.276E-2	-0.134
32.028	1.860E-2	-0.135
32.061	1.270E-2	-0.136
32.094	5.755E-3	-0.136
32.128	-1.728E-3	-0.136
32.161	-9.004E-3	-0.136
32.194	-1.565E-2	-0.135
32.228	-2.111E-2	-0.134
32.261	-2.477E-2	-0.133
32.295	-2.644E-2	-0.133
32.328	-2.578E-2	-0.133
32.361	-2.278E-2	-0.134
32.395	-1.821E-2	-0.134
32.428	-1.219E-2	-0.135
32.461	-5.121E-3	-0.136
32.495	2.129E-3	-0.136
32.528	9.504E-3	-0.136
32.561	1.604E-2	-0.135
32.595	2.118E-2	-0.135
32.628	2.430E-2	-0.134
32.662	2.574E-2	-0.134
32.695	2.481E-2	-0.134
32.728	2.222E-2	-0.134
32.762	1.772E-2	-0.135
32.795	1.167E-2	-0.136
32.828	4.622E-3	-0.136
32.862	-2.795E-3	-0.136
32.895	-9.861E-3	-0.136
32.928	-1.620E-2	-0.135
32.962	-2.158E-2	-0.134
32.995	-2.510E-2	-0.133
33.028	-2.627E-2	-0.133
33.062	-2.526E-2	-0.133
33.095	-2.223E-2	-0.134
33.129	-1.755E-2	-0.135
33.162	-1.125E-2	-0.135
33.195	-4.278E-3	-0.136
33.229	3.091E-3	-0.136
33.262	1.021E-2	-0.136
33.295	1.666E-2	-0.135
33.329	2.142E-2	-0.134
33.362	2.430E-2	-0.134
33.395	2.524E-2	-0.134
33.429	2.429E-2	-0.134
33.462	2.167E-2	-0.134
33.496	1.689E-2	-0.135
33.529	1.077E-2	-0.136
33.562	3.671E-3	-0.136
33.596	-3.711E-3	-0.136
33.629	-1.075E-2	-0.135
33.662	-1.699E-2	-0.135
33.696	-2.192E-2	-0.134
33.729	-2.514E-2	-0.133
33.762	-2.617E-2	-0.133
33.796	-2.494E-2	-0.133
33.829	-2.162E-2	-0.134
33.863	-1.657E-2	-0.135
33.896	-1.033E-2	-0.135
33.929	-3.274E-3	-0.136
33.963	4.064E-3	-0.136
33.996	1.109E-2	-0.136
34.029	1.723E-2	-0.135
34.063	2.169E-2	-0.134
34.096	2.429E-2	-0.134
34.129	2.514E-2	-0.134
34.163	2.381E-2	-0.134
34.196	2.074E-2	-0.135
34.230	1.574E-2	-0.135
34.263	9.638E-3	-0.136
34.296	2.554E-3	-0.136
34.330	-4.640E-3	-0.136
34.363	-1.161E-2	-0.135
34.396	-1.766E-2	-0.135
34.430	-2.221E-2	-0.134
34.463	-2.521E-2	-0.133
34.496	-2.579E-2	-0.133
34.530	-2.439E-2	-0.133
34.563	-2.073E-2	-0.134
34.597	-1.557E-2	-0.135
34.630	-9.176E-3	-0.136
34.663	-2.092E-3	-0.136
34.697	5.148E-3	-0.136
34.730	1.209E-2	-0.136
34.763	1.810E-2	-0.135
34.797	2.220E-2	-0.134
34.830	2.462E-2	-0.134
34.863	2.514E-2	-0.134
34.897	2.375E-2	-0.134
34.930	2.062E-2	-0.135
34.963	1.520E-2	-0.135
34.997	8.852E-3	-0.136
35.030	1.797E-3	-0.136
35.064	-5.462E-3	-0.136
35.097	-1.219E-2	-0.135
35.130	-1.802E-2	-0.135
35.164	-2.245E-2	-0.134
35.197	-2.517E-2	-0.133
35.230	-2.559E-2	-0.133
35.264	-2.374E-2	-0.133
35.297	-1.977E-2	-0.134
35.330	-1.457E-2	-0.135
35.364	-8.182E-3	-0.136
35.397	-1.060E-3	-0.136
35.431	6.135E-3	-0.136
35.464	1.302E-2	-0.136
35.497	1.872E-2	-0.135
35.531	2.266E-2	-0.134
35.564	2.518E-2	-0.134
35.597	2.520E-2	-0.134
35.631	2.364E-2	-0.134
35.664	1.979E-2	-0.135
35.697	1.454E-2	-0.136
35.731	8.119E-3	-0.136
35.764	9.084E-4	-0.136
35.798	-6.250E-3	-0.136
35.831	-1.298E-2	-0.135
35.864	-1.833E-2	-0.135
35.898	-2.272E-2	-0.134
35.931	-2.512E-2	-0.133
35.964	-2.519E-2	-0.133
35.998	-2.308E-2	-0.134
36.031	-1.909E-2	-0.134
36.064	-1.362E-2	-0.135
36.098	-7.114E-3	-0.136
36.131	-7.459E-5	-0.136
36.165	7.075E-3	-0.136
36.198	1.368E-2	-0.136
36.231	1.905E-2	-0.135
36.265	2.318E-2	-0.134
36.298	2.482E-2	-0.134
36.331	2.480E-2	-0.134
36.365	2.277E-2	-0.134
36.398	1.909E-2	-0.135
36.431	1.361E-2	-0.136
36.465	7.058E-3	-0.136
36.498	-3.819E-5	-0.136
36.532	-7.071E-3	-0.136
36.565	-1.354E-2	-0.135
36.598	-1.906E-2	-0.134
36.632	-2.274E-2	-0.134
36.665	-2.509E-2	-0.133
36.698	-2.486E-2	-0.133
36.732	-2.258E-2	-0.134
36.765	-1.826E-2	-0.135
36.798	-1.275E-2	-0.135
36.832	-6.296E-3	-0.136
36.865	8.075E-4	-0.136
36.898	7.788E-3	-0.136
36.932	1.422E-2	-0.136
36.965	1.930E-2	-0.135
36.999	2.286E-2	-0.134
37.032	2.489E-2	-0.134
37.065	2.432E-2	-0.134
37.099	2.212E-2	-0.134
37.132	1.825E-2	-0.135
37.165	1.266E-2	-0.136
37.199	6.208E-3	-0.136
37.232	-9.659E-4	-0.136
37.265	-8.001E-3	-0.136
37.299	-1.434E-2	-0.135
37.332	-1.960E-2	-0.134
37.366	-2.340E-2	-0.133
37.399	-2.508E-2	-0.133
37.432	-2.465E-2	-0.133
37.466	-2.212E-2	-0.134
37.499	-1.771E-2	-0.134
37.532	-1.206E-2	-0.135
37.566	-5.485E-3	-0.136
37.599	1.593E-3	-0.136
37.632	8.519E-3	-0.136
37.666	1.467E-2	-0.135
37.699	1.964E-2	-0.135
37.733	2.277E-2	-0.134
37.766	2.427E-2	-0.134
37.799	2.377E-2	-0.134
37.833	2.161E-2	-0.134
37.866	1.730E-2	-0.135
37.899	1.166E-2	-0.136
37.933	5.077E-3	-0.136
37.966	-1.965E-3	-0.136
37.999	-8.955E-3	-0.136
38.033	-1.509E-2	-0.135
38.066	-2.011E-2	-0.134
38.100	-2.362E-2	-0.133
38.133	-2.508E-2	-0.133
38.166	-2.430E-2	-0.133
38.200	-2.161E-2	-0.134
38.233	-1.713E-2	-0.135
38.266	-1.116E-2	-0.135
38.300	-4.573E-3	-0.136
38.333	2.489E-3	-0.136
38.366	9.485E-3	-0.136
38.400	1.554E-2	-0.135
38.433	2.017E-2	-0.135
38.467	2.313E-2	-0.134
38.500	2.422E-2	-0.134
38.533	2.365E-2	-0.134
38.567	2.108E-2	-0.134
38.600	1.674E-2	-0.135
38.633	1.102E-2	-0.136
38.667	4.447E-3	-0.136
38.700	-2.597E-3	-0.136
38.733	-9.361E-3	-0.135
38.767	-1.534E-2	-0.135
38.800	-2.013E-2	-0.134
38.833	-2.356E-2	-0.133
38.867	-2.464E-2	-0.133
38.900	-2.372E-2	-0.133
38.934	-2.067E-2	-0.134
38.967	-1.602E-2	-0.135
39.000	-1.018E-2	-0.135
39.034	-3.511E-3	-0.136
39.067	3.465E-3	-0.136
39.100	1.016E-2	-0.136
39.134	1.610E-2	-0.135
39.167	2.068E-2	-0.135
39.200	2.323E-2	-0.134
39.234	2.420E-2	-0.134
39.267	2.321E-2	-0.134
39.301	2.059E-2	-0.135
39.334	1.601E-2	-0.135
39.367	1.012E-2	-0.136
39.401	3.436E-3	-0.136
39.434	-3.505E-3	-0.136
39.467	-1.012E-2	-0.135
39.501	-1.603E-2	-0.135
39.534	-2.071E-2	-0.134
39.567	-2.358E-2	-0.133
39.601	-2.459E-2	-0.133
39.634	-2.332E-2	-0.133
39.668	-2.007E-2	-0.134
39.701	-1.537E-2	-0.135
39.734	-9.462E-3	-0.135
39.768	-2.715E-3	-0.136
39.801	4.231E-3	-0.136
39.834	1.081E-2	-0.136
39.868	1.663E-2	-0.135
39.901	2.083E-2	-0.134
39.934	2.326E-2	-0.134
39.968	2.380E-2	-0.134
40.001	2.275E-2	-0.134
40.035	1.968E-2	-0.135
40.068	1.508E-2	-0.135
40.101	9.073E-3	-0.136
40.135	2.376E-3	-0.136
40.168	-4.549E-3	-0.136
40.201	-1.105E-2	-0.135
40.235	-1.668E-2	-0.135
40.268	-2.115E-2	-0.134
40.301	-2.374E-2	-0.133
40.335	-2.417E-2	-0.133
40.368	-2.272E-2	-0.134
40.402	-1.916E-2	-0.134
40.435	-1.445E-2	-0.135
40.468	-8.386E-3	-0.136
40.502	-1.747E-3	-0.136
40.535	5.196E-3	-0.136
40.568	1.162E-2	-0.136
40.602	1.713E-2	-0.135
40.635	2.115E-2	-0.134
40.668	2.330E-2	-0.134
40.702	2.376E-2	-0.134
40.735	2.221E-2	-0.134
40.769	1.908E-2	-0.135
40.802	1.417E-2	-0.135
40.835	8.125E-3	-0.136
40.869	1.433E-3	-0.136
40.902	-5.446E-3	-0.136
40.935	-1.198E-2	-0.135
40.969	-1.755E-2	-0.134
41.002	-2.161E-2	-0.134
41.035	-2.385E-2	-0.133
41.069	-2.415E-2	-0.133
41.102	-2.223E-2	-0.134
41.135	-1.869E-2	-0.134
41.169	-1.362E-2	-0.135
41.202	-7.459E-3	-0.136
41.236	-8.038E-4	-0.136
41.269	6.135E-3	-0.136
41.302	1.234E-2	-0.136
41.336	1.770E-2	-0.135
41.369	2.126E-2	-0.134
41.402	2.319E-2	-0.134
41.436	2.325E-2	-0.134
41.469	2.167E-2	-0.134
41.502	1.823E-2	-0.135
41.536	1.314E-2	-0.135
41.569	7.010E-3	-0.136
41.603	2.077E-4	-0.136
41.636	-6.507E-3	-0.136
41.669	-1.266E-2	-0.135
41.703	-1.807E-2	-0.134
41.736	-2.165E-2	-0.134
41.769	-2.374E-2	-0.133
41.803	-2.367E-2	-0.133
41.836	-2.158E-2	-0.134
41.869	-1.802E-2	-0.134
41.903	-1.263E-2	-0.135
41.936	-6.537E-3	-0.136
41.970	1.157E-4	-0.136
42.003	7.018E-3	-0.136
42.036	1.315E-2	-0.135
42.070	1.812E-2	-0.135
42.103	2.162E-2	-0.134
42.136	2.320E-2	-0.134
42.170	2.312E-2	-0.134
42.203	2.116E-2	-0.134
42.236	1.756E-2	-0.135
42.270	1.219E-2	-0.136
42.303	6.063E-3	-0.136
42.337	-6.848E-4	-0.136
42.370	-7.406E-3	-0.136
42.403	-1.337E-2	-0.135
42.437	-1.847E-2	-0.134
42.470	-2.186E-2	-0.134
42.503	-2.375E-2	-0.133
42.537	-2.342E-2	-0.133
42.570	-2.110E-2	-0.134
42.603	-1.695E-2	-0.135
42.637	-1.155E-2	-0.135
42.670	-5.433E-3	-0.136
42.704	1.317E-3	-0.136
42.737	7.973E-3	-0.136
42.770	1.394E-2	-0.135
42.804	1.874E-2	-0.135
42.837	2.179E-2	-0.134
42.870	2.313E-2	-0.134
42.904	2.277E-2	-0.134
42.937	2.068E-2	-0.135
42.970	1.667E-2	-0.135
43.004	1.128E-2	-0.136
43.037	5.056E-3	-0.136
43.070	-1.627E-3	-0.136
43.104	-8.137E-3	-0.136
43.137	-1.405E-2	-0.135
43.171	-1.874E-2	-0.134
43.204	-2.218E-2	-0.134
43.237	-2.361E-2	-0.133
43.271	-2.306E-2	-0.133
43.304	-2.017E-2	-0.134
43.337	-1.609E-2	-0.135
43.371	-1.058E-2	-0.135
43.404	-4.336E-3	-0.136
43.437	2.456E-3	-0.136
43.471	9.019E-3	-0.136
43.504	1.469E-2	-0.135
43.538	1.915E-2	-0.135
43.571	2.215E-2	-0.134
43.604	2.316E-2	-0.134
43.638	2.231E-2	-0.134
43.671	1.977E-2	-0.135
43.704	1.601E-2	-0.135
43.738	1.047E-2	-0.136
43.771	4.051E-3	-0.136
43.804	-2.566E-3	-0.136
43.838	-9.036E-3	-0.136
43.871	-1.467E-2	-0.135
43.905	-1.919E-2	-0.134
43.938	-2.220E-2	-0.134
43.971	-2.356E-2	-0.133
44.005	-2.259E-2	-0.134
44.038	-1.960E-2	-0.134
44.071	-1.514E-2	-0.135
44.105	-9.651E-3	-0.135
44.138	-3.354E-3	-0.136
44.171	3.344E-3	-0.136
44.205	9.667E-3	-0.136
44.238	1.523E-2	-0.135
44.272	1.961E-2	-0.135
44.305	2.222E-2	-0.134
44.338	2.296E-2	-0.134
44.372	2.208E-2	-0.134
44.405	1.938E-2	-0.135
44.438	1.510E-2	-0.135
44.472	9.628E-3	-0.136
44.505	3.113E-3	-0.136
44.538	-3.521E-3	-0.136
44.572	-9.910E-3	-0.135
44.605	-1.520E-2	-0.135
44.639	-1.960E-2	-0.134
44.672	-2.228E-2	-0.134
44.705	-2.318E-2	-0.133
44.739	-2.208E-2	-0.134
44.772	-1.904E-2	-0.134
44.805	-1.451E-2	-0.135
44.839	-8.929E-3	-0.135
44.872	-2.468E-3	-0.136
44.905	4.084E-3	-0.136
44.939	1.047E-2	-0.136
44.972	1.572E-2	-0.135
45.005	1.976E-2	-0.135
45.039	2.217E-2	-0.134
45.072	2.272E-2	-0.134
45.106	2.161E-2	-0.134
45.139	1.871E-2	-0.135
45.172	1.421E-2	-0.135
45.206	8.548E-3	-0.136
45.239	2.103E-3	-0.136
45.272	-4.450E-3	-0.136
45.306	-1.063E-2	-0.135
45.339	-1.603E-2	-0.135
45.372	-2.016E-2	-0.134
45.406	-2.261E-2	-0.134
45.439	-2.316E-2	-0.134
45.473	-2.171E-2	-0.134
45.506	-1.843E-2	-0.134
45.539	-1.362E-2	-0.135
45.573	-7.974E-3	-0.136
45.606	-1.536E-3	-0.136
45.639	5.036E-3	-0.136
45.673	1.110E-2	-0.136
45.706	1.619E-2	-0.135
45.739	1.978E-2	-0.135
45.773	2.190E-2	-0.134
45.806	2.229E-2	-0.134
45.840	2.078E-2	-0.135
45.873	1.777E-2	-0.135
45.906	1.327E-2	-0.136
45.940	7.552E-3	-0.136
45.973	1.186E-3	-0.136
46.006	-5.374E-3	-0.136
46.040	-1.142E-2	-0.135
46.073	-1.659E-2	-0.135
46.106	-2.056E-2	-0.134
46.140	-2.263E-2	-0.134
46.173	-2.288E-2	-0.134
46.207	-2.130E-2	-0.134
46.240	-1.787E-2	-0.134
46.273	-1.300E-2	-0.135
46.307	-7.235E-3	-0.136
46.340	-7.746E-4	-0.136
46.373	5.730E-3	-0.136
46.407	1.174E-2	-0.136
46.440	1.662E-2	-0.135
46.473	2.021E-2	-0.135
46.507	2.195E-2	-0.134
46.540	2.206E-2	-0.134
46.574	2.056E-2	-0.135
46.607	1.726E-2	-0.135
46.640	1.247E-2	-0.136
46.674	6.611E-3	-0.136
46.707	2.914E-4	-0.136
46.740	-6.088E-3	-0.136
46.774	-1.204E-2	-0.135
46.807	-1.710E-2	-0.135
46.840	-2.075E-2	-0.134
46.874	-2.265E-2	-0.134
46.907	-2.265E-2	-0.134
46.940	-2.065E-2	-0.134
46.974	-1.712E-2	-0.135
47.007	-1.207E-2	-0.135
47.041	-6.123E-3	-0.136
47.074	1.196E-4	-0.136
47.107	6.637E-3	-0.136
47.141	1.255E-2	-0.136
47.174	1.720E-2	-0.135
47.207	2.060E-2	-0.135
47.241	2.218E-2	-0.135
47.274	2.210E-2	-0.135
47.307	2.016E-2	-0.135
47.341	1.674E-2	-0.135
47.374	1.168E-2	-0.136
47.408	5.948E-3	-0.136
47.441	-4.849E-4	-0.136
47.474	-6.747E-3	-0.136
47.508	-1.262E-2	-0.135
47.541	-1.745E-2	-0.135
47.574	-2.087E-2	-0.134
47.608	-2.232E-2	-0.134
47.641	-2.217E-2	-0.134
47.674	-2.012E-2	-0.134
47.708	-1.622E-2	-0.135
47.741	-1.111E-2	-0.135
47.775	-5.146E-3	-0.136
47.808	1.205E-3	-0.136
47.841	7.574E-3	-0.136
47.875	1.319E-2	-0.136
47.908	1.777E-2	-0.135
47.941	2.072E-2	-0.135
47.975	2.214E-2	-0.135
48.008	2.176E-2	-0.135
48.041	1.969E-2	-0.135
48.075	1.605E-2	-0.135
48.108	1.093E-2	-0.136
48.142	4.939E-3	-0.136
48.175	-1.459E-3	-0.136
48.208	-7.620E-3	-0.136
48.242	-1.319E-2	-0.135
48.275	-1.764E-2	-0.135
48.308	-2.036E-2	-0.134
48.342	-2.224E-2	-0.134
48.375	-2.175E-2	-0.134
48.408	-1.929E-2	-0.134
48.442	-1.519E-2	-0.135
48.475	-1.010E-2	-0.136
48.509	-4.228E-3	-0.136
48.542	2.090E-3	-0.136
48.575	8.395E-3	-0.136
48.609	1.399E-2	-0.136
48.642	1.820E-2	-0.135
48.675	2.082E-2	-0.135
48.709	2.187E-2	-0.135
48.742	2.126E-2	-0.135
48.775	1.908E-2	-0.135
48.809	1.520E-2	-0.136
48.842	9.983E-3	-0.136
48.875	3.988E-3	-0.136
48.909	-2.397E-3	-0.136
48.942	-8.520E-3	-0.136
48.976	-1.391E-2	-0.135
49.009	-1.811E-2	-0.135
49.042	-2.107E-2	-0.134
49.076	-2.164E-2	-0.134
49.109	-2.123E-2	-0.134
49.142	-1.854E-2	-0.135
49.176	-1.452E-2	-0.135
49.209	-9.297E-3	-0.136
49.242	-3.165E-3	-0.136
49.276	3.103E-3	-0.136
49.309	9.152E-3	-0.136
49.343	1.458E-2	-0.136
49.376	1.871E-2	-0.135
49.409	2.107E-2	-0.135
49.443	2.210E-2	-0.135
49.476	2.113E-2	-0.135
49.509	1.866E-2	-0.135
49.543	1.440E-2	-0.136
49.576	9.078E-3	-0.136
49.609	2.984E-3	-0.136
49.643	-3.321E-3	-0.136
49.676	-9.276E-3	-0.136
49.710	-1.440E-2	-0.135
49.743	-1.861E-2	-0.134
49.776	-2.135E-2	-0.134
49.810	-2.199E-2	-0.134
49.843	-2.105E-2	-0.134
49.876	-1.780E-2	-0.135
49.910	-1.358E-2	-0.135
49.943	-8.176E-3	-0.136
49.976	-2.089E-3	-0.136
50.010	4.121E-3	-0.136
50.043	1.006E-2	-0.136
50.077	1.519E-2	-0.135
50.110	1.876E-2	-0.135
50.143	2.110E-2	-0.135
50.177	2.172E-2	-0.135
50.210	2.059E-2	-0.135
50.243	1.776E-2	-0.135
50.277	1.357E-2	-0.136
50.310	8.047E-3	-0.136
50.343	1.943E-3	-0.136
50.377	-4.317E-3	-0.136
50.410	-1.013E-2	-0.136
50.444	-1.512E-2	-0.135
50.477	-1.908E-2	-0.134
50.510	-2.126E-2	-0.134
50.544	-2.180E-2	-0.134
50.577	-2.037E-2	-0.134
50.610	-1.725E-2	-0.135
50.644	-1.261E-2	-0.135
50.677	-7.164E-3	-0.136
50.710	-1.032E-3	-0.136
50.744	5.136E-3	-0.136
50.777	1.097E-2	-0.136
50.810	1.605E-2	-0.135
50.844	1.964E-2	-0.135
50.877	2.126E-2	-0.135
50.911	2.165E-2	-0.134
50.944	2.012E-2	-0.135
50.977	1.724E-2	-0.135
51.011	1.272E-2	-0.136
51.044	7.087E-3	-0.136
51.077	1.003E-3	-0.136
51.111	-5.138E-3	-0.136
51.144	-1.095E-2	-0.135
51.177	-1.555E-2	-0.135
51.211	-1.903E-2	-0.134
51.244	-2.141E-2	-0.134
51.278	-2.155E-2	-0.134
51.311	-1.946E-2	-0.134
51.344	-1.643E-2	-0.135
51.378	-1.165E-2	-0.135
51.411	-6.150E-3	-0.136
51.444	-5.975E-5	-0.136
51.478	6.135E-3	-0.136
51.511	1.167E-2	-0.136
51.544	1.656E-2	-0.135
51.578	1.969E-2	-0.135
51.611	2.125E-2	-0.135
51.645	2.124E-2	-0.134
51.678	1.969E-2	-0.135
51.711	1.658E-2	-0.135
51.745	1.175E-2	-0.136
51.778	6.146E-3	-0.136
51.811	1.822E-5	-0.136
51.845	-6.024E-3	-0.136
51.878	-1.156E-2	-0.135
51.911	-1.609E-2	-0.135
51.945	-1.963E-2	-0.134
51.978	-2.124E-2	-0.134
52.012	-2.119E-2	-0.134
52.045	-1.904E-2	-0.134
52.078	-1.555E-2	-0.135
52.112	-1.092E-2	-0.135
52.145	-5.181E-3	-0.136
52.178	7.848E-4	-0.136
52.212	6.869E-3	-0.136
52.245	1.235E-2	-0.136
52.278	1.685E-2	-0.135
52.312	1.967E-2	-0.135
52.345	2.112E-2	-0.134
52.379	2.084E-2	-0.134
52.412	1.898E-2	-0.135
52.445	1.557E-2	-0.135
52.479	1.083E-2	-0.136
52.512	5.260E-3	-0.136
52.545	-9.075E-4	-0.136
52.579	-6.931E-3	-0.136
52.612	-1.246E-2	-0.135
52.645	-1.689E-2	-0.135
52.679	-1.997E-2	-0.134
52.712	-2.133E-2	-0.134
52.746	-2.100E-2	-0.134
52.779	-1.864E-2	-0.134
52.812	-1.492E-2	-0.135
52.846	-1.005E-2	-0.135
52.879	-4.289E-3	-0.136
52.912	1.647E-3	-0.136
52.946	7.725E-3	-0.136
52.979	1.300E-2	-0.135
53.012	1.726E-2	-0.135
53.046	1.992E-2	-0.135
53.079	2.097E-2	-0.135
53.112	2.046E-2	-0.135
53.146	1.851E-2	-0.135
53.179	1.482E-2	-0.135
53.213	9.933E-3	-0.136
53.246	4.238E-3	-0.136
53.279	-1.829E-3	-0.136
53.313	-7.725E-3	-0.136
53.346	-1.296E-2	-0.135
53.379	-1.713E-2	-0.135
53.413	-1.990E-2	-0.134
53.446	-2.113E-2	-0.134
53.479	-2.033E-2	-0.134
53.513	-1.804E-2	-0.134
53.546	-1.418E-2	-0.135
53.580	-9.133E-3	-0.136
53.613	-3.450E-3	-0.136
53.646	2.526E-3	-0.136
53.680	8.464E-3	-0.136
53.713	1.370E-2	-0.135
53.746	1.772E-2	-0.135
53.780	2.001E-2	-0.135
53.813	2.090E-2	-0.134
53.846	2.018E-2	-0.135
53.880	1.806E-2	-0.135
53.913	1.420E-2	-0.135
53.947	9.078E-3	-0.136
53.980	3.409E-3	-0.136
54.013	-2.524E-3	-0.136
54.047	-8.296E-3	-0.136
54.080	-1.344E-2	-0.135
54.113	-1.734E-2	-0.135
54.147	-2.007E-2	-0.134
54.180	-2.107E-2	-0.134
54.213	-2.007E-2	-0.134
54.247	-1.743E-2	-0.135
54.280	-1.338E-2	-0.135
54.314	-8.343E-3	-0.136
54.347	-2.629E-3	-0.136
54.380	3.446E-3	-0.136
54.414	9.258E-3	-0.136
54.447	1.432E-2	-0.135
54.480	1.829E-2	-0.135
54.514	2.017E-2	-0.135
54.547	2.077E-2	-0.135
54.580	1.978E-2	-0.135
54.614	1.761E-2	-0.135
54.647	1.348E-2	-0.135
54.681	8.275E-3	-0.136
54.714	2.519E-3	-0.136
54.747	-3.438E-3	-0.136
54.781	-9.056E-3	-0.136
54.814	-1.392E-2	-0.135
54.847	-1.770E-2	-0.135
54.881	-2.012E-2	-0.134
54.914	-2.063E-2	-0.134
54.947	-1.965E-2	-0.134
54.981	-1.663E-2	-0.135
55.014	-1.252E-2	-0.135
55.047	-7.449E-3	-0.136
55.081	-1.600E-3	-0.136
55.114	4.293E-3	-0.136
55.148	1.000E-2	-0.136
55.181	1.478E-2	-0.135
55.214	1.822E-2	-0.135
55.248	2.016E-2	-0.135
55.281	2.068E-2	-0.135
55.314	1.926E-2	-0.135
55.348	1.673E-2	-0.135
55.381	1.262E-2	-0.135
55.414	7.440E-3	-0.136
55.448	1.598E-3	-0.136
55.481	-4.353E-3	-0.136
55.515	-9.919E-3	-0.135
55.548	-1.452E-2	-0.135
55.581	-1.815E-2	-0.134
55.615	-2.035E-2	-0.134
55.648	-2.063E-2	-0.134
55.681	-1.922E-2	-0.134
55.715	-1.607E-2	-0.135
55.748	-1.188E-2	-0.135
55.781	-6.576E-3	-0.136
55.815	-8.280E-4	-0.136
55.848	5.168E-3	-0.136
55.882	1.068E-2	-0.136
55.915	1.516E-2	-0.135
55.948	1.841E-2	-0.135
55.982	2.021E-2	-0.135
56.015	2.025E-2	-0.135
56.048	1.875E-2	-0.135
56.082	1.581E-2	-0.135
56.115	1.170E-2	-0.136
56.148	6.583E-3	-0.136
56.182	7.355E-4	-0.136
56.215	-5.088E-3	-0.136
56.249	-1.050E-2	-0.135
56.282	-1.503E-2	-0.135
56.315	-1.834E-2	-0.134
56.349	-2.001E-2	-0.134
56.382	-2.032E-2	-0.134
56.415	-1.842E-2	-0.134
56.449	-1.512E-2	-0.135
56.482	-1.069E-2	-0.135
56.515	-5.190E-3	-0.136
56.549	3.372E-4	-0.136
56.582	6.161E-3	-0.136
56.616	1.125E-2	-0.136
56.649	1.574E-2	-0.135
56.682	1.869E-2	-0.135
56.716	2.014E-2	-0.135
56.749	2.019E-2	-0.135
56.782	1.847E-2	-0.135
56.816	1.523E-2	-0.135
56.849	1.103E-2	-0.136
56.882	5.542E-3	-0.136
56.916	-1.850E-4	-0.136
56.949	-5.960E-3	-0.136
56.982	-1.116E-2	-0.135
57.016	-1.544E-2	-0.135
57.049	-1.861E-2	-0.134
57.083	-2.014E-2	-0.134
57.116	-2.007E-2	-0.134
57.149	-1.809E-2	-0.134
57.183	-1.460E-2	-0.135
57.216	-9.975E-3	-0.135
57.249	-4.505E-3	-0.136
57.283	1.281E-3	-0.136
57.316	7.064E-3	-0.136
57.349	1.214E-2	-0.136
57.383	1.616E-2	-0.135
57.416	1.877E-2	-0.135
57.450	2.014E-2	-0.135
57.483	1.974E-2	-0.135
57.516	1.802E-2	-0.135
57.550	1.462E-2	-0.135
57.583	1.003E-2	-0.136
57.616	4.548E-3	-0.136
57.650	-1.084E-3	-0.136
57.683	-6.915E-3	-0.136
57.716	-1.200E-2	-0.135
57.750	-1.610E-2	-0.135
57.783	-1.907E-2	-0.134
57.817	-2.006E-2	-0.134
57.850	-1.965E-2	-0.134
57.883	-1.721E-2	-0.135
57.917	-1.354E-2	-0.135
57.950	-8.964E-3	-0.136
57.983	-3.489E-3	-0.136
58.017	2.414E-3	-0.136
58.050	7.997E-3	-0.136
58.083	1.303E-2	-0.136
58.117	1.671E-2	-0.135
58.150	1.916E-2	-0.135
58.184	2.010E-2	-0.135
58.217	1.959E-2	-0.135
58.250	1.760E-2	-0.135
58.284	1.385E-2	-0.135
58.317	9.171E-3	-0.136
58.350	3.603E-3	-0.136
58.384	-2.051E-3	-0.136
58.417	-7.543E-3	-0.136
58.450	-1.256E-2	-0.135
58.484	-1.652E-2	-0.135
58.517	-1.915E-2	-0.134
58.551	-1.977E-2	-0.134
58.584	-1.913E-2	-0.134
58.617	-1.659E-2	-0.135
58.651	-1.268E-2	-0.135
58.684	-7.861E-3	-0.136
58.717	-2.427E-3	-0.136
58.751	3.116E-3	-0.136
58.784	8.678E-3	-0.136
58.817	1.353E-2	-0.135
58.851	1.720E-2	-0.135
58.884	1.921E-2	-0.135
58.917	1.981E-2	-0.135
58.951	1.916E-2	-0.135
58.984	1.688E-2	-0.135
59.018	1.302E-2	-0.135
59.051	8.177E-3	-0.136
59.084	2.656E-3	-0.136
59.118	-3.007E-3	-0.136
59.151	-8.453E-3	-0.136
59.184	-1.317E-2	-0.135
59.218	-1.672E-2	-0.135
59.251	-1.919E-2	-0.134
59.284	-1.968E-2	-0.134
59.318	-1.847E-2	-0.134
59.351	-1.603E-2	-0.135
59.385	-1.199E-2	-0.135
59.418	-6.990E-3	-0.136
59.451	-1.450E-3	-0.136
59.485	4.082E-3	-0.136
59.518	9.577E-3	-0.136
59.551	1.408E-2	-0.135
59.585	1.759E-2	-0.135
59.618	1.960E-2	-0.135
59.651	1.975E-2	-0.135
59.685	1.872E-2	-0.135
59.718	1.614E-2	-0.135
59.752	1.211E-2	-0.136
59.785	7.180E-3	-0.136
59.818	1.748E-3	-0.136
59.852	-3.921E-3	-0.136
59.885	-9.140E-3	-0.136
59.918	-1.363E-2	-0.135
59.952	-1.706E-2	-0.135
59.985	-1.912E-2	-0.134
60.018	-1.925E-2	-0.134
60.052	-1.774E-2	-0.135
60.085	-1.517E-2	-0.135
60.119	-1.110E-2	-0.135
60.152	-6.032E-3	-0.136
60.185	-5.124E-4	-0.136
60.219	5.118E-3	-0.136
60.252	1.019E-2	-0.136
60.285	1.466E-2	-0.135
60.319	1.769E-2	-0.135
60.352	1.923E-2	-0.135
60.385	1.927E-2	-0.135
60.419	1.812E-2	-0.135
60.452	1.525E-2	-0.135
60.486	1.118E-2	-0.136
60.519	6.257E-3	-0.136
60.552	7.349E-4	-0.136
60.586	-4.651E-3	-0.136
60.619	-9.946E-3	-0.135
60.652	-1.420E-2	-0.135
60.686	-1.758E-2	-0.134
60.719	-1.923E-2	-0.134
60.752	-1.924E-2	-0.134
60.786	-1.763E-2	-0.134
60.819	-1.449E-2	-0.135
60.852	-1.020E-2	-0.135
60.886	-5.031E-3	-0.136
60.919	4.203E-4	-0.136
60.953	5.983E-3	-0.136
60.986	1.107E-2	-0.136
61.019	1.521E-2	-0.135
61.053	1.816E-2	-0.135
61.086	1.927E-2	-0.135
61.119	1.923E-2	-0.135
61.153	1.765E-2	-0.135
61.186	1.475E-2	-0.135
61.219	1.059E-2	-0.136
61.253	5.574E-3	-0.136
61.286	-1.885E-5	-0.136
61.320	-5.507E-3	-0.136
61.353	-1.054E-2	-0.135
61.386	-1.466E-2	-0.135
61.420	-1.766E-2	-0.134
61.453	-1.914E-2	-0.134
61.486	-1.905E-2	-0.134
61.520	-1.720E-2	-0.134
61.553	-1.393E-2	-0.135
61.586	-9.535E-3	-0.135
61.620	-4.417E-3	-0.136
61.653	1.105E-3	-0.136
61.687	6.616E-3	-0.136
61.720	1.151E-2	-0.136
61.753	1.551E-2	-0.135
61.787	1.822E-2	-0.135
61.820	1.957E-2	-0.135
61.853	1.927E-2	-0.135
61.887	1.764E-2	-0.135
61.920	1.415E-2	-0.135
61.953	9.987E-3	-0.136
61.987	4.652E-3	-0.136
62.020	-8.996E-4	-0.136
62.054	-6.124E-3	-0.136
62.087	-1.116E-2	-0.135
62.120	-1.511E-2	-0.135
62.154	-1.775E-2	-0.134
62.187	-1.912E-2	-0.134
62.220	-1.855E-2	-0.134
62.254	-1.620E-2	-0.135
62.287	-1.299E-2	-0.135
62.320	-8.490E-3	-0.136
62.354	-3.443E-3	-0.136
62.387	2.074E-3	-0.136
62.421	7.464E-3	-0.136
62.454	1.211E-2	-0.136
62.487	1.573E-2	-0.135
62.521	1.823E-2	-0.135
62.554	1.922E-2	-0.135
62.587	1.861E-2	-0.135
62.621	1.663E-2	-0.135
62.654	1.349E-2	-0.135
62.687	9.029E-3	-0.136
62.721	3.820E-3	-0.136
62.754	-1.610E-3	-0.136
62.787	-7.012E-3	-0.136
62.821	-1.156E-2	-0.135
62.854	-1.551E-2	-0.135
62.888	-1.808E-2	-0.134
62.921	-1.875E-2	-0.134
62.954	-1.822E-2	-0.134
62.988	-1.599E-2	-0.135
63.021	-1.246E-2	-0.135
63.054	-7.771E-3	-0.136
63.088	-2.578E-3	-0.136
63.121	2.866E-3	-0.136
63.154	8.065E-3	-0.136
63.188	1.267E-2	-0.136
63.221	1.615E-2	-0.135
63.255	1.824E-2	-0.135
63.288	1.918E-2	-0.135
63.321	1.827E-2	-0.135
63.355	1.612E-2	-0.135
63.388	1.267E-2	-0.136
63.421	8.060E-3	-0.136
63.455	2.660E-3	-0.136
63.488	-2.675E-3	-0.136
63.521	-7.837E-3	-0.136
63.555	-1.246E-2	-0.135
63.588	-1.604E-2	-0.135
63.622	-1.808E-2	-0.134
63.655	-1.858E-2	-0.134
63.688	-1.801E-2	-0.134
63.722	-1.523E-2	-0.135
63.755	-1.152E-2	-0.135
63.788	-6.932E-3	-0.136
63.822	-1.721E-3	-0.136
63.855	3.714E-3	-0.136
63.888	8.867E-3	-0.136
63.922	1.324E-2	-0.135
63.955	1.650E-2	-0.135
63.989	1.834E-2	-0.135
64.022	1.894E-2	-0.135
64.055	1.783E-2	-0.135
64.089	1.557E-2	-0.135
64.122	1.172E-2	-0.136
64.155	7.079E-3	-0.136
64.189	1.826E-3	-0.136
64.222	-3.505E-3	-0.136
64.255	-8.562E-3	-0.136
64.289	-1.294E-2	-0.135
64.322	-1.640E-2	-0.135
64.356	-1.829E-2	-0.134
64.389	-1.851E-2	-0.134
64.422	-1.726E-2	-0.135
64.456	-1.471E-2	-0.135
64.489	-1.070E-2	-0.135
64.522	-5.795E-3	-0.136
64.556	-7.504E-4	-0.136
64.589	4.670E-3	-0.136
64.622	9.673E-3	-0.136
64.656	1.383E-2	-0.135
64.689	1.694E-2	-0.135
64.722	1.857E-2	-0.135
64.756	1.883E-2	-0.135
64.789	1.757E-2	-0.135
64.823	1.496E-2	-0.135
64.856	1.111E-2	-0.136
64.889	6.281E-3	-0.136
64.923	8.995E-4	-0.136
64.956	-4.326E-3	-0.136
64.989	-9.347E-3	-0.135
65.023	-1.351E-2	-0.135
65.056	-1.636E-2	-0.135
65.089	-1.805E-2	-0.134
65.123	-1.816E-2	-0.134
65.156	-1.706E-2	-0.134
65.190	-1.399E-2	-0.135
65.223	-9.698E-3	-0.135
65.256	-5.080E-3	-0.136
65.290	2.566E-5	-0.136
65.323	5.610E-3	-0.136
65.356	1.051E-2	-0.136
65.390	1.424E-2	-0.135
65.423	1.707E-2	-0.135
65.456	1.853E-2	-0.135
65.490	1.865E-2	-0.135
65.523	1.714E-2	-0.135
65.557	1.399E-2	-0.135
65.590	9.980E-3	-0.136
65.623	5.164E-3	-0.136
65.657	-7.487E-5	-0.136
65.690	-5.407E-3	-0.136
