	mass A		
t	x	y	
1.735	-3.452E-2	-0.144
1.768	-3.308E-2	-0.144
1.802	-2.890E-2	-0.146
1.835	-2.268E-2	-0.147
1.868	-1.489E-2	-0.148
1.902	-5.539E-3	-0.149
1.935	4.409E-3	-0.149
1.968	1.437E-2	-0.148
2.002	2.296E-2	-0.147
2.035	2.998E-2	-0.146
2.068	3.504E-2	-0.145
2.102	3.782E-2	-0.144
2.135	3.768E-2	-0.144
2.169	3.430E-2	-0.143
2.202	2.891E-2	-0.144
2.235	2.148E-2	-0.146
2.269	1.260E-2	-0.147
2.302	2.947E-3	-0.147
2.335	-7.148E-3	-0.147
2.369	-1.633E-2	-0.146
2.402	-2.402E-2	-0.145
2.435	-3.001E-2	-0.143
2.469	-3.354E-2	-0.142
2.502	-3.458E-2	-0.142
2.536	-3.277E-2	-0.143
2.569	-2.862E-2	-0.144
2.602	-2.244E-2	-0.145
2.636	-1.417E-2	-0.146
2.669	-4.563E-3	-0.147
2.702	5.471E-3	-0.147
2.736	1.482E-2	-0.146
2.769	2.347E-2	-0.145
2.802	3.046E-2	-0.144
2.836	3.528E-2	-0.143
2.869	3.728E-2	-0.142
2.903	3.665E-2	-0.142
2.936	3.351E-2	-0.143
2.969	2.798E-2	-0.144
3.003	2.041E-2	-0.146
3.036	1.127E-2	-0.147
3.069	1.523E-3	-0.147
3.103	-8.262E-3	-0.147
3.136	-1.719E-2	-0.146
3.169	-2.473E-2	-0.144
3.203	-3.019E-2	-0.143
3.236	-3.316E-2	-0.142
3.270	-3.384E-2	-0.142
3.303	-3.209E-2	-0.143
3.336	-2.797E-2	-0.144
3.370	-2.115E-2	-0.145
3.403	-1.276E-2	-0.146
3.436	-3.143E-3	-0.147
3.470	6.709E-3	-0.147
3.503	1.604E-2	-0.146
3.536	2.452E-2	-0.145
3.570	3.117E-2	-0.144
3.603	3.571E-2	-0.143
3.637	3.726E-2	-0.142
3.670	3.634E-2	-0.142
3.703	3.268E-2	-0.143
3.737	2.694E-2	-0.145
3.770	1.902E-2	-0.146
3.803	1.036E-2	-0.147
3.837	5.181E-4	-0.147
3.870	-9.397E-3	-0.147
3.903	-1.835E-2	-0.146
3.937	-2.554E-2	-0.144
3.970	-3.080E-2	-0.143
4.004	-3.355E-2	-0.142
4.037	-3.397E-2	-0.142
4.070	-3.162E-2	-0.143
4.104	-2.675E-2	-0.144
4.137	-1.977E-2	-0.145
4.170	-1.135E-2	-0.147
4.204	-1.999E-3	-0.147
4.237	8.058E-3	-0.147
4.270	1.734E-2	-0.146
4.304	2.545E-2	-0.145
4.337	3.173E-2	-0.144
4.371	3.573E-2	-0.143
4.404	3.714E-2	-0.142
4.437	3.593E-2	-0.143
4.471	3.188E-2	-0.144
4.504	2.574E-2	-0.145
4.537	1.802E-2	-0.146
4.571	8.763E-3	-0.147
4.604	-1.142E-3	-0.147
4.637	-1.080E-2	-0.146
4.671	-1.879E-2	-0.145
4.704	-2.588E-2	-0.144
4.738	-3.070E-2	-0.143
4.771	-3.315E-2	-0.142
4.804	-3.307E-2	-0.142
4.838	-3.054E-2	-0.143
4.871	-2.552E-2	-0.144
4.904	-1.861E-2	-0.145
4.938	-9.971E-3	-0.146
4.971	-2.521E-4	-0.147
5.004	9.661E-3	-0.147
5.038	1.874E-2	-0.146
5.071	2.650E-2	-0.145
5.104	3.250E-2	-0.143
5.138	3.609E-2	-0.143
5.171	3.698E-2	-0.142
5.205	3.546E-2	-0.143
5.238	3.117E-2	-0.144
5.271	2.490E-2	-0.145
5.305	1.646E-2	-0.146
5.338	7.306E-3	-0.147
5.371	-2.238E-3	-0.147
5.405	-1.181E-2	-0.146
5.438	-2.001E-2	-0.145
5.471	-2.670E-2	-0.144
5.505	-3.130E-2	-0.143
5.538	-3.326E-2	-0.142
5.572	-3.289E-2	-0.142
5.605	-2.994E-2	-0.143
5.638	-2.482E-2	-0.144
5.672	-1.728E-2	-0.146
5.705	-8.338E-3	-0.147
5.738	1.093E-3	-0.147
5.772	1.073E-2	-0.147
5.805	1.987E-2	-0.146
5.838	2.737E-2	-0.145
5.872	3.294E-2	-0.143
5.905	3.623E-2	-0.143
5.939	3.669E-2	-0.142
5.972	3.458E-2	-0.143
6.005	3.006E-2	-0.144
6.039	2.352E-2	-0.145
6.072	1.508E-2	-0.146
6.105	5.990E-3	-0.147
6.139	-3.712E-3	-0.147
6.172	-1.306E-2	-0.146
6.205	-2.122E-2	-0.145
6.239	-2.745E-2	-0.144
6.272	-3.139E-2	-0.143
6.306	-3.340E-2	-0.142
6.339	-3.261E-2	-0.143
6.372	-2.925E-2	-0.143
6.406	-2.357E-2	-0.145
6.439	-1.611E-2	-0.146
6.472	-6.971E-3	-0.147
6.506	2.600E-3	-0.147
6.539	1.195E-2	-0.147
6.572	2.090E-2	-0.146
6.606	2.813E-2	-0.144
6.639	3.329E-2	-0.143
6.673	3.618E-2	-0.143
6.706	3.636E-2	-0.143
6.739	3.383E-2	-0.143
6.773	2.905E-2	-0.144
6.806	2.208E-2	-0.146
6.839	1.371E-2	-0.147
6.873	4.293E-3	-0.147
6.906	-5.371E-3	-0.147
6.939	-1.463E-2	-0.146
6.973	-2.227E-2	-0.145
7.006	-2.831E-2	-0.144
7.040	-3.197E-2	-0.143
7.073	-3.335E-2	-0.142
7.106	-3.242E-2	-0.143
7.140	-2.854E-2	-0.144
7.173	-2.269E-2	-0.145
7.206	-1.496E-2	-0.146
7.240	-5.687E-3	-0.147
7.273	4.007E-3	-0.147
7.306	1.355E-2	-0.146
7.340	2.206E-2	-0.145
7.373	2.900E-2	-0.144
7.407	3.388E-2	-0.143
7.440	3.618E-2	-0.142
7.473	3.593E-2	-0.143
7.507	3.333E-2	-0.143
7.540	2.791E-2	-0.144
7.573	2.081E-2	-0.146
7.607	1.199E-2	-0.147
7.640	2.737E-3	-0.147
7.673	-6.725E-3	-0.147
7.707	-1.533E-2	-0.146
7.740	-2.310E-2	-0.145
7.774	-2.855E-2	-0.144
7.807	-3.194E-2	-0.143
7.840	-3.325E-2	-0.142
7.874	-3.152E-2	-0.143
7.907	-2.754E-2	-0.144
7.940	-2.131E-2	-0.145
7.974	-1.326E-2	-0.146
8.007	-4.026E-3	-0.147
8.040	5.532E-3	-0.147
8.074	1.477E-2	-0.146
8.107	2.313E-2	-0.145
8.141	2.980E-2	-0.144
8.174	3.430E-2	-0.143
8.207	3.622E-2	-0.142
8.241	3.569E-2	-0.143
8.274	3.274E-2	-0.143
8.307	2.715E-2	-0.145
8.341	1.954E-2	-0.146
8.374	1.086E-2	-0.147
8.407	1.661E-3	-0.147
8.441	-7.774E-3	-0.147
8.474	-1.644E-2	-0.146
8.508	-2.384E-2	-0.145
8.541	-2.896E-2	-0.143
8.574	-3.188E-2	-0.142
8.608	-3.265E-2	-0.142
8.641	-3.089E-2	-0.143
8.674	-2.647E-2	-0.144
8.708	-1.986E-2	-0.145
8.741	-1.178E-2	-0.146
8.774	-2.636E-3	-0.147
8.808	6.983E-3	-0.147
8.841	1.621E-2	-0.146
8.874	2.426E-2	-0.145
8.908	3.054E-2	-0.144
8.941	3.449E-2	-0.143
8.975	3.611E-2	-0.142
9.008	3.503E-2	-0.143
9.041	3.147E-2	-0.144
9.075	2.583E-2	-0.145
9.108	1.829E-2	-0.146
9.141	9.543E-3	-0.147
9.175	-2.150E-6	-0.147
9.208	-9.239E-3	-0.147
9.241	-1.771E-2	-0.146
9.275	-2.440E-2	-0.144
9.308	-2.936E-2	-0.143
9.342	-3.223E-2	-0.143
9.375	-3.238E-2	-0.142
9.408	-3.009E-2	-0.143
9.442	-2.565E-2	-0.144
9.475	-1.899E-2	-0.145
9.508	-1.065E-2	-0.146
9.542	-1.253E-3	-0.147
9.575	8.328E-3	-0.147
9.608	1.740E-2	-0.146
9.642	2.506E-2	-0.145
9.675	3.106E-2	-0.144
9.709	3.487E-2	-0.143
9.742	3.620E-2	-0.142
9.775	3.466E-2	-0.143
9.809	3.080E-2	-0.144
9.842	2.474E-2	-0.145
9.875	1.696E-2	-0.146
9.909	8.094E-3	-0.147
9.942	-1.424E-3	-0.147
9.975	-1.033E-2	-0.146
10.009	-1.853E-2	-0.145
10.042	-2.527E-2	-0.144
10.076	-2.981E-2	-0.143
10.109	-3.230E-2	-0.143
10.142	-3.213E-2	-0.142
10.176	-2.960E-2	-0.143
10.209	-2.485E-2	-0.144
10.242	-1.782E-2	-0.146
10.276	-9.107E-3	-0.147
10.309	4.061E-4	-0.147
10.342	9.692E-3	-0.147
10.376	1.842E-2	-0.146
10.409	2.587E-2	-0.145
10.443	3.170E-2	-0.144
10.476	3.518E-2	-0.143
10.509	3.588E-2	-0.143
10.543	3.424E-2	-0.143
10.576	3.006E-2	-0.144
10.609	2.374E-2	-0.145
10.643	1.574E-2	-0.146
10.676	6.720E-3	-0.147
10.709	-2.495E-3	-0.147
10.743	-1.166E-2	-0.146
10.776	-1.993E-2	-0.145
10.810	-2.615E-2	-0.144
10.843	-3.013E-2	-0.143
10.876	-3.278E-2	-0.143
10.910	-3.243E-2	-0.143
10.943	-2.926E-2	-0.143
10.976	-2.389E-2	-0.145
11.010	-1.654E-2	-0.146
11.043	-8.242E-3	-0.147
11.076	1.256E-3	-0.147
11.110	1.076E-2	-0.147
11.143	1.963E-2	-0.146
11.177	2.665E-2	-0.145
11.210	3.187E-2	-0.144
11.243	3.509E-2	-0.143
11.277	3.543E-2	-0.143
11.310	3.340E-2	-0.143
11.343	2.892E-2	-0.144
11.377	2.269E-2	-0.145
11.410	1.444E-2	-0.146
11.443	5.557E-3	-0.147
11.477	-3.813E-3	-0.147
11.510	-1.293E-2	-0.146
11.544	-2.066E-2	-0.145
11.577	-2.656E-2	-0.144
11.610	-3.042E-2	-0.143
11.644	-3.244E-2	-0.143
11.677	-3.160E-2	-0.143
11.710	-2.817E-2	-0.144
11.744	-2.286E-2	-0.145
11.777	-1.559E-2	-0.146
11.810	-6.638E-3	-0.147
11.844	2.788E-3	-0.147
11.877	1.203E-2	-0.147
11.910	2.033E-2	-0.146
11.944	2.747E-2	-0.144
11.977	3.253E-2	-0.143
12.011	3.520E-2	-0.143
12.044	3.520E-2	-0.143
12.077	3.266E-2	-0.143
12.111	2.824E-2	-0.144
12.144	2.153E-2	-0.145
12.177	1.325E-2	-0.146
12.211	4.326E-3	-0.147
12.244	-5.212E-3	-0.147
12.277	-1.378E-2	-0.146
12.311	-2.138E-2	-0.145
12.344	-2.734E-2	-0.144
12.378	-3.062E-2	-0.143
12.411	-3.211E-2	-0.143
12.444	-3.090E-2	-0.143
12.478	-2.762E-2	-0.144
12.511	-2.160E-2	-0.145
12.544	-1.414E-2	-0.146
12.578	-5.205E-3	-0.147
12.611	3.924E-3	-0.147
12.644	1.304E-2	-0.146
12.678	2.144E-2	-0.146
12.711	2.823E-2	-0.144
12.745	3.262E-2	-0.143
12.778	3.495E-2	-0.143
12.811	3.479E-2	-0.143
12.845	3.201E-2	-0.144
12.878	2.701E-2	-0.145
12.911	1.993E-2	-0.146
12.945	1.148E-2	-0.147
12.978	2.555E-3	-0.147
13.011	-6.306E-3	-0.147
13.045	-1.496E-2	-0.146
13.078	-2.223E-2	-0.145
13.112	-2.757E-2	-0.144
13.145	-3.072E-2	-0.143
13.178	-3.192E-2	-0.143
13.212	-3.066E-2	-0.143
13.245	-2.662E-2	-0.144
13.278	-2.047E-2	-0.145
13.312	-1.285E-2	-0.146
13.345	-4.222E-3	-0.147
13.378	5.459E-3	-0.147
13.412	1.450E-2	-0.147
13.445	2.244E-2	-0.145
13.479	2.876E-2	-0.144
13.512	3.322E-2	-0.143
13.545	3.511E-2	-0.143
13.579	3.445E-2	-0.143
13.612	3.129E-2	-0.144
13.645	2.584E-2	-0.145
13.679	1.883E-2	-0.146
13.712	1.058E-2	-0.147
13.745	1.242E-3	-0.147
13.779	-7.996E-3	-0.147
13.812	-1.622E-2	-0.146
13.846	-2.297E-2	-0.145
13.879	-2.854E-2	-0.144
13.912	-3.138E-2	-0.143
13.946	-3.186E-2	-0.143
13.979	-2.986E-2	-0.143
14.012	-2.572E-2	-0.144
14.046	-1.941E-2	-0.145
14.079	-1.142E-2	-0.146
14.112	-2.414E-3	-0.147
14.146	7.049E-3	-0.147
14.179	1.572E-2	-0.146
14.213	2.362E-2	-0.145
14.246	2.979E-2	-0.144
14.279	3.363E-2	-0.143
14.313	3.495E-2	-0.143
14.346	3.388E-2	-0.143
14.379	3.065E-2	-0.144
14.413	2.510E-2	-0.145
14.446	1.746E-2	-0.146
14.479	9.191E-3	-0.147
14.513	-2.576E-4	-0.147
14.546	-9.066E-3	-0.146
14.580	-1.701E-2	-0.146
14.613	-2.385E-2	-0.144
14.646	-2.862E-2	-0.143
14.680	-3.104E-2	-0.143
14.713	-3.116E-2	-0.143
14.746	-2.905E-2	-0.143
14.780	-2.445E-2	-0.144
14.813	-1.792E-2	-0.146
14.846	-9.823E-3	-0.146
14.880	-7.845E-4	-0.147
14.913	8.549E-3	-0.147
14.947	1.702E-2	-0.146
14.980	2.485E-2	-0.145
15.013	3.041E-2	-0.144
15.047	3.388E-2	-0.143
15.080	3.493E-2	-0.143
15.113	3.364E-2	-0.143
15.147	2.984E-2	-0.144
15.180	2.371E-2	-0.145
15.213	1.613E-2	-0.146
15.247	7.683E-3	-0.147
15.280	-1.444E-3	-0.147
15.313	-1.051E-2	-0.146
15.347	-1.853E-2	-0.145
15.380	-2.479E-2	-0.144
15.414	-2.886E-2	-0.143
15.447	-3.114E-2	-0.143
15.480	-3.089E-2	-0.143
15.514	-2.821E-2	-0.143
15.547	-2.344E-2	-0.144
15.580	-1.668E-2	-0.146
15.614	-8.304E-3	-0.147
15.647	8.879E-4	-0.147
15.680	9.947E-3	-0.147
15.714	1.859E-2	-0.146
15.747	2.550E-2	-0.145
15.781	3.086E-2	-0.144
15.814	3.399E-2	-0.143
15.847	3.465E-2	-0.143
15.881	3.275E-2	-0.143
15.914	2.864E-2	-0.144
15.947	2.252E-2	-0.145
15.981	1.495E-2	-0.146
16.014	6.023E-3	-0.147
16.047	-3.067E-3	-0.147
16.081	-1.166E-2	-0.146
16.114	-1.911E-2	-0.145
16.148	-2.508E-2	-0.144
16.181	-2.913E-2	-0.143
16.214	-3.115E-2	-0.143
16.248	-3.027E-2	-0.143
16.281	-2.726E-2	-0.144
16.314	-2.230E-2	-0.145
16.348	-1.547E-2	-0.146
16.381	-6.856E-3	-0.147
16.414	2.361E-3	-0.147
16.448	1.126E-2	-0.147
16.481	1.952E-2	-0.146
16.515	2.641E-2	-0.145
16.548	3.135E-2	-0.144
16.581	3.400E-2	-0.143
16.615	3.414E-2	-0.143
16.648	3.198E-2	-0.143
16.681	2.757E-2	-0.144
16.715	2.126E-2	-0.145
16.748	1.322E-2	-0.146
16.781	4.539E-3	-0.147
16.815	-4.249E-3	-0.147
16.848	-1.281E-2	-0.146
16.882	-2.031E-2	-0.145
16.915	-2.598E-2	-0.144
16.948	-2.949E-2	-0.143
16.982	-3.096E-2	-0.143
17.015	-3.012E-2	-0.143
17.048	-2.691E-2	-0.144
17.082	-2.140E-2	-0.145
17.115	-1.401E-2	-0.146
17.148	-5.520E-3	-0.147
17.182	3.523E-3	-0.147
17.215	1.244E-2	-0.147
17.249	2.056E-2	-0.146
17.282	2.715E-2	-0.145
17.315	3.160E-2	-0.144
17.349	3.390E-2	-0.143
17.382	3.391E-2	-0.143
17.415	3.156E-2	-0.144
17.449	2.662E-2	-0.145
17.482	1.979E-2	-0.146
17.515	1.166E-2	-0.147
17.549	3.274E-3	-0.147
17.582	-5.865E-3	-0.147
17.616	-1.428E-2	-0.146
17.649	-2.122E-2	-0.145
17.682	-2.654E-2	-0.144
17.716	-2.974E-2	-0.143
17.749	-3.098E-2	-0.143
17.782	-2.955E-2	-0.143
17.816	-2.597E-2	-0.144
17.849	-2.026E-2	-0.145
17.882	-1.284E-2	-0.146
17.916	-4.274E-3	-0.147
17.949	4.974E-3	-0.147
17.983	1.395E-2	-0.146
18.016	2.154E-2	-0.145
18.049	2.767E-2	-0.144
18.083	3.207E-2	-0.143
18.116	3.393E-2	-0.143
18.149	3.347E-2	-0.143
18.183	3.052E-2	-0.144
18.216	2.540E-2	-0.145
18.249	1.879E-2	-0.146
18.283	1.052E-2	-0.147
18.316	1.547E-3	-0.147
18.350	-7.255E-3	-0.147
18.383	-1.526E-2	-0.146
18.416	-2.201E-2	-0.145
18.450	-2.724E-2	-0.144
18.483	-3.007E-2	-0.143
18.516	-3.069E-2	-0.143
18.550	-2.885E-2	-0.143
18.583	-2.507E-2	-0.144
18.616	-1.922E-2	-0.145
18.650	-1.137E-2	-0.146
18.683	-2.644E-3	-0.147
18.716	6.326E-3	-0.147
18.750	1.494E-2	-0.146
18.783	2.252E-2	-0.145
18.817	2.856E-2	-0.144
18.850	3.250E-2	-0.143
18.883	3.388E-2	-0.143
18.917	3.311E-2	-0.143
18.950	3.001E-2	-0.144
18.983	2.459E-2	-0.145
19.017	1.742E-2	-0.146
19.050	9.049E-3	-0.147
19.083	3.711E-4	-0.147
19.117	-8.282E-3	-0.146
19.150	-1.634E-2	-0.146
19.184	-2.290E-2	-0.145
19.217	-2.741E-2	-0.144
19.250	-3.003E-2	-0.143
19.284	-3.048E-2	-0.143
19.317	-2.857E-2	-0.143
19.350	-2.418E-2	-0.144
19.384	-1.785E-2	-0.145
19.417	-1.021E-2	-0.146
19.450	-1.638E-3	-0.147
19.484	7.356E-3	-0.147
19.517	1.615E-2	-0.146
19.551	2.349E-2	-0.145
19.584	2.909E-2	-0.144
19.617	3.248E-2	-0.143
19.651	3.388E-2	-0.143
19.684	3.271E-2	-0.143
19.717	2.903E-2	-0.144
19.751	2.335E-2	-0.145
19.784	1.601E-2	-0.146
19.817	7.840E-3	-0.147
19.851	-1.146E-3	-0.147
19.884	-9.692E-3	-0.146
19.918	-1.741E-2	-0.146
19.951	-2.352E-2	-0.144
19.984	-2.800E-2	-0.143
20.018	-3.078E-2	-0.143
20.051	-3.057E-2	-0.143
20.084	-2.802E-2	-0.144
20.118	-2.347E-2	-0.144
20.151	-1.714E-2	-0.146
20.184	-9.123E-3	-0.146
20.218	-2.123E-4	-0.147
20.251	8.780E-3	-0.147
20.285	1.738E-2	-0.146
20.318	2.428E-2	-0.145
20.351	2.959E-2	-0.144
20.385	3.292E-2	-0.143
20.418	3.371E-2	-0.143
20.451	3.193E-2	-0.143
20.485	2.805E-2	-0.144
20.518	2.243E-2	-0.145
20.551	1.505E-2	-0.146
20.585	6.370E-3	-0.147
20.618	-2.268E-3	-0.147
20.652	-1.068E-2	-0.146
20.685	-1.835E-2	-0.145
20.718	-2.442E-2	-0.144
20.752	-2.857E-2	-0.144
20.785	-3.041E-2	-0.143
20.818	-2.998E-2	-0.143
20.852	-2.732E-2	-0.144
20.885	-2.256E-2	-0.145
20.918	-1.582E-2	-0.146
20.952	-7.482E-3	-0.147
20.985	1.233E-3	-0.147
21.019	1.021E-2	-0.147
21.052	1.836E-2	-0.146
21.085	2.543E-2	-0.145
21.119	3.009E-2	-0.144
21.152	3.275E-2	-0.143
21.185	3.326E-2	-0.143
21.219	3.144E-2	-0.144
21.252	2.739E-2	-0.144
21.285	2.108E-2	-0.146
21.319	1.343E-2	-0.146
21.352	5.085E-3	-0.147
21.386	-3.699E-3	-0.147
21.419	-1.202E-2	-0.146
21.452	-1.934E-2	-0.145
21.486	-2.489E-2	-0.144
21.519	-2.847E-2	-0.143
21.552	-3.006E-2	-0.143
21.586	-2.942E-2	-0.143
21.619	-2.642E-2	-0.144
21.652	-2.097E-2	-0.145
21.686	-1.392E-2	-0.146
21.719	-5.765E-3	-0.147
21.753	2.932E-3	-0.147
21.786	1.173E-2	-0.147
21.819	1.974E-2	-0.146
21.853	2.614E-2	-0.145
21.886	3.065E-2	-0.144
21.919	3.300E-2	-0.143
21.953	3.305E-2	-0.143
21.986	3.080E-2	-0.144
22.019	2.611E-2	-0.145
22.053	1.990E-2	-0.146
22.086	1.217E-2	-0.147
22.119	3.679E-3	-0.147
22.153	-5.055E-3	-0.147
22.186	-1.313E-2	-0.146
22.220	-2.019E-2	-0.145
22.253	-2.553E-2	-0.144
22.286	-2.888E-2	-0.143
22.320	-3.005E-2	-0.143
22.353	-2.876E-2	-0.143
22.386	-2.534E-2	-0.144
22.420	-1.976E-2	-0.145
22.453	-1.271E-2	-0.146
22.486	-4.323E-3	-0.147
22.520	4.486E-3	-0.147
22.553	1.307E-2	-0.146
22.587	2.067E-2	-0.146
22.620	2.693E-2	-0.145
22.653	3.119E-2	-0.144
22.687	3.318E-2	-0.143
22.720	3.272E-2	-0.143
22.753	3.012E-2	-0.144
22.787	2.531E-2	-0.145
22.820	1.868E-2	-0.146
22.853	1.068E-2	-0.147
22.887	2.234E-3	-0.147
22.920	-6.342E-3	-0.147
22.954	-1.427E-2	-0.146
22.987	-2.103E-2	-0.145
23.020	-2.606E-2	-0.144
23.054	-2.904E-2	-0.143
23.087	-2.993E-2	-0.143
23.120	-2.838E-2	-0.144
23.154	-2.455E-2	-0.144
23.187	-1.892E-2	-0.145
23.220	-1.123E-2	-0.146
23.254	-2.729E-3	-0.147
23.287	6.020E-3	-0.147
23.321	1.452E-2	-0.146
23.354	2.188E-2	-0.145
23.387	2.768E-2	-0.144
23.421	3.158E-2	-0.144
23.454	3.312E-2	-0.143
23.487	3.237E-2	-0.143
23.521	2.913E-2	-0.144
23.554	2.404E-2	-0.145
23.587	1.725E-2	-0.146
23.621	9.337E-3	-0.147
23.654	6.752E-4	-0.147
23.688	-8.142E-3	-0.147
23.721	-1.585E-2	-0.146
23.754	-2.231E-2	-0.145
23.788	-2.681E-2	-0.144
23.821	-2.934E-2	-0.143
23.854	-2.961E-2	-0.143
23.888	-2.761E-2	-0.144
23.921	-2.354E-2	-0.144
23.954	-1.741E-2	-0.146
23.988	-9.883E-3	-0.146
24.021	-1.182E-3	-0.147
24.055	7.462E-3	-0.147
24.088	1.577E-2	-0.146
24.121	2.282E-2	-0.145
24.155	2.823E-2	-0.144
24.188	3.188E-2	-0.143
24.221	3.296E-2	-0.143
24.255	3.186E-2	-0.144
24.288	2.841E-2	-0.144
24.321	2.282E-2	-0.145
24.355	1.581E-2	-0.146
24.388	7.542E-3	-0.147
24.422	-8.267E-4	-0.147
24.455	-9.398E-3	-0.147
24.488	-1.676E-2	-0.146
24.522	-2.289E-2	-0.145
24.555	-2.709E-2	-0.144
24.588	-2.960E-2	-0.143
24.622	-2.945E-2	-0.143
24.655	-2.705E-2	-0.144
24.688	-2.282E-2	-0.145
24.722	-1.644E-2	-0.146
24.755	-8.540E-3	-0.147
24.789	2.240E-4	-0.147
24.822	8.897E-3	-0.147
24.855	1.677E-2	-0.146
24.889	2.372E-2	-0.145
24.922	2.897E-2	-0.144
24.955	3.208E-2	-0.143
24.989	3.264E-2	-0.143
25.022	3.107E-2	-0.144
25.055	2.730E-2	-0.144
25.089	2.165E-2	-0.145
25.122	1.441E-2	-0.146
25.156	6.021E-3	-0.147
25.189	-2.350E-3	-0.147
25.222	-1.053E-2	-0.147
25.256	-1.785E-2	-0.146
25.289	-2.382E-2	-0.144
25.322	-2.782E-2	-0.144
25.356	-2.957E-2	-0.143
25.389	-2.911E-2	-0.143
25.422	-2.645E-2	-0.144
25.456	-2.165E-2	-0.145
25.489	-1.487E-2	-0.146
25.522	-7.039E-3	-0.147
25.556	1.462E-3	-0.147
25.589	1.004E-2	-0.147
25.623	1.800E-2	-0.146
25.656	2.458E-2	-0.145
25.689	2.931E-2	-0.144
25.723	3.205E-2	-0.143
25.756	3.237E-2	-0.143
25.789	3.038E-2	-0.144
25.823	2.639E-2	-0.145
25.856	2.043E-2	-0.146
25.889	1.312E-2	-0.146
25.923	4.912E-3	-0.147
25.956	-3.622E-3	-0.147
25.990	-1.188E-2	-0.146
26.023	-1.882E-2	-0.146
26.056	-2.438E-2	-0.144
26.090	-2.801E-2	-0.144
26.123	-2.949E-2	-0.143
26.156	-2.861E-2	-0.143
26.190	-2.562E-2	-0.144
26.223	-2.055E-2	-0.145
26.256	-1.382E-2	-0.146
26.290	-5.763E-3	-0.147
26.323	2.857E-3	-0.147
26.357	1.132E-2	-0.147
26.390	1.905E-2	-0.146
26.423	2.516E-2	-0.145
26.457	2.967E-2	-0.144
26.490	3.209E-2	-0.143
26.523	3.205E-2	-0.143
26.557	2.977E-2	-0.144
26.590	2.528E-2	-0.145
26.623	1.910E-2	-0.146
26.657	1.172E-2	-0.147
26.690	3.416E-3	-0.147
26.724	-5.139E-3	-0.147
26.757	-1.319E-2	-0.146
26.790	-1.987E-2	-0.145
26.824	-2.489E-2	-0.144
26.857	-2.808E-2	-0.143
26.890	-2.913E-2	-0.143
26.924	-2.793E-2	-0.143
26.957	-2.479E-2	-0.144
26.990	-1.942E-2	-0.145
27.024	-1.236E-2	-0.146
27.057	-4.316E-3	-0.147
27.091	4.186E-3	-0.147
27.124	1.255E-2	-0.146
27.157	2.006E-2	-0.146
27.191	2.600E-2	-0.145
27.224	3.030E-2	-0.144
27.257	3.207E-2	-0.143
27.291	3.177E-2	-0.144
27.324	2.914E-2	-0.144
27.357	2.441E-2	-0.145
27.391	1.796E-2	-0.146
27.424	1.049E-2	-0.147
27.458	2.090E-3	-0.147
27.491	-6.180E-3	-0.147
27.524	-1.393E-2	-0.146
27.558	-2.054E-2	-0.145
27.591	-2.550E-2	-0.144
27.624	-2.837E-2	-0.144
27.658	-2.907E-2	-0.143
27.691	-2.753E-2	-0.144
27.724	-2.395E-2	-0.144
27.758	-1.831E-2	-0.145
27.791	-1.102E-2	-0.146
27.825	-2.855E-3	-0.147
27.858	5.596E-3	-0.147
27.891	1.383E-2	-0.146
27.925	2.109E-2	-0.146
27.958	2.673E-2	-0.145
27.991	3.046E-2	-0.144
28.025	3.202E-2	-0.143
28.058	3.143E-2	-0.144
28.091	2.843E-2	-0.144
28.125	2.343E-2	-0.145
28.158	1.690E-2	-0.146
28.192	9.032E-3	-0.147
28.225	7.969E-4	-0.147
28.258	-7.371E-3	-0.147
28.292	-1.522E-2	-0.146
28.325	-2.141E-2	-0.145
28.358	-2.576E-2	-0.144
28.392	-2.846E-2	-0.143
28.425	-2.891E-2	-0.143
28.458	-2.700E-2	-0.144
28.492	-2.297E-2	-0.145
28.525	-1.726E-2	-0.146
28.559	-9.756E-3	-0.146
28.592	-1.613E-3	-0.147
28.625	6.962E-3	-0.147
28.659	1.496E-2	-0.146
28.692	2.186E-2	-0.145
28.725	2.711E-2	-0.144
28.759	3.065E-2	-0.144
28.792	3.191E-2	-0.143
28.825	3.095E-2	-0.144
28.859	2.749E-2	-0.144
28.892	2.228E-2	-0.145
28.925	1.547E-2	-0.146
28.959	7.430E-3	-0.147
28.992	-7.660E-4	-0.147
29.026	-8.801E-3	-0.146
29.059	-1.622E-2	-0.146
29.092	-2.231E-2	-0.145
29.126	-2.650E-2	-0.144
29.159	-2.867E-2	-0.143
29.192	-2.881E-2	-0.144
29.226	-2.647E-2	-0.144
29.259	-2.196E-2	-0.145
29.292	-1.586E-2	-0.146
29.326	-8.384E-3	-0.146
29.359	-1.975E-5	-0.147
29.393	8.573E-3	-0.147
29.426	1.641E-2	-0.146
29.459	2.306E-2	-0.145
29.493	2.784E-2	-0.144
29.526	3.108E-2	-0.144
29.559	3.170E-2	-0.143
29.593	3.014E-2	-0.144
29.626	2.657E-2	-0.145
29.659	2.093E-2	-0.146
29.693	1.389E-2	-0.146
29.726	5.909E-3	-0.147
29.760	-2.270E-3	-0.147
29.793	-1.031E-2	-0.146
29.826	-1.737E-2	-0.146
29.860	-2.285E-2	-0.145
29.893	-2.673E-2	-0.144
29.926	-2.852E-2	-0.143
29.960	-2.811E-2	-0.143
29.993	-2.554E-2	-0.144
30.026	-2.086E-2	-0.145
30.060	-1.454E-2	-0.146
30.093	-6.833E-3	-0.147
30.127	1.590E-3	-0.147
30.160	9.986E-3	-0.147
30.193	1.754E-2	-0.146
30.227	2.385E-2	-0.145
30.260	2.856E-2	-0.144
30.293	3.099E-2	-0.143
30.327	3.142E-2	-0.143
30.360	2.956E-2	-0.144
30.393	2.567E-2	-0.145
30.427	1.959E-2	-0.146
30.460	1.247E-2	-0.146
30.494	4.545E-3	-0.147
30.527	-3.569E-3	-0.147
30.560	-1.149E-2	-0.146
30.594	-1.838E-2	-0.145
30.627	-2.358E-2	-0.144
30.660	-2.714E-2	-0.144
30.694	-2.879E-2	-0.143
30.727	-2.775E-2	-0.144
30.760	-2.468E-2	-0.144
30.794	-1.969E-2	-0.145
30.827	-1.299E-2	-0.146
30.861	-5.051E-3	-0.147
30.894	3.064E-3	-0.147
30.927	1.128E-2	-0.146
30.961	1.871E-2	-0.146
30.994	2.474E-2	-0.145
31.027	2.912E-2	-0.144
31.061	3.125E-2	-0.144
31.094	3.120E-2	-0.144
31.127	2.908E-2	-0.144
31.161	2.457E-2	-0.145
31.194	1.837E-2	-0.146
31.228	1.120E-2	-0.147
31.261	3.168E-3	-0.147
31.294	-5.051E-3	-0.147
31.328	-1.278E-2	-0.146
31.361	-1.938E-2	-0.145
31.394	-2.434E-2	-0.144
31.428	-2.757E-2	-0.144
31.461	-2.851E-2	-0.144
31.494	-2.739E-2	-0.144
31.528	-2.392E-2	-0.144
31.561	-1.861E-2	-0.145
31.595	-1.170E-2	-0.146
31.628	-3.719E-3	-0.147
31.661	4.626E-3	-0.147
31.695	1.262E-2	-0.147
31.728	1.961E-2	-0.146
31.761	2.545E-2	-0.145
31.795	2.939E-2	-0.144
31.828	3.117E-2	-0.144
31.861	3.072E-2	-0.144
31.895	2.801E-2	-0.144
31.928	2.340E-2	-0.145
31.962	1.708E-2	-0.146
31.995	9.632E-3	-0.147
32.028	1.559E-3	-0.147
32.062	-6.547E-3	-0.147
32.095	-1.397E-2	-0.146
32.128	-2.033E-2	-0.145
32.162	-2.499E-2	-0.144
32.195	-2.795E-2	-0.144
32.228	-2.835E-2	-0.144
32.262	-2.688E-2	-0.144
32.295	-2.325E-2	-0.145
32.328	-1.755E-2	-0.146
32.362	-1.039E-2	-0.146
32.395	-2.475E-3	-0.147
32.429	6.170E-3	-0.147
32.462	1.387E-2	-0.146
32.495	2.077E-2	-0.146
32.529	2.623E-2	-0.145
32.562	2.976E-2	-0.144
32.595	3.113E-2	-0.144
32.629	3.028E-2	-0.144
32.662	2.727E-2	-0.145
32.695	2.227E-2	-0.145
32.729	1.582E-2	-0.146
32.762	8.285E-3	-0.147
32.796	3.894E-5	-0.147
32.829	-7.797E-3	-0.147
32.862	-1.519E-2	-0.146
32.896	-2.117E-2	-0.145
32.929	-2.546E-2	-0.144
32.962	-2.781E-2	-0.144
32.996	-2.806E-2	-0.144
33.029	-2.602E-2	-0.144
33.062	-2.208E-2	-0.145
33.096	-1.612E-2	-0.146
33.129	-8.760E-3	-0.147
33.163	-8.241E-4	-0.147
33.196	7.371E-3	-0.147
33.229	1.522E-2	-0.146
33.263	2.183E-2	-0.145
33.296	2.681E-2	-0.145
33.329	3.002E-2	-0.144
33.363	3.093E-2	-0.144
33.396	2.982E-2	-0.144
33.429	2.628E-2	-0.145
33.463	2.103E-2	-0.146
33.496	1.446E-2	-0.146
33.530	6.834E-3	-0.147
33.563	-1.125E-3	-0.147
33.596	-9.202E-3	-0.147
33.630	-1.628E-2	-0.146
33.663	-2.187E-2	-0.145
33.696	-2.594E-2	-0.144
33.730	-2.800E-2	-0.144
33.763	-2.790E-2	-0.144
33.796	-2.549E-2	-0.144
33.830	-2.111E-2	-0.145
33.863	-1.505E-2	-0.146
33.897	-7.730E-3	-0.147
33.930	4.276E-4	-0.147
33.963	8.643E-3	-0.147
33.997	1.629E-2	-0.146
34.030	2.259E-2	-0.145
34.063	2.731E-2	-0.145
34.097	3.000E-2	-0.144
34.130	3.060E-2	-0.144
34.163	2.895E-2	-0.144
34.197	2.550E-2	-0.145
34.230	2.001E-2	-0.146
34.264	1.326E-2	-0.146
34.297	5.398E-3	-0.147
34.330	-2.539E-3	-0.147
34.364	-1.024E-2	-0.146
34.397	-1.718E-2	-0.146
34.430	-2.271E-2	-0.145
34.464	-2.636E-2	-0.144
34.497	-2.798E-2	-0.144
34.530	-2.742E-2	-0.144
34.564	-2.493E-2	-0.144
34.597	-2.020E-2	-0.145
34.631	-1.392E-2	-0.146
34.664	-6.237E-3	-0.147
34.697	1.890E-3	-0.147
34.731	9.859E-3	-0.147
34.764	1.737E-2	-0.146
34.797	2.348E-2	-0.145
34.831	2.797E-2	-0.144
34.864	3.040E-2	-0.144
34.897	3.062E-2	-0.144
34.931	2.875E-2	-0.144
34.964	2.477E-2	-0.145
34.998	1.893E-2	-0.146
35.031	1.186E-2	-0.147
35.064	4.094E-3	-0.147
35.098	-3.768E-3	-0.147
35.131	-1.140E-2	-0.146
35.164	-1.797E-2	-0.146
35.198	-2.299E-2	-0.145
35.231	-2.608E-2	-0.144
35.264	-2.744E-2	-0.144
35.298	-2.664E-2	-0.144
35.331	-2.390E-2	-0.145
35.365	-1.879E-2	-0.145
35.398	-1.238E-2	-0.146
35.431	-4.590E-3	-0.147
35.465	3.357E-3	-0.147
35.498	1.131E-2	-0.147
35.531	1.847E-2	-0.146
35.565	2.438E-2	-0.145
35.598	2.848E-2	-0.144
35.631	3.051E-2	-0.144
35.665	3.045E-2	-0.144
35.698	2.807E-2	-0.144
35.731	2.388E-2	-0.145
35.765	1.795E-2	-0.146
35.798	1.084E-2	-0.147
35.832	2.925E-3	-0.147
35.865	-4.896E-3	-0.147
35.898	-1.253E-2	-0.146
35.932	-1.879E-2	-0.145
35.965	-2.388E-2	-0.145
35.998	-2.660E-2	-0.144
36.032	-2.764E-2	-0.144
36.065	-2.640E-2	-0.144
36.098	-2.298E-2	-0.145
36.132	-1.778E-2	-0.146
36.165	-1.106E-2	-0.146
36.199	-3.258E-3	-0.147
36.232	4.833E-3	-0.147
36.265	1.248E-2	-0.147
36.299	1.944E-2	-0.146
36.332	2.494E-2	-0.145
36.365	2.869E-2	-0.144
36.399	3.046E-2	-0.144
36.432	2.999E-2	-0.144
36.465	2.735E-2	-0.145
36.499	2.261E-2	-0.145
36.532	1.641E-2	-0.146
36.566	9.206E-3	-0.147
36.599	1.304E-3	-0.147
36.632	-6.494E-3	-0.147
36.666	-1.369E-2	-0.146
36.699	-1.983E-2	-0.145
36.732	-2.442E-2	-0.145
36.766	-2.689E-2	-0.144
36.799	-2.750E-2	-0.144
36.832	-2.586E-2	-0.144
36.866	-2.198E-2	-0.145
36.899	-1.657E-2	-0.146
36.933	-9.558E-3	-0.147
36.966	-1.757E-3	-0.147
36.999	6.220E-3	-0.147
37.033	1.388E-2	-0.147
37.066	2.042E-2	-0.146
37.099	2.568E-2	-0.145
37.133	2.907E-2	-0.144
37.166	3.021E-2	-0.144
37.199	2.937E-2	-0.144
37.233	2.640E-2	-0.145
37.266	2.159E-2	-0.145
37.300	1.510E-2	-0.146
37.333	7.545E-3	-0.147
37.366	-1.976E-4	-0.147
37.400	-8.023E-3	-0.147
37.433	-1.509E-2	-0.146
37.466	-2.079E-2	-0.145
37.500	-2.498E-2	-0.144
37.533	-2.699E-2	-0.144
37.566	-2.701E-2	-0.144
37.600	-2.508E-2	-0.144
37.633	-2.110E-2	-0.145
37.667	-1.540E-2	-0.146
37.700	-8.222E-3	-0.147
37.733	-5.094E-4	-0.147
37.767	7.495E-3	-0.147
37.800	1.497E-2	-0.146
37.833	2.130E-2	-0.145
37.867	2.619E-2	-0.145
37.900	2.938E-2	-0.144
37.933	3.034E-2	-0.144
37.967	2.891E-2	-0.144
38.000	2.533E-2	-0.145
38.034	2.028E-2	-0.146
38.067	1.376E-2	-0.146
38.100	6.451E-3	-0.147
38.134	-1.587E-3	-0.147
38.167	-9.136E-3	-0.147
38.200	-1.604E-2	-0.146
38.234	-2.134E-2	-0.145
38.267	-2.527E-2	-0.144
38.300	-2.699E-2	-0.144
38.334	-2.675E-2	-0.144
38.367	-2.445E-2	-0.144
38.401	-2.005E-2	-0.145
38.434	-1.403E-2	-0.146
38.467	-6.751E-3	-0.147
38.501	1.168E-3	-0.147
38.534	9.165E-3	-0.147
38.567	1.628E-2	-0.146
38.601	2.233E-2	-0.145
38.634	2.681E-2	-0.145
38.667	2.957E-2	-0.144
38.701	2.981E-2	-0.144
38.734	2.814E-2	-0.144
38.768	2.445E-2	-0.145
38.801	1.907E-2	-0.146
38.834	1.222E-2	-0.146
38.868	4.675E-3	-0.147
38.901	-3.216E-3	-0.147
38.934	-1.066E-2	-0.147
38.968	-1.724E-2	-0.146
39.001	-2.235E-2	-0.145
39.034	-2.574E-2	-0.144
39.068	-2.711E-2	-0.144
39.101	-2.637E-2	-0.144
39.135	-2.373E-2	-0.145
39.168	-1.902E-2	-0.145
39.201	-1.259E-2	-0.146
39.235	-5.071E-3	-0.147
39.268	2.780E-3	-0.147
39.301	1.042E-2	-0.147
39.335	1.751E-2	-0.146
39.368	2.338E-2	-0.145
39.401	2.740E-2	-0.145
39.435	2.958E-2	-0.144
39.468	2.965E-2	-0.144
39.501	2.752E-2	-0.144
39.535	2.338E-2	-0.145
39.568	1.783E-2	-0.146
39.602	1.081E-2	-0.147
39.635	3.292E-3	-0.147
39.668	-4.443E-3	-0.147
39.702	-1.196E-2	-0.146
39.735	-1.812E-2	-0.145
39.768	-2.272E-2	-0.145
39.802	-2.565E-2	-0.144
39.835	-2.674E-2	-0.144
39.868	-2.567E-2	-0.144
39.902	-2.272E-2	-0.145
39.935	-1.767E-2	-0.145
39.969	-1.112E-2	-0.146
40.002	-3.598E-3	-0.147
40.035	4.293E-3	-0.147
40.069	1.210E-2	-0.146
40.102	1.869E-2	-0.146
40.135	2.401E-2	-0.145
40.169	2.776E-2	-0.144
40.202	2.969E-2	-0.144
40.235	2.928E-2	-0.144
40.269	2.674E-2	-0.145
40.302	2.223E-2	-0.145
40.336	1.652E-2	-0.146
40.369	9.391E-3	-0.147
40.402	1.921E-3	-0.147
40.436	-5.819E-3	-0.147
40.469	-1.290E-2	-0.146
40.502	-1.885E-2	-0.145
40.536	-2.335E-2	-0.144
40.569	-2.607E-2	-0.144
40.602	-2.644E-2	-0.144
40.636	-2.497E-2	-0.144
40.669	-2.147E-2	-0.145
40.703	-1.631E-2	-0.146
40.736	-9.763E-3	-0.146
40.769	-2.174E-3	-0.147
40.803	5.739E-3	-0.147
40.836	1.298E-2	-0.146
40.869	1.949E-2	-0.146
40.903	2.476E-2	-0.145
40.936	2.820E-2	-0.144
40.969	2.942E-2	-0.144
41.003	2.866E-2	-0.144
41.036	2.576E-2	-0.145
41.070	2.126E-2	-0.145
41.103	1.524E-2	-0.146
41.136	8.059E-3	-0.147
41.170	4.527E-4	-0.147
41.203	-7.070E-3	-0.147
41.236	-1.390E-2	-0.146
41.270	-1.970E-2	-0.145
41.303	-2.363E-2	-0.144
41.336	-2.615E-2	-0.144
41.370	-2.631E-2	-0.144
41.403	-2.453E-2	-0.144
41.437	-2.076E-2	-0.145
41.470	-1.515E-2	-0.146
41.503	-8.425E-3	-0.146
41.537	-6.094E-4	-0.147
41.570	7.024E-3	-0.147
41.603	1.440E-2	-0.146
41.637	2.067E-2	-0.146
41.670	2.557E-2	-0.145
41.703	2.854E-2	-0.144
41.737	2.942E-2	-0.144
41.770	2.839E-2	-0.144
41.804	2.515E-2	-0.145
41.837	2.011E-2	-0.146
41.870	1.393E-2	-0.146
41.904	6.800E-3	-0.147
41.937	-7.882E-4	-0.147
41.970	-8.312E-3	-0.146
42.004	-1.500E-2	-0.146
42.037	-2.030E-2	-0.145
42.070	-2.414E-2	-0.144
42.104	-2.608E-2	-0.144
42.137	-2.603E-2	-0.144
42.171	-2.384E-2	-0.144
42.204	-1.976E-2	-0.145
42.237	-1.396E-2	-0.146
42.271	-6.900E-3	-0.147
42.304	5.933E-4	-0.147
42.337	8.398E-3	-0.147
42.371	1.545E-2	-0.146
42.404	2.143E-2	-0.145
42.437	2.593E-2	-0.145
42.471	2.863E-2	-0.144
42.504	2.920E-2	-0.144
42.537	2.768E-2	-0.144
42.571	2.422E-2	-0.145
42.604	1.910E-2	-0.146
42.638	1.264E-2	-0.146
42.671	5.544E-3	-0.147
42.704	-2.131E-3	-0.147
42.738	-9.524E-3	-0.146
42.771	-1.598E-2	-0.146
42.804	-2.107E-2	-0.145
42.838	-2.433E-2	-0.144
42.871	-2.606E-2	-0.144
42.904	-2.552E-2	-0.144
42.938	-2.304E-2	-0.145
42.971	-1.866E-2	-0.145
43.005	-1.267E-2	-0.146
43.038	-5.538E-3	-0.147
43.071	2.078E-3	-0.147
43.105	9.653E-3	-0.147
43.138	1.677E-2	-0.146
43.171	2.240E-2	-0.145
43.205	2.656E-2	-0.145
43.238	2.867E-2	-0.144
43.271	2.891E-2	-0.144
43.305	2.720E-2	-0.144
43.338	2.334E-2	-0.145
43.372	1.793E-2	-0.146
43.405	1.134E-2	-0.146
43.438	4.000E-3	-0.147
43.472	-3.492E-3	-0.147
43.505	-1.074E-2	-0.146
43.538	-1.693E-2	-0.146
43.572	-2.169E-2	-0.145
43.605	-2.480E-2	-0.144
43.638	-2.597E-2	-0.144
43.672	-2.516E-2	-0.144
43.705	-2.238E-2	-0.145
43.739	-1.763E-2	-0.145
43.772	-1.156E-2	-0.146
43.805	-4.211E-3	-0.147
43.839	3.346E-3	-0.147
43.872	1.078E-2	-0.147
43.905	1.754E-2	-0.146
43.939	2.307E-2	-0.145
43.972	2.662E-2	-0.145
44.005	2.867E-2	-0.144
44.039	2.858E-2	-0.144
44.072	2.637E-2	-0.144
44.106	2.238E-2	-0.145
44.139	1.670E-2	-0.146
44.172	9.876E-3	-0.147
44.206	2.522E-3	-0.147
44.239	-4.872E-3	-0.147
44.272	-1.198E-2	-0.146
44.306	-1.794E-2	-0.145
44.339	-2.229E-2	-0.145
44.372	-2.502E-2	-0.144
44.406	-2.583E-2	-0.144
44.439	-2.462E-2	-0.144
44.473	-2.140E-2	-0.145
44.506	-1.655E-2	-0.146
44.539	-1.015E-2	-0.146
44.573	-2.783E-3	-0.147
44.606	4.885E-3	-0.147
44.639	1.221E-2	-0.147
44.673	1.859E-2	-0.146
44.706	2.383E-2	-0.145
44.739	2.735E-2	-0.144
44.773	2.872E-2	-0.144
44.806	2.818E-2	-0.144
44.840	2.563E-2	-0.145
44.873	2.122E-2	-0.146
44.906	1.540E-2	-0.146
44.940	8.590E-3	-0.147
44.973	1.050E-3	-0.147
45.006	-6.098E-3	-0.147
45.040	-1.288E-2	-0.146
45.073	-1.861E-2	-0.145
45.106	-2.279E-2	-0.145
45.140	-2.526E-2	-0.144
45.173	-2.562E-2	-0.144
45.207	-2.413E-2	-0.144
45.240	-2.055E-2	-0.145
45.273	-1.532E-2	-0.146
45.307	-8.858E-3	-0.146
45.340	-1.424E-3	-0.147
45.373	6.150E-3	-0.147
45.407	1.316E-2	-0.146
45.440	1.957E-2	-0.146
45.473	2.428E-2	-0.145
45.507	2.753E-2	-0.144
45.540	2.856E-2	-0.144
45.574	2.754E-2	-0.144
45.607	2.473E-2	-0.145
45.640	2.012E-2	-0.146
45.674	1.421E-2	-0.146
45.707	7.179E-3	-0.147
45.740	-3.541E-4	-0.147
45.774	-7.571E-3	-0.146
45.807	-1.419E-2	-0.146
45.840	-1.960E-2	-0.145
45.874	-2.331E-2	-0.144
45.907	-2.528E-2	-0.144
45.940	-2.525E-2	-0.144
45.974	-2.332E-2	-0.144
46.007	-1.963E-2	-0.145
46.041	-1.401E-2	-0.146
46.074	-7.336E-3	-0.146
46.107	1.179E-4	-0.147
46.141	7.573E-3	-0.147
46.174	1.462E-2	-0.146
46.207	2.072E-2	-0.145
46.241	2.516E-2	-0.145
46.274	2.772E-2	-0.144
46.307	2.837E-2	-0.144
46.341	2.724E-2	-0.144
46.374	2.389E-2	-0.145
46.408	1.895E-2	-0.146
46.441	1.283E-2	-0.146
46.474	5.920E-3	-0.147
46.508	-1.657E-3	-0.147
46.541	-8.823E-3	-0.146
46.574	-1.531E-2	-0.146
46.608	-2.024E-2	-0.145
46.641	-2.357E-2	-0.144
46.674	-2.507E-2	-0.144
46.708	-2.478E-2	-0.144
46.741	-2.246E-2	-0.145
46.775	-1.834E-2	-0.145
46.808	-1.243E-2	-0.146
46.841	-5.799E-3	-0.147
46.875	1.569E-3	-0.147
46.908	8.977E-3	-0.147
46.941	1.590E-2	-0.146
46.975	2.152E-2	-0.145
47.008	2.565E-2	-0.145
47.041	2.815E-2	-0.144
47.075	2.838E-2	-0.144
47.108	2.662E-2	-0.145
47.142	2.307E-2	-0.145
47.175	1.792E-2	-0.146
47.208	1.147E-2	-0.146
47.242	4.354E-3	-0.147
47.275	-3.092E-3	-0.147
47.308	-1.006E-2	-0.146
47.342	-1.615E-2	-0.146
47.375	-2.085E-2	-0.145
47.408	-2.393E-2	-0.144
47.442	-2.525E-2	-0.144
47.475	-2.443E-2	-0.144
47.509	-2.182E-2	-0.145
47.542	-1.739E-2	-0.145
47.575	-1.140E-2	-0.146
47.609	-4.297E-3	-0.147
47.642	3.261E-3	-0.147
47.675	1.044E-2	-0.147
47.709	1.700E-2	-0.146
47.742	2.244E-2	-0.145
47.775	2.608E-2	-0.145
47.809	2.801E-2	-0.144
47.842	2.796E-2	-0.144
47.876	2.593E-2	-0.145
47.909	2.206E-2	-0.145
47.942	1.666E-2	-0.146
47.976	1.021E-2	-0.147
48.009	2.879E-3	-0.147
48.042	-4.226E-3	-0.147
48.076	-1.127E-2	-0.146
48.109	-1.731E-2	-0.146
48.142	-2.153E-2	-0.145
48.176	-2.432E-2	-0.144
48.209	-2.521E-2	-0.144
48.243	-2.415E-2	-0.144
48.276	-2.108E-2	-0.145
48.309	-1.626E-2	-0.146
48.343	-1.004E-2	-0.146
48.376	-2.885E-3	-0.147
48.409	4.487E-3	-0.147
48.443	1.166E-2	-0.147
48.476	1.811E-2	-0.146
48.509	2.311E-2	-0.145
48.543	2.642E-2	-0.145
48.576	2.812E-2	-0.144
48.610	2.767E-2	-0.144
48.643	2.510E-2	-0.145
48.676	2.092E-2	-0.146
48.710	1.534E-2	-0.146
48.743	8.707E-3	-0.147
48.776	1.413E-3	-0.147
48.810	-5.857E-3	-0.147
48.843	-1.272E-2	-0.146
48.876	-1.831E-2	-0.145
48.910	-2.245E-2	-0.145
48.943	-2.480E-2	-0.144
48.977	-2.503E-2	-0.144
49.010	-2.356E-2	-0.144
49.043	-2.009E-2	-0.145
49.077	-1.507E-2	-0.146
49.110	-8.714E-3	-0.147
49.143	-1.563E-3	-0.147
49.177	6.123E-3	-0.147
49.210	1.299E-2	-0.147
49.243	1.899E-2	-0.146
49.277	2.384E-2	-0.145
49.310	2.673E-2	-0.145
49.343	2.798E-2	-0.144
49.377	2.718E-2	-0.144
49.410	2.428E-2	-0.145
49.444	1.976E-2	-0.146
49.477	1.397E-2	-0.146
49.510	7.262E-3	-0.147
49.544	-3.964E-5	-0.147
49.577	-7.030E-3	-0.147
49.610	-1.357E-2	-0.146
49.644	-1.891E-2	-0.145
49.677	-2.266E-2	-0.145
49.710	-2.474E-2	-0.144
49.744	-2.480E-2	-0.144
49.777	-2.292E-2	-0.145
49.811	-1.918E-2	-0.145
49.844	-1.371E-2	-0.146
49.877	-7.217E-3	-0.147
49.911	-4.191E-6	-0.147
49.944	7.367E-3	-0.147
49.977	1.427E-2	-0.146
50.011	2.004E-2	-0.146
50.044	2.435E-2	-0.145
50.077	2.712E-2	-0.144
50.111	2.780E-2	-0.144
50.144	2.663E-2	-0.144
50.178	2.345E-2	-0.145
50.211	1.863E-2	-0.146
50.244	1.257E-2	-0.146
50.278	5.704E-3	-0.147
50.311	-1.568E-3	-0.147
50.344	-8.469E-3	-0.147
50.378	-1.462E-2	-0.146
50.411	-1.972E-2	-0.145
50.444	-2.302E-2	-0.144
50.478	-2.462E-2	-0.144
50.511	-2.446E-2	-0.144
50.545	-2.223E-2	-0.145
50.578	-1.813E-2	-0.145
50.611	-1.256E-2	-0.146
50.645	-5.779E-3	-0.147
50.678	1.449E-3	-0.147
50.711	8.561E-3	-0.147
50.745	1.529E-2	-0.146
50.778	2.089E-2	-0.146
50.811	2.496E-2	-0.145
50.845	2.726E-2	-0.144
50.878	2.767E-2	-0.144
50.912	2.614E-2	-0.145
50.945	2.260E-2	-0.145
50.978	1.767E-2	-0.146
51.012	1.150E-2	-0.147
51.045	4.415E-3	-0.147
51.078	-2.699E-3	-0.147
51.112	-9.599E-3	-0.147
51.145	-1.562E-2	-0.146
51.178	-2.025E-2	-0.145
51.212	-2.347E-2	-0.145
51.245	-2.482E-2	-0.144
51.279	-2.406E-2	-0.144
51.312	-2.141E-2	-0.145
51.345	-1.716E-2	-0.146
51.379	-1.121E-2	-0.146
51.412	-4.444E-3	-0.147
51.445	2.750E-3	-0.147
51.479	1.004E-2	-0.147
51.512	1.637E-2	-0.146
51.545	2.174E-2	-0.145
51.579	2.551E-2	-0.145
51.612	2.728E-2	-0.144
51.646	2.724E-2	-0.145
51.679	2.545E-2	-0.145
51.712	2.167E-2	-0.145
51.746	1.650E-2	-0.146
51.779	1.014E-2	-0.147
51.812	3.135E-3	-0.147
51.846	-3.968E-3	-0.147
51.879	-1.069E-2	-0.146
51.912	-1.651E-2	-0.146
51.946	-2.093E-2	-0.145
51.979	-2.365E-2	-0.145
52.013	-2.456E-2	-0.144
52.046	-2.367E-2	-0.145
52.079	-2.067E-2	-0.145
52.113	-1.596E-2	-0.146
52.146	-9.947E-3	-0.146
52.179	-3.197E-3	-0.147
52.213	3.930E-3	-0.147
52.246	1.100E-2	-0.147
52.279	1.723E-2	-0.146
52.313	2.235E-2	-0.145
52.346	2.581E-2	-0.145
52.380	2.731E-2	-0.145
52.413	2.695E-2	-0.145
52.446	2.467E-2	-0.145
52.480	2.067E-2	-0.146
52.513	1.527E-2	-0.146
52.546	8.869E-3	-0.147
52.580	1.809E-3	-0.147
52.613	-5.251E-3	-0.147
52.646	-1.184E-2	-0.146
52.680	-1.729E-2	-0.146
52.713	-2.142E-2	-0.145
52.746	-2.381E-2	-0.144
52.780	-2.433E-2	-0.144
52.813	-2.299E-2	-0.145
52.847	-1.971E-2	-0.145
52.880	-1.478E-2	-0.146
52.913	-8.710E-3	-0.146
52.947	-1.651E-3	-0.147
52.980	5.381E-3	-0.147
53.013	1.228E-2	-0.147
53.047	1.826E-2	-0.146
53.080	2.294E-2	-0.145
53.113	2.611E-2	-0.145
53.147	2.731E-2	-0.144
53.180	2.661E-2	-0.145
53.214	2.392E-2	-0.145
53.247	1.973E-2	-0.146
53.280	1.391E-2	-0.146
53.314	7.386E-3	-0.147
53.347	3.141E-4	-0.147
53.380	-6.553E-3	-0.147
53.414	-1.301E-2	-0.146
53.447	-1.818E-2	-0.145
53.480	-2.195E-2	-0.145
53.514	-2.394E-2	-0.144
53.547	-2.416E-2	-0.144
53.581	-2.243E-2	-0.145
53.614	-1.886E-2	-0.145
53.647	-1.376E-2	-0.146
53.681	-7.424E-3	-0.147
53.714	-4.449E-4	-0.147
53.747	6.755E-3	-0.147
53.781	1.353E-2	-0.146
53.814	1.929E-2	-0.146
53.847	2.369E-2	-0.145
53.881	2.631E-2	-0.145
53.914	2.711E-2	-0.144
53.948	2.603E-2	-0.145
53.981	2.294E-2	-0.145
54.014	1.848E-2	-0.146
54.048	1.258E-2	-0.146
54.081	5.971E-3	-0.147
54.114	-1.133E-3	-0.147
54.148	-7.837E-3	-0.147
54.181	-1.394E-2	-0.146
54.214	-1.895E-2	-0.145
54.248	-2.234E-2	-0.145
54.281	-2.399E-2	-0.144
54.315	-2.376E-2	-0.144
54.348	-2.163E-2	-0.145
54.381	-1.786E-2	-0.146
54.415	-1.262E-2	-0.146
54.448	-6.160E-3	-0.147
54.481	9.741E-4	-0.147
54.515	8.047E-3	-0.147
54.548	1.462E-2	-0.146
54.581	2.017E-2	-0.146
54.615	2.425E-2	-0.145
54.648	2.642E-2	-0.145
54.682	2.699E-2	-0.145
54.715	2.552E-2	-0.145
54.748	2.230E-2	-0.145
54.782	1.752E-2	-0.146
54.815	1.138E-2	-0.147
54.848	4.580E-3	-0.147
54.882	-2.479E-3	-0.147
54.915	-9.150E-3	-0.146
54.948	-1.505E-2	-0.146
54.982	-1.977E-2	-0.145
55.015	-2.265E-2	-0.145
55.049	-2.407E-2	-0.144
55.082	-2.346E-2	-0.144
55.115	-2.103E-2	-0.145
55.149	-1.679E-2	-0.145
55.182	-1.114E-2	-0.146
55.215	-4.604E-3	-0.147
55.249	2.436E-3	-0.147
55.282	9.377E-3	-0.147
55.315	1.581E-2	-0.146
55.349	2.092E-2	-0.146
55.382	2.457E-2	-0.145
55.416	2.647E-2	-0.144
55.449	2.652E-2	-0.144
55.482	2.464E-2	-0.145
55.516	2.115E-2	-0.145
55.549	1.609E-2	-0.146
55.582	9.907E-3	-0.147
55.616	3.228E-3	-0.147
55.649	-3.702E-3	-0.147
55.682	-1.035E-2	-0.146
55.716	-1.598E-2	-0.146
55.749	-2.029E-2	-0.145
55.783	-2.294E-2	-0.144
55.816	-2.398E-2	-0.144
55.849	-2.299E-2	-0.145
55.883	-2.002E-2	-0.145
55.916	-1.573E-2	-0.146
55.949	-9.800E-3	-0.146
55.983	-3.138E-3	-0.147
56.016	3.923E-3	-0.147
56.049	1.080E-2	-0.146
56.083	1.688E-2	-0.146
56.116	2.182E-2	-0.145
56.149	2.511E-2	-0.145
56.183	2.668E-2	-0.145
56.216	2.630E-2	-0.145
56.250	2.411E-2	-0.145
56.283	2.012E-2	-0.146
56.316	1.492E-2	-0.146
56.350	8.704E-3	-0.147
56.383	1.652E-3	-0.147
56.416	-5.200E-3	-0.147
56.450	-1.148E-2	-0.146
56.483	-1.690E-2	-0.146
56.516	-2.081E-2	-0.145
56.550	-2.317E-2	-0.145
56.583	-2.378E-2	-0.144
56.617	-2.249E-2	-0.145
56.650	-1.927E-2	-0.145
56.683	-1.441E-2	-0.146
56.717	-8.433E-3	-0.147
56.750	-1.629E-3	-0.147
56.783	5.320E-3	-0.147
56.817	1.205E-2	-0.147
56.850	1.786E-2	-0.146
56.883	2.248E-2	-0.145
56.917	2.540E-2	-0.145
56.950	2.653E-2	-0.145
56.984	2.593E-2	-0.145
57.017	2.336E-2	-0.145
57.050	1.919E-2	-0.146
57.084	1.378E-2	-0.146
57.117	7.179E-3	-0.147
57.150	3.337E-4	-0.147
57.184	-6.392E-3	-0.147
57.217	-1.269E-2	-0.146
57.250	-1.775E-2	-0.146
57.284	-2.144E-2	-0.145
57.317	-2.335E-2	-0.145
57.351	-2.347E-2	-0.145
57.384	-2.177E-2	-0.145
57.417	-1.824E-2	-0.146
57.451	-1.308E-2	-0.146
57.484	-6.976E-3	-0.147
57.517	-2.802E-4	-0.147
57.551	6.859E-3	-0.147
57.584	1.333E-2	-0.146
57.617	1.886E-2	-0.146
57.651	2.316E-2	-0.145
57.684	2.580E-2	-0.145
57.718	2.640E-2	-0.145
57.751	2.539E-2	-0.145
57.784	2.251E-2	-0.145
57.818	1.811E-2	-0.146
57.851	1.233E-2	-0.147
57.884	5.870E-3	-0.147
57.918	-1.034E-3	-0.147
57.951	-7.671E-3	-0.147
57.984	-1.344E-2	-0.146
58.018	-1.838E-2	-0.145
58.051	-2.166E-2	-0.145
58.085	-2.341E-2	-0.145
58.118	-2.321E-2	-0.145
58.151	-2.109E-2	-0.145
58.185	-1.725E-2	-0.146
58.218	-1.196E-2	-0.146
58.251	-5.563E-3	-0.147
58.285	1.173E-3	-0.147
58.318	8.023E-3	-0.147
58.351	1.439E-2	-0.146
58.385	1.976E-2	-0.146
58.418	2.367E-2	-0.145
58.452	2.579E-2	-0.145
58.485	2.628E-2	-0.145
58.518	2.473E-2	-0.145
58.552	2.161E-2	-0.145
58.585	1.695E-2	-0.146
58.618	1.098E-2	-0.147
58.652	4.389E-3	-0.147
58.685	-2.479E-3	-0.147
58.718	-8.983E-3	-0.147
58.752	-1.466E-2	-0.146
58.785	-1.924E-2	-0.145
58.819	-2.221E-2	-0.145
58.852	-2.328E-2	-0.145
58.885	-2.274E-2	-0.145
58.919	-2.036E-2	-0.145
58.952	-1.611E-2	-0.146
58.985	-1.062E-2	-0.146
59.019	-4.220E-3	-0.147
59.052	2.656E-3	-0.147
59.085	9.373E-3	-0.147
59.119	1.555E-2	-0.146
59.152	2.056E-2	-0.146
59.186	2.425E-2	-0.145
59.219	2.617E-2	-0.145
59.252	2.616E-2	-0.145
59.286	2.440E-2	-0.145
59.319	2.073E-2	-0.146
59.352	1.569E-2	-0.146
59.386	9.612E-3	-0.147
59.419	3.028E-3	-0.147
59.452	-3.791E-3	-0.147
59.486	-1.012E-2	-0.147
59.519	-1.560E-2	-0.146
59.552	-1.975E-2	-0.145
59.586	-2.240E-2	-0.145
59.619	-2.326E-2	-0.145
59.653	-2.230E-2	-0.145
59.686	-1.957E-2	-0.145
59.719	-1.509E-2	-0.146
59.753	-9.366E-3	-0.146
59.786	-2.893E-3	-0.147
59.819	3.933E-3	-0.147
59.853	1.051E-2	-0.147
59.886	1.652E-2	-0.146
59.919	2.140E-2	-0.146
59.953	2.451E-2	-0.145
59.986	2.601E-2	-0.145
60.020	2.561E-2	-0.145
60.053	2.367E-2	-0.145
60.086	1.977E-2	-0.146
60.120	1.448E-2	-0.146
60.153	8.352E-3	-0.147
60.186	1.736E-3	-0.147
60.220	-5.095E-3	-0.147
60.253	-1.128E-2	-0.146
60.286	-1.656E-2	-0.146
60.320	-2.039E-2	-0.145
60.353	-2.264E-2	-0.145
60.387	-2.336E-2	-0.145
60.420	-2.184E-2	-0.145
60.453	-1.882E-2	-0.145
60.487	-1.420E-2	-0.146
60.520	-8.199E-3	-0.147
60.553	-1.663E-3	-0.147
60.587	5.205E-3	-0.147
60.620	1.169E-2	-0.147
60.653	1.733E-2	-0.146
60.687	2.183E-2	-0.145
60.720	2.479E-2	-0.145
60.754	2.591E-2	-0.145
60.787	2.524E-2	-0.145
60.820	2.273E-2	-0.145
60.854	1.865E-2	-0.146
60.887	1.337E-2	-0.146
60.920	7.132E-3	-0.147
60.954	3.751E-4	-0.147
60.987	-6.382E-3	-0.147
61.020	-1.228E-2	-0.146
61.054	-1.723E-2	-0.146
61.087	-2.086E-2	-0.145
61.121	-2.289E-2	-0.145
61.154	-2.290E-2	-0.145
61.187	-2.128E-2	-0.145
61.221	-1.780E-2	-0.146
61.254	-1.299E-2	-0.146
61.287	-6.978E-3	-0.147
61.321	-3.708E-4	-0.147
61.354	6.526E-3	-0.147
61.387	1.286E-2	-0.147
61.421	1.840E-2	-0.146
61.454	2.253E-2	-0.145
61.488	2.515E-2	-0.145
61.521	2.591E-2	-0.145
61.554	2.469E-2	-0.145
61.588	2.208E-2	-0.145
61.621	1.762E-2	-0.146
61.654	1.211E-2	-0.147
61.688	5.811E-3	-0.147
61.721	-9.001E-4	-0.147
61.754	-7.393E-3	-0.147
61.788	-1.329E-2	-0.146
61.821	-1.803E-2	-0.146
61.855	-2.122E-2	-0.145
61.888	-2.278E-2	-0.145
61.921	-2.248E-2	-0.145
61.955	-2.056E-2	-0.145
61.988	-1.684E-2	-0.146
62.021	-1.166E-2	-0.146
62.055	-5.551E-3	-0.147
62.088	1.112E-3	-0.147
62.121	7.746E-3	-0.147
62.155	1.401E-2	-0.146
62.188	1.905E-2	-0.146
62.222	2.301E-2	-0.145
62.255	2.515E-2	-0.145
62.288	2.569E-2	-0.145
62.322	2.425E-2	-0.145
62.355	2.116E-2	-0.146
62.388	1.664E-2	-0.146
62.422	1.090E-2	-0.147
62.455	4.461E-3	-0.147
62.488	-2.218E-3	-0.147
62.522	-8.686E-3	-0.147
62.555	-1.442E-2	-0.146
62.589	-1.879E-2	-0.145
62.622	-2.182E-2	-0.145
62.655	-2.296E-2	-0.145
62.689	-2.236E-2	-0.145
62.722	-1.994E-2	-0.145
62.755	-1.601E-2	-0.146
62.789	-1.068E-2	-0.146
62.822	-4.390E-3	-0.147
62.855	2.428E-3	-0.147
62.889	8.881E-3	-0.147
62.922	1.496E-2	-0.146
62.955	2.000E-2	-0.146
62.989	2.338E-2	-0.145
63.022	2.513E-2	-0.145
63.056	2.521E-2	-0.145
63.089	2.345E-2	-0.145
63.122	2.007E-2	-0.146
63.156	1.537E-2	-0.146
63.189	9.494E-3	-0.147
63.222	2.982E-3	-0.147
63.256	-3.597E-3	-0.147
63.289	-9.955E-3	-0.147
63.322	-1.522E-2	-0.146
63.356	-1.942E-2	-0.145
63.389	-2.189E-2	-0.145
63.423	-2.270E-2	-0.145
63.456	-2.178E-2	-0.145
63.489	-1.910E-2	-0.145
63.523	-1.490E-2	-0.146
63.556	-9.236E-3	-0.146
63.589	-2.736E-3	-0.147
63.623	3.839E-3	-0.147
63.656	1.034E-2	-0.147
63.689	1.604E-2	-0.146
63.723	2.055E-2	-0.146
63.756	2.366E-2	-0.145
63.790	2.520E-2	-0.145
63.823	2.488E-2	-0.145
63.856	2.290E-2	-0.145
63.890	1.913E-2	-0.146
63.923	1.418E-2	-0.146
63.956	8.128E-3	-0.147
63.990	1.792E-3	-0.147
64.023	-4.691E-3	-0.147
64.056	-1.078E-2	-0.146
64.090	-1.599E-2	-0.146
64.123	-1.973E-2	-0.145
64.157	-2.173E-2	-0.145
64.190	-2.227E-2	-0.145
64.223	-2.103E-2	-0.145
64.257	-1.800E-2	-0.145
64.290	-1.363E-2	-0.146
64.323	-7.963E-3	-0.147
64.357	-1.517E-3	-0.147
64.390	5.131E-3	-0.147
64.423	1.156E-2	-0.146
64.457	1.712E-2	-0.146
64.490	2.127E-2	-0.145
64.524	2.420E-2	-0.145
64.557	2.522E-2	-0.145
64.590	2.460E-2	-0.145
64.624	2.231E-2	-0.145
64.657	1.819E-2	-0.146
64.690	1.284E-2	-0.146
64.724	6.853E-3	-0.147
64.757	3.868E-4	-0.147
64.790	-5.936E-3	-0.147
64.824	-1.201E-2	-0.146
64.857	-1.679E-2	-0.146
64.891	-2.012E-2	-0.145
64.924	-2.193E-2	-0.145
64.957	-2.219E-2	-0.145
64.991	-2.043E-2	-0.145
65.024	-1.728E-2	-0.146
65.057	-1.262E-2	-0.146
65.091	-6.609E-3	-0.147
65.124	-2.152E-4	-0.147
65.157	6.411E-3	-0.147
65.191	1.260E-2	-0.147
65.224	1.789E-2	-0.146
65.258	2.198E-2	-0.145
65.291	2.436E-2	-0.145
65.324	2.505E-2	-0.145
65.358	2.404E-2	-0.145
65.391	2.140E-2	-0.146
65.424	1.707E-2	-0.146
65.458	1.179E-2	-0.147
65.491	5.560E-3	-0.147
65.524	-1.035E-3	-0.147
65.558	-7.276E-3	-0.147
65.591	-1.291E-2	-0.146
65.625	-1.740E-2	-0.146
65.658	-2.070E-2	-0.145
65.691	-2.226E-2	-0.145
65.725	-2.185E-2	-0.145
65.758	-1.983E-2	-0.145
65.791	-1.620E-2	-0.146
65.825	-1.128E-2	-0.146
65.858	-5.146E-3	-0.147
65.891	1.275E-3	-0.147
65.925	7.955E-3	-0.147
65.958	1.386E-2	-0.146
65.992	1.884E-2	-0.146
66.025	2.258E-2	-0.145
66.058	2.458E-2	-0.145
66.092	2.494E-2	-0.145
66.125	2.356E-2	-0.145
66.158	2.036E-2	-0.146
66.192	1.599E-2	-0.146
66.225	1.037E-2	-0.147
66.258	3.983E-3	-0.147
66.292	-2.364E-3	-0.147
66.325	-8.469E-3	-0.147
66.359	-1.392E-2	-0.146
66.392	-1.826E-2	-0.146
66.425	-2.098E-2	-0.145
66.459	-2.205E-2	-0.145
66.492	-2.144E-2	-0.145
66.525	-1.907E-2	-0.145
66.559	-1.506E-2	-0.146
66.592	-9.982E-3	-0.146
66.625	-3.883E-3	-0.147
66.659	2.665E-3	-0.147
66.692	9.108E-3	-0.147
66.725	1.484E-2	-0.146
66.759	1.969E-2	-0.146
66.792	2.302E-2	-0.145
66.826	2.469E-2	-0.145
66.859	2.469E-2	-0.145
66.892	2.290E-2	-0.145
66.926	1.964E-2	-0.146
66.959	1.491E-2	-0.146
66.992	9.120E-3	-0.147
67.026	2.852E-3	-0.147
67.059	-3.603E-3	-0.147
67.092	-9.708E-3	-0.146
67.126	-1.483E-2	-0.146
67.159	-1.874E-2	-0.145
67.193	-2.120E-2	-0.145
67.226	-2.201E-2	-0.145
67.259	-2.095E-2	-0.145
67.293	-1.824E-2	-0.145
67.326	-1.397E-2	-0.146
67.359	-8.817E-3	-0.147
67.393	-2.457E-3	-0.147
67.426	4.091E-3	-0.147
67.459	1.032E-2	-0.147
67.493	1.593E-2	-0.146
67.526	2.047E-2	-0.146
67.560	2.338E-2	-0.145
67.593	2.491E-2	-0.145
67.626	2.439E-2	-0.145
67.660	2.235E-2	-0.145
67.693	1.873E-2	-0.146
67.726	1.386E-2	-0.146
67.760	7.879E-3	-0.147
67.793	1.639E-3	-0.147
67.826	-4.624E-3	-0.147
67.860	-1.063E-2	-0.146
67.893	-1.545E-2	-0.146
67.927	-1.918E-2	-0.145
67.960	-2.106E-2	-0.145
67.993	-2.143E-2	-0.145
68.027	-2.013E-2	-0.145
68.060	-1.706E-2	-0.145
