	mass A		
t	x	y	
1.668	-2.957E-2	-0.140
1.701	-2.956E-2	-0.140
1.735	-2.877E-2	-0.139
1.768	-2.729E-2	-0.139
1.802	-2.418E-2	-0.139
1.835	-1.905E-2	-0.139
1.868	-1.298E-2	-0.141
1.902	-5.246E-3	-0.142
1.935	3.476E-3	-0.142
1.968	1.113E-2	-0.139
2.002	1.766E-2	-0.138
2.035	2.321E-2	-0.140
2.068	2.692E-2	-0.140
2.102	2.845E-2	-0.137
2.135	2.791E-2	-0.139
2.169	2.499E-2	-0.137
2.202	2.022E-2	-0.138
2.235	1.402E-2	-0.138
2.269	6.684E-3	-0.139
2.302	-1.188E-3	-0.139
2.335	-9.222E-3	-0.139
2.369	-1.575E-2	-0.137
2.402	-2.148E-2	-0.136
2.435	-2.643E-2	-0.137
2.469	-2.846E-2	-0.136
2.502	-2.794E-2	-0.135
2.536	-2.593E-2	-0.137
2.569	-2.132E-2	-0.137
2.602	-1.583E-2	-0.139
2.636	-8.754E-3	-0.140
2.669	-5.736E-4	-0.139
2.702	7.372E-3	-0.139
2.736	1.462E-2	-0.139
2.769	2.094E-2	-0.136
2.802	2.547E-2	-0.138
2.836	2.794E-2	-0.135
2.869	2.850E-2	-0.135
2.902	2.710E-2	-0.137
2.936	2.346E-2	-0.136
2.969	1.797E-2	-0.138
3.003	1.111E-2	-0.139
3.036	3.639E-3	-0.139
3.069	-4.165E-3	-0.139
3.103	-1.172E-2	-0.139
3.136	-1.836E-2	-0.138
3.169	-2.341E-2	-0.137
3.203	-2.642E-2	-0.136
3.236	-2.741E-2	-0.135
3.269	-2.648E-2	-0.135
3.303	-2.384E-2	-0.136
3.336	-1.885E-2	-0.137
3.370	-1.236E-2	-0.137
3.403	-5.249E-3	-0.138
3.436	2.405E-3	-0.140
3.470	1.032E-2	-0.140
3.503	1.717E-2	-0.139
3.536	2.261E-2	-0.139
3.570	2.652E-2	-0.138
3.603	2.848E-2	-0.137
3.636	2.838E-2	-0.137
3.670	2.593E-2	-0.137
3.703	2.153E-2	-0.136
3.737	1.569E-2	-0.137
3.770	8.814E-3	-0.138
3.803	9.071E-4	-0.139
3.837	-7.199E-3	-0.139
3.870	-1.402E-2	-0.137
3.903	-2.043E-2	-0.137
3.937	-2.515E-2	-0.138
3.970	-2.765E-2	-0.137
4.003	-2.758E-2	-0.135
4.037	-2.578E-2	-0.135
4.070	-2.212E-2	-0.136
4.104	-1.659E-2	-0.137
4.137	-9.833E-3	-0.138
4.170	-2.217E-3	-0.138
4.204	5.378E-3	-0.140
4.237	1.264E-2	-0.139
4.270	1.908E-2	-0.139
4.304	2.412E-2	-0.138
4.337	2.715E-2	-0.138
4.370	2.807E-2	-0.137
4.404	2.713E-2	-0.137
4.437	2.408E-2	-0.136
4.471	1.939E-2	-0.137
4.504	1.300E-2	-0.139
4.537	5.760E-3	-0.140
4.571	-2.132E-3	-0.140
4.604	-9.364E-3	-0.138
4.637	-1.635E-2	-0.137
4.671	-2.236E-2	-0.138
4.704	-2.633E-2	-0.137
4.737	-2.789E-2	-0.137
4.771	-2.781E-2	-0.137
4.804	-2.490E-2	-0.137
4.837	-2.038E-2	-0.137
4.871	-1.433E-2	-0.138
4.904	-7.203E-3	-0.139
4.938	3.668E-4	-0.140
4.971	8.225E-3	-0.139
5.004	1.535E-2	-0.139
5.038	2.128E-2	-0.139
5.071	2.543E-2	-0.138
5.104	2.758E-2	-0.138
5.138	2.775E-2	-0.137
5.171	2.620E-2	-0.138
5.204	2.243E-2	-0.138
5.238	1.691E-2	-0.139
5.271	1.024E-2	-0.139
5.305	2.805E-3	-0.139
5.338	-4.992E-3	-0.139
5.371	-1.232E-2	-0.138
5.405	-1.859E-2	-0.137
5.438	-2.417E-2	-0.138
5.471	-2.666E-2	-0.137
5.505	-2.718E-2	-0.135
5.538	-2.660E-2	-0.136
5.571	-2.359E-2	-0.137
5.605	-1.883E-2	-0.138
5.638	-1.203E-2	-0.138
5.672	-4.863E-3	-0.139
5.705	2.903E-3	-0.139
5.738	1.062E-2	-0.139
5.772	1.748E-2	-0.137
5.805	2.273E-2	-0.138
5.838	2.633E-2	-0.138
5.872	2.770E-2	-0.137
5.905	2.731E-2	-0.138
5.938	2.471E-2	-0.138
5.972	2.025E-2	-0.139
6.005	1.418E-2	-0.139
6.039	7.098E-3	-0.140
6.072	-5.123E-4	-0.140
6.105	-8.001E-3	-0.139
6.139	-1.505E-2	-0.139
6.172	-2.059E-2	-0.137
6.205	-2.463E-2	-0.136
6.239	-2.720E-2	-0.136
6.272	-2.718E-2	-0.135
6.305	-2.565E-2	-0.137
6.339	-2.210E-2	-0.138
6.372	-1.698E-2	-0.139
6.406	-9.754E-3	-0.139
6.439	-2.223E-3	-0.139
6.472	5.696E-3	-0.139
6.506	1.291E-2	-0.139
6.539	1.922E-2	-0.139
6.572	2.423E-2	-0.138
6.606	2.718E-2	-0.137
6.639	2.776E-2	-0.137
6.672	2.656E-2	-0.138
6.706	2.314E-2	-0.138
6.739	1.812E-2	-0.139
6.772	1.168E-2	-0.139
6.806	4.252E-3	-0.140
6.839	-3.495E-3	-0.139
6.873	-1.084E-2	-0.139
6.906	-1.654E-2	-0.137
6.939	-2.182E-2	-0.136
6.973	-2.536E-2	-0.135
7.006	-2.676E-2	-0.135
7.039	-2.620E-2	-0.135
7.073	-2.390E-2	-0.136
7.106	-1.981E-2	-0.137
7.139	-1.377E-2	-0.138
7.173	-6.666E-3	-0.139
7.206	1.246E-3	-0.138
7.240	8.438E-3	-0.140
7.273	1.545E-2	-0.139
7.306	2.137E-2	-0.139
7.340	2.547E-2	-0.138
7.373	2.749E-2	-0.137
7.406	2.756E-2	-0.137
7.440	2.554E-2	-0.138
7.473	2.146E-2	-0.138
7.506	1.555E-2	-0.139
7.540	8.799E-3	-0.139
7.573	1.313E-3	-0.140
7.607	-6.221E-3	-0.140
7.640	-1.329E-2	-0.139
7.673	-1.931E-2	-0.137
7.707	-2.339E-2	-0.136
7.740	-2.641E-2	-0.136
7.773	-2.688E-2	-0.135
7.807	-2.584E-2	-0.136
7.840	-2.236E-2	-0.136
7.873	-1.783E-2	-0.138
7.907	-1.129E-2	-0.138
7.940	-4.129E-3	-0.140
7.974	3.817E-3	-0.138
8.007	1.117E-2	-0.138
8.040	1.775E-2	-0.137
8.074	2.272E-2	-0.136
8.107	2.599E-2	-0.136
8.140	2.726E-2	-0.135
8.174	2.666E-2	-0.135
8.207	2.397E-2	-0.138
8.240	1.920E-2	-0.137
8.274	1.317E-2	-0.138
8.307	6.038E-3	-0.139
8.341	-1.634E-3	-0.139
8.374	-9.195E-3	-0.139
8.407	-1.577E-2	-0.137
8.441	-2.161E-2	-0.138
8.474	-2.556E-2	-0.137
8.507	-2.667E-2	-0.135
8.541	-2.655E-2	-0.135
8.574	-2.456E-2	-0.135
8.607	-2.112E-2	-0.138
8.641	-1.554E-2	-0.139
8.674	-8.566E-3	-0.139
8.707	-1.109E-3	-0.140
8.741	6.638E-3	-0.138
8.774	1.379E-2	-0.139
8.808	1.961E-2	-0.137
8.841	2.421E-2	-0.138
8.874	2.671E-2	-0.138
8.908	2.699E-2	-0.135
8.941	2.552E-2	-0.136
8.974	2.216E-2	-0.138
9.008	1.693E-2	-0.138
9.041	1.040E-2	-0.139
9.074	2.875E-3	-0.139
9.108	-4.666E-3	-0.139
9.141	-1.183E-2	-0.139
9.175	-1.832E-2	-0.138
9.208	-2.336E-2	-0.138
9.241	-2.646E-2	-0.137
9.275	-2.681E-2	-0.135
9.308	-2.685E-2	-0.137
9.341	-2.386E-2	-0.137
9.375	-1.884E-2	-0.137
9.408	-1.277E-2	-0.139
9.441	-5.687E-3	-0.140
9.475	1.836E-3	-0.140
9.508	9.323E-3	-0.139
9.542	1.602E-2	-0.137
9.575	2.147E-2	-0.137
9.608	2.507E-2	-0.136
9.642	2.660E-2	-0.135
9.675	2.643E-2	-0.135
9.708	2.430E-2	-0.136
9.742	2.005E-2	-0.137
9.775	1.428E-2	-0.139
9.808	7.332E-3	-0.138
9.842	-1.397E-4	-0.139
9.875	-7.679E-3	-0.139
9.909	-1.434E-2	-0.138
9.942	-1.989E-2	-0.136
9.975	-2.477E-2	-0.138
10.009	-2.629E-2	-0.135
10.042	-2.648E-2	-0.135
10.075	-2.586E-2	-0.137
10.109	-2.191E-2	-0.137
10.142	-1.673E-2	-0.139
10.175	-1.026E-2	-0.139
10.209	-2.764E-3	-0.139
10.242	4.772E-3	-0.139
10.276	1.202E-2	-0.138
10.309	1.819E-2	-0.137
10.342	2.301E-2	-0.136
10.376	2.594E-2	-0.136
10.409	2.673E-2	-0.135
10.442	2.571E-2	-0.136
10.476	2.262E-2	-0.136
10.509	1.789E-2	-0.137
10.542	1.179E-2	-0.138
10.576	4.544E-3	-0.139
10.609	-2.792E-3	-0.138
10.642	-1.021E-2	-0.139
10.676	-1.629E-2	-0.137
10.709	-2.131E-2	-0.136
10.743	-2.535E-2	-0.136
10.776	-2.639E-2	-0.135
10.809	-2.593E-2	-0.135
10.843	-2.429E-2	-0.138
10.876	-1.988E-2	-0.137
10.909	-1.425E-2	-0.139
10.943	-7.278E-3	-0.139
10.976	2.727E-4	-0.139
11.009	7.819E-3	-0.138
11.043	1.453E-2	-0.138
11.076	2.015E-2	-0.137
11.110	2.440E-2	-0.136
11.143	2.646E-2	-0.135
11.176	2.653E-2	-0.135
11.210	2.467E-2	-0.136
11.243	2.102E-2	-0.137
11.276	1.565E-2	-0.137
11.310	8.995E-3	-0.139
11.343	1.651E-3	-0.139
11.376	-5.691E-3	-0.139
11.410	-1.230E-2	-0.137
11.443	-1.823E-2	-0.137
11.477	-2.273E-2	-0.136
11.510	-2.560E-2	-0.135
11.543	-2.624E-2	-0.135
11.577	-2.522E-2	-0.135
11.610	-2.269E-2	-0.137
11.643	-1.758E-2	-0.138
11.677	-1.154E-2	-0.139
11.710	-4.481E-3	-0.139
11.743	3.066E-3	-0.138
11.777	1.024E-2	-0.138
11.810	1.672E-2	-0.137
11.844	2.194E-2	-0.136
11.877	2.527E-2	-0.136
11.910	2.615E-2	-0.135
11.944	2.585E-2	-0.136
11.977	2.335E-2	-0.136
12.010	1.897E-2	-0.137
12.044	1.309E-2	-0.138
12.077	6.169E-3	-0.139
12.110	-1.165E-3	-0.139
12.144	-8.504E-3	-0.139
12.177	-1.509E-2	-0.138
12.211	-2.012E-2	-0.136
12.244	-2.409E-2	-0.136
12.277	-2.608E-2	-0.135
12.311	-2.614E-2	-0.135
12.344	-2.468E-2	-0.136
12.377	-2.106E-2	-0.138
12.411	-1.558E-2	-0.138
12.444	-9.004E-3	-0.139
12.477	-1.658E-3	-0.139
12.511	5.705E-3	-0.139
12.544	1.278E-2	-0.138
12.577	1.871E-2	-0.137
12.611	2.319E-2	-0.136
12.644	2.577E-2	-0.135
12.678	2.617E-2	-0.135
12.711	2.517E-2	-0.136
12.744	2.184E-2	-0.136
12.778	1.679E-2	-0.137
12.811	1.058E-2	-0.138
12.844	3.561E-3	-0.139
12.878	-3.999E-3	-0.139
12.911	-1.102E-2	-0.139
12.944	-1.706E-2	-0.138
12.978	-2.211E-2	-0.137
13.011	-2.515E-2	-0.135
13.045	-2.614E-2	-0.135
13.078	-2.556E-2	-0.135
13.111	-2.312E-2	-0.136
13.145	-1.908E-2	-0.138
13.178	-1.304E-2	-0.138
13.211	-6.065E-3	-0.138
13.245	1.123E-3	-0.139
13.278	8.501E-3	-0.138
13.311	1.507E-2	-0.138
13.345	2.045E-2	-0.137
13.378	2.427E-2	-0.136
13.412	2.617E-2	-0.136
13.445	2.614E-2	-0.135
13.478	2.401E-2	-0.136
13.512	2.006E-2	-0.138
13.545	1.468E-2	-0.138
13.578	7.951E-3	-0.139
13.612	6.811E-4	-0.139
13.645	-6.724E-3	-0.139
13.678	-1.332E-2	-0.138
13.712	-1.935E-2	-0.138
13.745	-2.380E-2	-0.138
13.779	-2.635E-2	-0.137
13.812	-2.592E-2	-0.135
13.845	-2.529E-2	-0.137
13.879	-2.191E-2	-0.137
13.912	-1.686E-2	-0.138
13.945	-1.070E-2	-0.139
13.979	-3.637E-3	-0.140
14.012	3.822E-3	-0.139
14.045	1.085E-2	-0.138
14.079	1.716E-2	-0.137
14.112	2.206E-2	-0.136
14.146	2.508E-2	-0.136
14.179	2.602E-2	-0.135
14.212	2.519E-2	-0.136
14.246	2.252E-2	-0.136
14.279	1.799E-2	-0.139
14.312	1.201E-2	-0.139
14.346	5.073E-3	-0.139
14.379	-2.121E-3	-0.139
14.412	-9.247E-3	-0.139
14.446	-1.534E-2	-0.137
14.479	-2.120E-2	-0.138
14.512	-2.489E-2	-0.137
14.546	-2.584E-2	-0.136
14.579	-2.563E-2	-0.135
14.613	-2.427E-2	-0.137
14.646	-1.989E-2	-0.137
14.679	-1.432E-2	-0.138
14.713	-8.150E-3	-0.139
14.746	-7.190E-4	-0.139
14.779	6.427E-3	-0.139
14.813	1.344E-2	-0.138
14.846	1.909E-2	-0.137
14.879	2.315E-2	-0.136
14.913	2.513E-2	-0.136
14.946	2.551E-2	-0.137
14.980	2.414E-2	-0.137
15.013	2.075E-2	-0.137
15.046	1.565E-2	-0.138
15.080	9.430E-3	-0.139
15.113	2.349E-3	-0.139
15.146	-4.953E-3	-0.139
15.180	-1.202E-2	-0.139
15.213	-1.758E-2	-0.137
15.246	-2.263E-2	-0.137
15.280	-2.509E-2	-0.136
15.313	-2.607E-2	-0.135
15.347	-2.516E-2	-0.135
15.380	-2.219E-2	-0.136
15.413	-1.806E-2	-0.138
15.447	-1.206E-2	-0.138
15.480	-5.214E-3	-0.139
15.513	2.072E-3	-0.139
15.547	9.247E-3	-0.138
15.580	1.563E-2	-0.137
15.613	2.075E-2	-0.137
15.647	2.418E-2	-0.136
15.680	2.568E-2	-0.136
15.714	2.525E-2	-0.136
15.747	2.303E-2	-0.136
15.780	1.893E-2	-0.137
15.814	1.342E-2	-0.138
15.847	6.707E-3	-0.139
15.880	-5.200E-4	-0.139
15.914	-7.714E-3	-0.139
15.947	-1.385E-2	-0.137
15.980	-1.924E-2	-0.136
16.014	-2.384E-2	-0.137
16.047	-2.592E-2	-0.137
16.081	-2.546E-2	-0.135
16.114	-2.439E-2	-0.137
16.147	-2.086E-2	-0.137
16.181	-1.585E-2	-0.138
16.214	-9.478E-3	-0.139
16.247	-2.264E-3	-0.139
16.281	4.933E-3	-0.139
16.314	1.180E-2	-0.138
16.347	1.791E-2	-0.137
16.381	2.227E-2	-0.136
16.414	2.512E-2	-0.138
16.447	2.568E-2	-0.138
16.481	2.468E-2	-0.138
16.514	2.168E-2	-0.138
16.548	1.687E-2	-0.138
16.581	1.073E-2	-0.139
16.614	3.847E-3	-0.139
16.648	-3.213E-3	-0.138
16.681	-1.030E-2	-0.139
16.714	-1.630E-2	-0.138
16.748	-2.088E-2	-0.136
16.781	-2.484E-2	-0.137
16.814	-2.534E-2	-0.135
16.848	-2.491E-2	-0.135
16.881	-2.328E-2	-0.138
16.915	-1.886E-2	-0.138
16.948	-1.317E-2	-0.139
16.981	-6.635E-3	-0.139
17.015	4.340E-4	-0.140
17.048	7.773E-3	-0.138
17.081	1.435E-2	-0.138
17.115	1.956E-2	-0.137
17.148	2.350E-2	-0.138
17.181	2.527E-2	-0.136
17.215	2.513E-2	-0.136
17.248	2.340E-2	-0.136
17.282	1.959E-2	-0.137
17.315	1.447E-2	-0.138
17.348	7.953E-3	-0.139
17.382	9.285E-4	-0.139
17.415	-6.268E-3	-0.139
17.448	-1.281E-2	-0.138
17.482	-1.833E-2	-0.137
17.515	-2.289E-2	-0.138
17.548	-2.530E-2	-0.137
17.582	-2.543E-2	-0.135
17.615	-2.484E-2	-0.137
17.649	-2.179E-2	-0.138
17.682	-1.679E-2	-0.138
17.715	-1.074E-2	-0.139
17.749	-3.949E-3	-0.140
17.782	3.339E-3	-0.139
17.815	1.041E-2	-0.138
17.849	1.639E-2	-0.137
17.882	2.106E-2	-0.137
17.915	2.443E-2	-0.138
17.949	2.546E-2	-0.136
17.982	2.461E-2	-0.136
18.016	2.204E-2	-0.136
18.049	1.786E-2	-0.137
18.082	1.201E-2	-0.138
18.116	5.342E-3	-0.139
18.149	-1.974E-3	-0.139
18.182	-8.751E-3	-0.139
18.216	-1.481E-2	-0.137
18.249	-1.982E-2	-0.136
18.282	-2.381E-2	-0.137
18.316	-2.527E-2	-0.135
18.349	-2.528E-2	-0.136
18.382	-2.295E-2	-0.136
18.416	-1.934E-2	-0.137
18.449	-1.432E-2	-0.138
18.483	-8.034E-3	-0.139
18.516	-7.353E-4	-0.139
18.549	6.341E-3	-0.139
18.583	1.283E-2	-0.138
18.616	1.847E-2	-0.137
18.649	2.261E-2	-0.136
18.683	2.493E-2	-0.136
18.716	2.525E-2	-0.136
18.749	2.399E-2	-0.138
18.783	2.051E-2	-0.137
18.816	1.565E-2	-0.138
18.850	9.431E-3	-0.139
18.883	2.534E-3	-0.139
18.916	-4.520E-3	-0.139
18.950	-1.121E-2	-0.139
18.983	-1.682E-2	-0.137
19.016	-2.191E-2	-0.138
19.050	-2.483E-2	-0.137
19.083	-2.495E-2	-0.135
19.116	-2.490E-2	-0.137
19.150	-2.189E-2	-0.137
19.183	-1.779E-2	-0.139
19.217	-1.183E-2	-0.139
19.250	-5.188E-3	-0.139
19.283	1.896E-3	-0.139
19.317	8.836E-3	-0.139
19.350	1.519E-2	-0.137
19.383	2.018E-2	-0.137
19.417	2.357E-2	-0.136
19.450	2.511E-2	-0.136
19.483	2.472E-2	-0.136
19.517	2.267E-2	-0.136
19.550	1.875E-2	-0.137
19.584	1.319E-2	-0.139
19.617	6.726E-3	-0.139
19.650	-2.914E-4	-0.139
19.684	-7.226E-3	-0.139
19.717	-1.382E-2	-0.139
19.750	-1.929E-2	-0.138
19.784	-2.327E-2	-0.138
19.817	-2.530E-2	-0.137
19.850	-2.584E-2	-0.137
19.884	-2.388E-2	-0.137
19.917	-2.035E-2	-0.138
19.950	-1.539E-2	-0.138
19.984	-9.307E-3	-0.139
20.017	-2.480E-3	-0.139
20.051	4.609E-3	-0.139
20.084	1.141E-2	-0.138
20.117	1.706E-2	-0.137
20.151	2.149E-2	-0.136
20.184	2.421E-2	-0.136
20.217	2.505E-2	-0.136
20.251	2.398E-2	-0.136
20.284	2.110E-2	-0.137
20.317	1.652E-2	-0.137
20.351	1.081E-2	-0.138
20.384	4.063E-3	-0.139
20.418	-2.961E-3	-0.139
20.451	-9.738E-3	-0.139
20.484	-1.581E-2	-0.138
20.518	-2.029E-2	-0.136
20.551	-2.382E-2	-0.136
20.584	-2.491E-2	-0.135
20.618	-2.443E-2	-0.135
20.651	-2.233E-2	-0.136
20.684	-1.834E-2	-0.137
20.718	-1.327E-2	-0.139
20.751	-6.739E-3	-0.139
20.785	3.257E-4	-0.139
20.818	7.319E-3	-0.138
20.851	1.370E-2	-0.137
20.885	1.900E-2	-0.137
20.918	2.302E-2	-0.138
20.951	2.466E-2	-0.136
20.985	2.476E-2	-0.136
21.018	2.314E-2	-0.137
21.051	1.966E-2	-0.138
21.085	1.462E-2	-0.138
21.118	8.334E-3	-0.139
21.152	1.527E-3	-0.139
21.185	-5.482E-3	-0.139
21.218	-1.204E-2	-0.139
21.252	-1.713E-2	-0.137
21.285	-2.147E-2	-0.136
21.318	-2.459E-2	-0.137
21.352	-2.462E-2	-0.136
21.385	-2.414E-2	-0.137
21.418	-2.109E-2	-0.138
21.452	-1.655E-2	-0.138
21.485	-1.053E-2	-0.138
21.519	-3.991E-3	-0.139
21.552	2.923E-3	-0.140
21.585	9.750E-3	-0.139
21.619	1.580E-2	-0.137
21.652	2.065E-2	-0.139
21.685	2.373E-2	-0.138
21.719	2.469E-2	-0.136
21.752	2.427E-2	-0.136
21.785	2.190E-2	-0.137
21.819	1.774E-2	-0.137
21.852	1.209E-2	-0.139
21.885	5.652E-3	-0.139
21.919	-1.360E-3	-0.140
21.952	-8.277E-3	-0.139
21.986	-1.451E-2	-0.139
22.019	-1.958E-2	-0.138
22.052	-2.319E-2	-0.137
22.086	-2.441E-2	-0.135
22.119	-2.439E-2	-0.135
22.152	-2.326E-2	-0.138
22.186	-1.936E-2	-0.137
22.219	-1.425E-2	-0.138
22.252	-8.272E-3	-0.139
22.286	-1.456E-3	-0.139
22.319	5.660E-3	-0.139
22.353	1.224E-2	-0.138
22.386	1.769E-2	-0.137
22.419	2.176E-2	-0.136
22.453	2.419E-2	-0.136
22.486	2.471E-2	-0.136
22.519	2.346E-2	-0.136
22.553	2.029E-2	-0.137
22.586	1.555E-2	-0.137
22.619	9.687E-3	-0.139
22.653	2.993E-3	-0.139
22.686	-3.981E-3	-0.139
22.720	-1.055E-2	-0.139
22.753	-1.604E-2	-0.137
22.786	-2.113E-2	-0.138
22.820	-2.417E-2	-0.137
22.853	-2.460E-2	-0.135
22.886	-2.411E-2	-0.136
22.920	-2.159E-2	-0.137
22.953	-1.753E-2	-0.138
22.986	-1.205E-2	-0.139
23.020	-5.545E-3	-0.139
23.053	1.559E-3	-0.138
23.087	8.177E-3	-0.139
23.120	1.430E-2	-0.137
23.153	1.920E-2	-0.137
23.187	2.280E-2	-0.136
23.220	2.434E-2	-0.136
23.253	2.421E-2	-0.136
23.287	2.224E-2	-0.136
23.320	1.849E-2	-0.137
23.353	1.332E-2	-0.138
23.387	7.030E-3	-0.139
23.420	1.484E-4	-0.139
23.454	-6.671E-3	-0.139
23.487	-1.283E-2	-0.138
23.520	-1.784E-2	-0.137
23.554	-2.238E-2	-0.137
23.587	-2.478E-2	-0.137
23.620	-2.422E-2	-0.135
23.654	-2.337E-2	-0.137
23.687	-2.030E-2	-0.138
23.720	-1.532E-2	-0.138
23.754	-9.492E-3	-0.139
23.787	-2.875E-3	-0.140
23.820	4.080E-3	-0.139
23.854	1.068E-2	-0.138
23.887	1.639E-2	-0.137
23.921	2.090E-2	-0.137
23.954	2.351E-2	-0.136
23.987	2.429E-2	-0.136
24.021	2.350E-2	-0.136
24.054	2.085E-2	-0.137
24.087	1.647E-2	-0.137
24.121	1.080E-2	-0.138
24.154	4.279E-3	-0.139
24.187	-2.587E-3	-0.140
24.221	-9.257E-3	-0.139
24.254	-1.531E-2	-0.138
24.288	-1.945E-2	-0.136
24.321	-2.285E-2	-0.136
24.354	-2.419E-2	-0.136
24.388	-2.387E-2	-0.136
24.421	-2.186E-2	-0.136
24.454	-1.830E-2	-0.138
24.488	-1.307E-2	-0.138
24.521	-6.744E-3	-0.138
24.554	-1.728E-4	-0.139
24.588	6.814E-3	-0.138
24.621	1.315E-2	-0.138
24.655	1.828E-2	-0.137
24.688	2.201E-2	-0.136
24.721	2.396E-2	-0.136
24.755	2.424E-2	-0.136
24.788	2.266E-2	-0.136
24.821	1.923E-2	-0.137
24.855	1.431E-2	-0.139
24.888	8.333E-3	-0.139
24.921	1.642E-3	-0.139
24.955	-5.236E-3	-0.139
24.988	-1.158E-2	-0.138
25.022	-1.701E-2	-0.138
25.055	-2.151E-2	-0.138
25.088	-2.410E-2	-0.138
25.122	-2.416E-2	-0.136
25.155	-2.366E-2	-0.137
25.188	-2.064E-2	-0.137
25.222	-1.630E-2	-0.138
25.255	-1.058E-2	-0.139
25.288	-4.024E-3	-0.139
25.322	2.791E-3	-0.139
25.355	9.416E-3	-0.139
25.389	1.525E-2	-0.137
25.422	1.982E-2	-0.137
25.455	2.295E-2	-0.136
25.489	2.416E-2	-0.136
25.522	2.366E-2	-0.136
25.555	2.132E-2	-0.137
25.589	1.728E-2	-0.137
25.622	1.191E-2	-0.139
25.655	5.604E-3	-0.139
25.689	-1.226E-3	-0.139
25.722	-7.925E-3	-0.139
25.755	-1.385E-2	-0.138
25.789	-1.850E-2	-0.137
25.822	-2.280E-2	-0.138
25.856	-2.434E-2	-0.137
25.889	-2.379E-2	-0.136
25.922	-2.243E-2	-0.137
25.956	-1.888E-2	-0.137
25.989	-1.420E-2	-0.139
26.022	-8.075E-3	-0.139
26.056	-1.288E-3	-0.139
26.089	5.392E-3	-0.139
26.122	1.173E-2	-0.139
26.156	1.707E-2	-0.137
26.189	2.115E-2	-0.136
26.223	2.343E-2	-0.136
26.256	2.397E-2	-0.136
26.289	2.282E-2	-0.136
26.323	1.971E-2	-0.137
26.356	1.513E-2	-0.138
26.389	9.389E-3	-0.139
26.423	2.812E-3	-0.139
26.456	-3.908E-3	-0.139
26.489	-1.030E-2	-0.138
26.523	-1.584E-2	-0.137
26.556	-2.055E-2	-0.138
26.590	-2.330E-2	-0.137
26.623	-2.388E-2	-0.136
26.656	-2.389E-2	-0.137
26.690	-2.129E-2	-0.137
26.723	-1.715E-2	-0.138
26.756	-1.171E-2	-0.139
26.790	-5.289E-3	-0.139
26.823	1.369E-3	-0.139
26.856	7.921E-3	-0.139
26.890	1.400E-2	-0.137
26.923	1.889E-2	-0.137
26.957	2.221E-2	-0.136
26.990	2.369E-2	-0.136
27.023	2.367E-2	-0.137
27.057	2.172E-2	-0.137
27.090	1.796E-2	-0.137
27.123	1.284E-2	-0.138
27.157	6.826E-3	-0.139
27.190	1.187E-4	-0.140
27.223	-6.538E-3	-0.139
27.257	-1.274E-2	-0.139
27.290	-1.735E-2	-0.137
27.324	-2.180E-2	-0.138
27.357	-2.338E-2	-0.136
27.390	-2.371E-2	-0.136
27.424	-2.237E-2	-0.136
27.457	-1.933E-2	-0.137
27.490	-1.482E-2	-0.138
27.524	-9.231E-3	-0.139
27.557	-2.439E-3	-0.138
27.590	4.075E-3	-0.139
27.624	1.050E-2	-0.139
27.657	1.599E-2	-0.137
27.690	2.037E-2	-0.137
27.724	2.308E-2	-0.136
27.757	2.390E-2	-0.136
27.791	2.302E-2	-0.136
27.824	2.032E-2	-0.137
27.857	1.602E-2	-0.138
27.891	1.059E-2	-0.139
27.924	4.200E-3	-0.139
27.957	-2.522E-3	-0.139
27.991	-9.007E-3	-0.139
28.024	-1.448E-2	-0.138
28.057	-1.903E-2	-0.137
28.091	-2.219E-2	-0.136
28.124	-2.357E-2	-0.136
28.158	-2.317E-2	-0.136
28.191	-2.161E-2	-0.138
28.224	-1.762E-2	-0.137
28.258	-1.257E-2	-0.138
28.291	-6.472E-3	-0.139
28.324	1.955E-5	-0.139
28.358	6.653E-3	-0.139
28.391	1.272E-2	-0.138
28.424	1.786E-2	-0.137
28.458	2.164E-2	-0.136
28.491	2.347E-2	-0.136
28.525	2.366E-2	-0.136
28.558	2.213E-2	-0.136
28.591	1.886E-2	-0.137
28.625	1.403E-2	-0.138
28.658	8.108E-3	-0.139
28.691	1.673E-3	-0.138
28.725	-4.978E-3	-0.139
28.758	-1.124E-2	-0.139
28.791	-1.606E-2	-0.137
28.825	-2.006E-2	-0.136
28.858	-2.315E-2	-0.137
28.892	-2.361E-2	-0.137
28.925	-2.262E-2	-0.137
28.958	-2.011E-2	-0.138
28.992	-1.556E-2	-0.139
29.025	-1.014E-2	-0.140
29.058	-3.873E-3	-0.140
29.092	2.718E-3	-0.140
29.125	9.361E-3	-0.138
29.158	1.505E-2	-0.139
29.192	1.953E-2	-0.139
29.225	2.248E-2	-0.136
29.259	2.359E-2	-0.136
29.292	2.319E-2	-0.136
29.325	2.092E-2	-0.138
29.359	1.702E-2	-0.139
29.392	1.182E-2	-0.139
29.425	5.794E-3	-0.139
29.459	-7.043E-4	-0.138
29.492	-7.250E-3	-0.139
29.525	-1.306E-2	-0.138
29.559	-1.763E-2	-0.137
29.592	-2.133E-2	-0.137
29.625	-2.336E-2	-0.137
29.659	-2.337E-2	-0.137
29.692	-2.133E-2	-0.136
29.726	-1.790E-2	-0.137
29.759	-1.329E-2	-0.138
29.792	-7.326E-3	-0.138
29.826	-8.100E-4	-0.138
29.859	5.774E-3	-0.138
29.892	1.181E-2	-0.139
29.926	1.702E-2	-0.139
29.959	2.094E-2	-0.139
29.992	2.325E-2	-0.138
30.026	2.373E-2	-0.138
30.059	2.261E-2	-0.138
30.093	1.952E-2	-0.139
30.126	1.507E-2	-0.139
30.159	9.720E-3	-0.138
30.193	3.395E-3	-0.138
30.226	-3.070E-3	-0.138
30.259	-9.485E-3	-0.139
30.293	-1.505E-2	-0.138
30.326	-1.911E-2	-0.137
30.359	-2.267E-2	-0.138
30.393	-2.317E-2	-0.136
30.426	-2.263E-2	-0.137
30.460	-2.015E-2	-0.137
30.493	-1.650E-2	-0.139
30.526	-1.105E-2	-0.138
30.560	-4.895E-3	-0.138
30.593	1.642E-3	-0.138
30.626	8.046E-3	-0.139
30.660	1.376E-2	-0.139
30.693	1.852E-2	-0.139
30.726	2.183E-2	-0.136
30.760	2.320E-2	-0.138
30.793	2.319E-2	-0.138
30.827	2.134E-2	-0.138
30.860	1.775E-2	-0.139
30.893	1.289E-2	-0.139
30.927	7.057E-3	-0.138
30.960	6.090E-4	-0.138
30.993	-5.748E-3	-0.138
31.027	-1.157E-2	-0.138
31.060	-1.658E-2	-0.137
31.093	-2.114E-2	-0.138
31.127	-2.262E-2	-0.136
31.160	-2.316E-2	-0.136
31.194	-2.216E-2	-0.138
31.227	-1.910E-2	-0.138
31.260	-1.453E-2	-0.139
31.294	-8.767E-3	-0.139
31.327	-2.383E-3	-0.138
31.360	4.040E-3	-0.139
31.394	1.023E-2	-0.140
31.427	1.564E-2	-0.139
31.460	1.994E-2	-0.139
31.494	2.264E-2	-0.138
31.527	2.311E-2	-0.138
31.560	2.264E-2	-0.138
31.594	2.014E-2	-0.139
31.627	1.598E-2	-0.139
31.661	1.067E-2	-0.139
31.694	4.639E-3	-0.138
31.727	-1.732E-3	-0.138
31.761	-7.939E-3	-0.138
31.794	-1.399E-2	-0.139
31.827	-1.814E-2	-0.137
31.861	-2.205E-2	-0.138
31.894	-2.363E-2	-0.138
31.927	-2.312E-2	-0.137
31.961	-2.060E-2	-0.136
31.994	-1.708E-2	-0.137
32.028	-1.208E-2	-0.138
32.061	-6.419E-3	-0.140
32.094	9.575E-5	-0.140
32.128	6.613E-3	-0.140
32.161	1.257E-2	-0.139
32.194	1.738E-2	-0.139
32.228	2.113E-2	-0.139
32.261	2.306E-2	-0.138
32.294	2.324E-2	-0.138
32.328	2.171E-2	-0.139
32.361	1.839E-2	-0.139
32.395	1.393E-2	-0.139
32.428	8.299E-3	-0.139
32.461	2.042E-3	-0.139
32.495	-4.491E-3	-0.139
32.528	-1.053E-2	-0.138
32.561	-1.562E-2	-0.137
32.595	-1.962E-2	-0.137
32.628	-2.259E-2	-0.138
32.661	-2.265E-2	-0.136
32.695	-2.214E-2	-0.138
32.728	-1.959E-2	-0.138
32.762	-1.510E-2	-0.138
32.795	-9.961E-3	-0.139
32.828	-3.473E-3	-0.138
32.862	2.931E-3	-0.139
32.895	9.059E-3	-0.139
32.928	1.461E-2	-0.139
32.962	1.912E-2	-0.139
32.995	2.217E-2	-0.138
33.028	2.327E-2	-0.138
33.062	2.274E-2	-0.138
33.095	2.054E-2	-0.139
33.129	1.673E-2	-0.139
33.162	1.169E-2	-0.139
33.195	5.755E-3	-0.139
33.229	-5.985E-4	-0.139
33.262	-6.784E-3	-0.138
33.295	-1.253E-2	-0.138
33.329	-1.730E-2	-0.137
33.362	-2.061E-2	-0.136
33.395	-2.283E-2	-0.137
33.429	-2.267E-2	-0.136
33.462	-2.115E-2	-0.137
33.495	-1.758E-2	-0.137
33.529	-1.307E-2	-0.138
33.562	-7.437E-3	-0.140
33.596	-9.259E-4	-0.139
33.629	5.503E-3	-0.139
33.662	1.139E-2	-0.139
33.696	1.655E-2	-0.139
33.729	2.040E-2	-0.139
33.762	2.257E-2	-0.138
33.796	2.299E-2	-0.138
33.829	2.179E-2	-0.136
33.862	1.892E-2	-0.137
33.896	1.474E-2	-0.137
33.929	9.303E-3	-0.138
33.963	3.254E-3	-0.138
33.996	-3.178E-3	-0.139
34.029	-9.255E-3	-0.138
34.063	-1.479E-2	-0.138
34.096	-1.885E-2	-0.137
34.129	-2.192E-2	-0.137
34.163	-2.281E-2	-0.137
34.196	-2.238E-2	-0.137
34.229	-1.987E-2	-0.138
34.263	-1.579E-2	-0.138
34.296	-1.078E-2	-0.139
34.330	-4.727E-3	-0.139
34.363	1.750E-3	-0.138
34.396	7.926E-3	-0.138
34.430	1.352E-2	-0.139
34.463	1.805E-2	-0.139
34.496	2.139E-2	-0.139
34.530	2.266E-2	-0.136
34.563	2.257E-2	-0.136
34.596	2.063E-2	-0.138
34.630	1.706E-2	-0.137
34.663	1.241E-2	-0.138
34.697	6.809E-3	-0.138
34.730	5.070E-4	-0.139
34.763	-5.803E-3	-0.138
34.797	-1.176E-2	-0.139
34.830	-1.637E-2	-0.137
34.863	-1.989E-2	-0.136
34.897	-2.237E-2	-0.137
34.930	-2.240E-2	-0.136
34.963	-2.135E-2	-0.137
34.997	-1.833E-2	-0.138
35.030	-1.384E-2	-0.138
35.064	-8.523E-3	-0.139
35.097	-2.201E-3	-0.139
35.130	4.084E-3	-0.139
35.164	1.031E-2	-0.138
35.197	1.542E-2	-0.137
35.230	1.951E-2	-0.137
35.264	2.200E-2	-0.136
35.297	2.268E-2	-0.136
35.330	2.194E-2	-0.138
35.364	1.936E-2	-0.138
35.397	1.536E-2	-0.138
35.430	9.960E-3	-0.139
35.464	3.855E-3	-0.139
35.497	-2.410E-3	-0.139
35.531	-8.689E-3	-0.139
35.564	-1.381E-2	-0.137
35.597	-1.836E-2	-0.137
35.631	-2.131E-2	-0.137
35.664	-2.295E-2	-0.138
35.697	-2.240E-2	-0.137
35.731	-2.037E-2	-0.137
35.764	-1.684E-2	-0.138
35.797	-1.178E-2	-0.138
35.831	-5.781E-3	-0.138
35.864	2.969E-4	-0.139
35.898	6.477E-3	-0.139
35.931	1.237E-2	-0.138
35.964	1.715E-2	-0.137
35.998	2.063E-2	-0.137
36.031	2.247E-2	-0.136
36.064	2.255E-2	-0.136
36.098	2.106E-2	-0.137
36.131	1.783E-2	-0.137
36.164	1.304E-2	-0.139
36.198	7.448E-3	-0.139
36.231	1.299E-3	-0.139
36.265	-5.038E-3	-0.139
36.298	-1.081E-2	-0.138
36.331	-1.584E-2	-0.138
36.365	-1.937E-2	-0.136
36.398	-2.155E-2	-0.136
36.431	-2.237E-2	-0.136
36.465	-2.134E-2	-0.136
36.498	-1.881E-2	-0.137
36.531	-1.477E-2	-0.139
36.565	-9.241E-3	-0.138
36.598	-3.697E-3	-0.140
36.632	2.239E-3	-0.138
36.665	8.409E-3	-0.140
36.698	1.392E-2	-0.138
36.732	1.836E-2	-0.137
36.765	2.101E-2	-0.137
36.798	2.240E-2	-0.137
36.832	2.161E-2	-0.137
36.865	1.944E-2	-0.137
36.898	1.583E-2	-0.138
36.932	1.089E-2	-0.138
36.965	5.094E-3	-0.138
36.999	-1.236E-3	-0.139
37.032	-7.469E-3	-0.139
37.065	-1.319E-2	-0.139
37.099	-1.763E-2	-0.138
37.132	-2.092E-2	-0.137
37.165	-2.192E-2	-0.136
37.199	-2.189E-2	-0.136
37.232	-2.028E-2	-0.136
37.265	-1.731E-2	-0.137
37.299	-1.280E-2	-0.138
37.332	-7.274E-3	-0.139
37.365	-1.142E-3	-0.139
37.399	5.348E-3	-0.138
37.432	1.096E-2	-0.139
37.466	1.590E-2	-0.139
37.499	1.950E-2	-0.138
37.532	2.153E-2	-0.137
37.566	2.203E-2	-0.137
37.599	2.076E-2	-0.137
37.632	1.794E-2	-0.137
37.666	1.370E-2	-0.139
37.699	8.417E-3	-0.139
37.732	2.329E-3	-0.139
37.766	-3.926E-3	-0.140
37.799	-9.781E-3	-0.139
37.833	-1.511E-2	-0.139
37.866	-1.878E-2	-0.137
37.899	-2.117E-2	-0.136
37.933	-2.207E-2	-0.136
37.966	-2.164E-2	-0.137
37.999	-1.919E-2	-0.137
38.033	-1.553E-2	-0.137
38.066	-1.055E-2	-0.138
38.099	-4.787E-3	-0.139
38.133	1.315E-3	-0.139
38.166	7.234E-3	-0.139
38.200	1.284E-2	-0.139
38.233	1.739E-2	-0.137
38.266	2.047E-2	-0.139
38.300	2.197E-2	-0.138
38.333	2.159E-2	-0.136
38.366	1.963E-2	-0.137
38.400	1.647E-2	-0.138
38.433	1.174E-2	-0.139
38.466	6.064E-3	-0.139
38.500	-1.326E-4	-0.140
38.533	-6.191E-3	-0.140
38.567	-1.216E-2	-0.139
38.600	-1.687E-2	-0.139
38.633	-2.039E-2	-0.138
38.667	-2.227E-2	-0.137
38.700	-2.227E-2	-0.136
38.733	-2.128E-2	-0.138
38.767	-1.829E-2	-0.138
38.800	-1.405E-2	-0.139
38.833	-8.680E-3	-0.139
38.867	-2.766E-3	-0.140
38.900	3.385E-3	-0.139
38.934	9.407E-3	-0.139
38.967	1.454E-2	-0.138
39.000	1.852E-2	-0.137
39.034	2.098E-2	-0.138
39.067	2.195E-2	-0.138
39.100	2.105E-2	-0.139
39.134	1.843E-2	-0.138
39.167	1.445E-2	-0.137
39.200	9.338E-3	-0.139
39.234	3.367E-3	-0.139
39.267	-2.779E-3	-0.139
39.300	-8.763E-3	-0.139
39.334	-1.384E-2	-0.138
39.367	-1.830E-2	-0.138
39.401	-2.083E-2	-0.136
39.434	-2.184E-2	-0.136
39.467	-2.141E-2	-0.136
39.501	-1.987E-2	-0.138
39.534	-1.632E-2	-0.137
39.567	-1.179E-2	-0.139
39.601	-6.282E-3	-0.139
39.634	-2.268E-4	-0.140
39.667	5.902E-3	-0.140
39.701	1.150E-2	-0.138
39.734	1.623E-2	-0.137
39.768	1.956E-2	-0.137
39.801	2.143E-2	-0.136
39.834	2.154E-2	-0.136
39.868	2.004E-2	-0.137
39.901	1.696E-2	-0.137
39.934	1.250E-2	-0.138
39.968	6.899E-3	-0.140
40.001	8.165E-4	-0.140
40.034	-5.254E-3	-0.139
40.068	-1.084E-2	-0.139
40.101	-1.578E-2	-0.139
40.135	-1.981E-2	-0.138
40.168	-2.227E-2	-0.138
40.201	-2.277E-2	-0.138
40.235	-2.177E-2	-0.138
40.268	-1.880E-2	-0.138
40.301	-1.484E-2	-0.139
40.335	-9.787E-3	-0.139
40.368	-3.983E-3	-0.140
40.401	2.130E-3	-0.140
40.435	8.140E-3	-0.138
40.468	1.343E-2	-0.137
40.502	1.758E-2	-0.137
40.535	2.009E-2	-0.137
40.568	2.149E-2	-0.138
40.602	2.102E-2	-0.138
40.635	1.880E-2	-0.139
40.668	1.497E-2	-0.139
40.702	9.960E-3	-0.140
40.735	4.185E-3	-0.140
40.768	-1.889E-3	-0.140
40.802	-7.882E-3	-0.140
40.835	-1.334E-2	-0.139
40.868	-1.776E-2	-0.139
40.902	-2.086E-2	-0.138
40.935	-2.180E-2	-0.136
40.969	-2.179E-2	-0.136
41.002	-2.080E-2	-0.138
41.035	-1.733E-2	-0.139
41.069	-1.279E-2	-0.139
41.102	-7.424E-3	-0.140
41.135	-1.493E-3	-0.140
41.169	4.602E-3	-0.140
41.202	1.042E-2	-0.138
41.235	1.530E-2	-0.137
41.269	1.874E-2	-0.137
41.302	2.081E-2	-0.137
41.336	2.119E-2	-0.137
41.369	2.012E-2	-0.137
41.402	1.733E-2	-0.138
41.436	1.307E-2	-0.138
41.469	7.666E-3	-0.139
41.502	1.865E-3	-0.139
41.536	-4.217E-3	-0.139
41.569	-1.016E-2	-0.140
41.602	-1.506E-2	-0.139
41.636	-1.886E-2	-0.138
41.669	-2.085E-2	-0.136
41.703	-2.140E-2	-0.136
41.736	-2.089E-2	-0.136
41.769	-1.883E-2	-0.137
41.803	-1.532E-2	-0.139
41.836	-1.032E-2	-0.138
41.869	-4.999E-3	-0.140
41.903	1.085E-3	-0.139
41.936	7.117E-3	-0.138
41.969	1.249E-2	-0.137
42.003	1.685E-2	-0.137
42.036	1.987E-2	-0.136
42.070	2.139E-2	-0.136
42.103	2.108E-2	-0.136
42.136	1.909E-2	-0.137
42.170	1.556E-2	-0.137
42.203	1.092E-2	-0.138
42.236	5.340E-3	-0.139
42.270	-7.067E-4	-0.138
42.303	-6.703E-3	-0.139
42.336	-1.223E-2	-0.139
42.370	-1.628E-2	-0.137
42.403	-1.978E-2	-0.137
42.437	-2.111E-2	-0.136
42.470	-2.120E-2	-0.136
42.503	-2.022E-2	-0.137
42.537	-1.731E-2	-0.138
42.570	-1.332E-2	-0.138
42.603	-8.142E-3	-0.139
42.637	-2.221E-3	-0.139
42.670	3.845E-3	-0.138
42.703	9.434E-3	-0.138
42.737	1.450E-2	-0.137
42.770	1.818E-2	-0.137
42.803	2.048E-2	-0.137
42.837	2.109E-2	-0.137
42.870	2.009E-2	-0.137
42.904	1.767E-2	-0.137
42.937	1.369E-2	-0.137
42.970	8.457E-3	-0.139
43.004	2.753E-3	-0.138
43.037	-3.250E-3	-0.139
43.070	-9.072E-3	-0.139
43.104	-1.405E-2	-0.139
43.137	-1.761E-2	-0.137
43.170	-2.126E-2	-0.138
43.204	-2.108E-2	-0.136
43.237	-2.063E-2	-0.136
43.271	-1.913E-2	-0.137
43.304	-1.579E-2	-0.139
43.337	-1.103E-2	-0.138
43.371	-5.447E-3	-0.138
43.404	3.878E-4	-0.138
43.437	6.197E-3	-0.139
43.471	1.168E-2	-0.138
43.504	1.615E-2	-0.137
43.537	1.929E-2	-0.139
43.571	2.105E-2	-0.139
43.604	2.104E-2	-0.139
43.638	1.921E-2	-0.137
43.671	1.608E-2	-0.137
43.704	1.166E-2	-0.138
43.738	6.131E-3	-0.139
43.771	2.130E-4	-0.139
43.804	-5.648E-3	-0.140
43.838	-1.122E-2	-0.139
43.871	-1.582E-2	-0.139
43.904	-1.931E-2	-0.138
43.938	-2.174E-2	-0.138
43.971	-2.224E-2	-0.138
44.005	-2.092E-2	-0.138
44.038	-1.784E-2	-0.138
44.071	-1.402E-2	-0.139
44.105	-8.994E-3	-0.139
44.138	-3.297E-3	-0.140
44.171	2.747E-3	-0.140
44.205	8.493E-3	-0.140
44.238	1.364E-2	-0.137
44.271	1.755E-2	-0.137
44.305	2.020E-2	-0.139
44.338	2.117E-2	-0.138
44.372	2.048E-2	-0.139
44.405	1.805E-2	-0.137
44.438	1.424E-2	-0.139
44.472	9.333E-3	-0.140
44.505	3.633E-3	-0.140
44.538	-2.311E-3	-0.140
44.572	-8.006E-3	-0.140
44.605	-1.310E-2	-0.139
44.638	-1.712E-2	-0.138
44.672	-2.048E-2	-0.138
44.705	-2.195E-2	-0.138
44.738	-2.169E-2	-0.138
44.772	-1.975E-2	-0.139
44.805	-1.636E-2	-0.139
44.839	-1.186E-2	-0.139
44.872	-6.457E-3	-0.140
44.905	-7.133E-4	-0.140
44.939	5.282E-3	-0.139
44.972	1.082E-2	-0.138
45.005	1.542E-2	-0.137
45.039	1.886E-2	-0.137
45.072	2.060E-2	-0.137
45.105	2.101E-2	-0.137
45.139	1.957E-2	-0.137
45.172	1.657E-2	-0.137
45.206	1.241E-2	-0.138
45.239	6.976E-3	-0.140
45.272	1.312E-3	-0.138
45.306	-4.659E-3	-0.140
45.339	-1.021E-2	-0.139
45.372	-1.485E-2	-0.139
45.406	-1.883E-2	-0.138
45.439	-2.128E-2	-0.138
45.472	-2.079E-2	-0.136
45.506	-2.085E-2	-0.138
45.539	-1.831E-2	-0.138
45.573	-1.431E-2	-0.138
45.606	-9.742E-3	-0.139
45.639	-4.215E-3	-0.140
45.673	1.777E-3	-0.138
45.706	7.424E-3	-0.139
45.739	1.269E-2	-0.138
45.773	1.673E-2	-0.137
45.806	1.953E-2	-0.137
45.839	2.081E-2	-0.137
45.873	2.042E-2	-0.137
45.906	1.838E-2	-0.137
45.940	1.494E-2	-0.137
45.973	1.040E-2	-0.138
46.006	4.813E-3	-0.138
46.040	-1.153E-3	-0.140
46.073	-6.766E-3	-0.139
46.106	-1.223E-2	-0.139
46.140	-1.631E-2	-0.138
46.173	-1.885E-2	-0.137
46.206	-2.037E-2	-0.136
46.240	-2.041E-2	-0.136
46.273	-1.941E-2	-0.138
46.307	-1.628E-2	-0.137
46.340	-1.231E-2	-0.138
46.373	-7.249E-3	-0.138
46.407	-1.724E-3	-0.140
46.440	4.300E-3	-0.138
46.473	9.859E-3	-0.138
46.507	1.450E-2	-0.138
46.540	1.804E-2	-0.137
46.573	2.041E-2	-0.137
46.607	2.091E-2	-0.137
46.640	1.990E-2	-0.137
46.673	1.707E-2	-0.138
46.707	1.302E-2	-0.139
46.740	7.968E-3	-0.140
46.774	2.374E-3	-0.140
46.807	-3.564E-3	-0.140
46.840	-8.996E-3	-0.140
46.874	-1.385E-2	-0.139
46.907	-1.706E-2	-0.137
46.940	-1.941E-2	-0.136
46.974	-2.056E-2	-0.136
47.007	-1.991E-2	-0.137
47.040	-1.787E-2	-0.137
47.074	-1.476E-2	-0.138
47.107	-1.033E-2	-0.138
47.141	-5.190E-3	-0.140
47.174	7.800E-4	-0.138
47.207	6.386E-3	-0.140
47.241	1.180E-2	-0.137
47.274	1.598E-2	-0.137
47.307	1.908E-2	-0.137
47.341	2.060E-2	-0.137
47.374	2.047E-2	-0.137
47.407	1.887E-2	-0.137
47.441	1.554E-2	-0.137
47.474	1.129E-2	-0.138
47.508	5.880E-3	-0.139
47.541	2.637E-4	-0.138
47.574	-5.730E-3	-0.140
47.608	-1.075E-2	-0.138
47.641	-1.538E-2	-0.138
47.674	-1.832E-2	-0.137
47.708	-2.031E-2	-0.137
47.741	-2.057E-2	-0.137
47.774	-1.973E-2	-0.138
47.808	-1.688E-2	-0.137
47.841	-1.330E-2	-0.139
47.875	-8.264E-3	-0.139
47.908	-2.810E-3	-0.140
47.941	2.918E-3	-0.140
47.975	8.458E-3	-0.139
48.008	1.346E-2	-0.137
48.041	1.725E-2	-0.137
48.075	1.955E-2	-0.137
48.108	2.048E-2	-0.137
48.141	1.991E-2	-0.139
48.175	1.752E-2	-0.139
48.208	1.384E-2	-0.137
48.242	8.895E-3	-0.139
48.275	3.373E-3	-0.140
48.308	-2.256E-3	-0.139
48.342	-7.788E-3	-0.139
48.375	-1.284E-2	-0.139
48.408	-1.637E-2	-0.137
48.442	-1.887E-2	-0.137
48.475	-1.993E-2	-0.136
48.508	-1.988E-2	-0.137
48.542	-1.836E-2	-0.137
48.575	-1.530E-2	-0.138
48.608	-1.121E-2	-0.139
48.642	-6.147E-3	-0.140
48.675	-5.406E-4	-0.140
48.709	5.320E-3	-0.140
48.742	1.069E-2	-0.138
48.775	1.510E-2	-0.137
48.809	1.842E-2	-0.137
48.842	2.022E-2	-0.139
48.875	2.040E-2	-0.139
48.909	1.903E-2	-0.139
48.942	1.598E-2	-0.139
48.975	1.187E-2	-0.138
49.009	6.713E-3	-0.140
49.042	1.022E-3	-0.140
49.076	-4.672E-3	-0.140
49.109	-1.007E-2	-0.139
49.142	-1.427E-2	-0.138
49.176	-1.762E-2	-0.137
49.209	-1.944E-2	-0.136
49.242	-2.023E-2	-0.136
49.276	-1.938E-2	-0.137
49.309	-1.708E-2	-0.137
49.342	-1.376E-2	-0.138
49.376	-9.271E-3	-0.139
49.409	-3.807E-3	-0.140
49.443	1.926E-3	-0.140
49.476	7.457E-3	-0.139
49.509	1.246E-2	-0.138
49.543	1.650E-2	-0.137
49.576	1.906E-2	-0.137
49.609	2.009E-2	-0.137
49.643	1.956E-2	-0.137
49.676	1.769E-2	-0.137
49.709	1.435E-2	-0.137
49.743	9.651E-3	-0.139
49.776	4.359E-3	-0.139
49.810	-1.449E-3	-0.140
49.843	-7.009E-3	-0.139
49.876	-1.206E-2	-0.139
49.910	-1.632E-2	-0.139
49.943	-1.941E-2	-0.138
49.976	-2.035E-2	-0.137
50.010	-2.008E-2	-0.137
50.043	-1.878E-2	-0.137
50.076	-1.612E-2	-0.138
50.110	-1.203E-2	-0.139
50.143	-7.001E-3	-0.139
50.177	-1.502E-3	-0.140
50.210	4.314E-3	-0.138
50.243	9.646E-3	-0.138
50.277	1.423E-2	-0.137
50.310	1.770E-2	-0.137
50.343	1.965E-2	-0.137
50.377	2.023E-2	-0.137
50.410	1.914E-2	-0.137
50.443	1.655E-2	-0.137
50.477	1.250E-2	-0.138
50.510	7.422E-3	-0.139
50.543	1.884E-3	-0.139
50.577	-3.754E-3	-0.140
50.610	-9.164E-3	-0.139
50.644	-1.380E-2	-0.139
50.677	-1.725E-2	-0.138
50.710	-1.981E-2	-0.137
50.744	-2.017E-2	-0.137
50.777	-1.972E-2	-0.136
50.810	-1.779E-2	-0.138
50.844	-1.438E-2	-0.138
50.877	-9.804E-3	-0.138
50.910	-4.748E-3	-0.139
50.944	8.831E-4	-0.139
50.977	6.452E-3	-0.139
51.011	1.147E-2	-0.139
51.044	1.554E-2	-0.137
51.077	1.845E-2	-0.137
51.111	1.998E-2	-0.139
51.144	1.956E-2	-0.137
51.177	1.798E-2	-0.139
51.211	1.471E-2	-0.137
51.244	1.044E-2	-0.138
51.277	4.948E-3	-0.140
51.311	-6.441E-4	-0.140
51.344	-6.195E-3	-0.140
51.378	-1.129E-2	-0.139
51.411	-1.573E-2	-0.139
51.444	-1.882E-2	-0.138
51.478	-2.023E-2	-0.137
51.511	-2.027E-2	-0.136
51.544	-1.925E-2	-0.137
51.578	-1.630E-2	-0.137
51.611	-1.280E-2	-0.139
51.644	-7.770E-3	-0.138
51.678	-2.597E-3	-0.140
51.711	3.084E-3	-0.140
51.745	8.462E-3	-0.139
51.778	1.325E-2	-0.138
51.811	1.674E-2	-0.137
51.845	1.896E-2	-0.137
51.878	1.974E-2	-0.137
51.911	1.895E-2	-0.137
51.945	1.649E-2	-0.137
51.978	1.286E-2	-0.137
52.011	7.968E-3	-0.139
52.045	2.759E-3	-0.138
52.078	-3.116E-3	-0.140
52.112	-8.293E-3	-0.139
52.145	-1.324E-2	-0.139
52.178	-1.642E-2	-0.137
52.212	-1.924E-2	-0.136
52.245	-1.983E-2	-0.136
52.278	-1.941E-2	-0.136
52.312	-1.777E-2	-0.137
52.345	-1.484E-2	-0.138
52.378	-1.073E-2	-0.139
52.412	-5.517E-3	-0.139
52.445	-1.030E-4	-0.140
52.478	5.656E-3	-0.138
52.512	1.071E-2	-0.138
52.545	1.494E-2	-0.137
52.579	1.789E-2	-0.137
52.612	1.948E-2	-0.137
52.645	1.949E-2	-0.137
52.679	1.804E-2	-0.137
52.712	1.504E-2	-0.137
52.745	1.091E-2	-0.138
52.779	5.829E-3	-0.138
52.812	2.436E-4	-0.139
52.845	-5.234E-3	-0.139
52.879	-1.032E-2	-0.139
52.912	-1.476E-2	-0.139
52.946	-1.785E-2	-0.138
52.979	-1.982E-2	-0.137
53.012	-1.986E-2	-0.137
53.046	-1.886E-2	-0.137
53.079	-1.683E-2	-0.139
53.112	-1.319E-2	-0.139
53.146	-8.273E-3	-0.138
53.179	-3.178E-3	-0.140
53.212	2.552E-3	-0.138
53.246	7.879E-3	-0.139
53.279	1.271E-2	-0.138
53.313	1.649E-2	-0.137
53.346	1.893E-2	-0.137
53.379	1.993E-2	-0.137
53.413	1.936E-2	-0.137
53.446	1.705E-2	-0.137
53.479	1.349E-2	-0.138
53.513	8.885E-3	-0.139
53.546	3.468E-3	-0.140
53.579	-2.093E-3	-0.140
53.613	-7.253E-3	-0.138
53.646	-1.227E-2	-0.139
53.680	-1.581E-2	-0.137
53.713	-1.880E-2	-0.137
53.746	-1.958E-2	-0.136
53.780	-1.934E-2	-0.136
53.813	-1.784E-2	-0.137
53.846	-1.488E-2	-0.137
53.880	-1.081E-2	-0.138
53.913	-5.823E-3	-0.138
53.946	-6.388E-4	-0.140
53.980	4.896E-3	-0.139
54.013	9.960E-3	-0.139
54.047	1.446E-2	-0.137
54.080	1.750E-2	-0.137
54.113	1.941E-2	-0.137
54.147	1.959E-2	-0.137
54.180	1.841E-2	-0.137
54.213	1.551E-2	-0.137
54.247	1.152E-2	-0.138
54.280	6.663E-3	-0.138
54.313	1.293E-3	-0.138
54.347	-4.231E-3	-0.138
54.380	-9.260E-3	-0.138
54.413	-1.380E-2	-0.138
54.447	-1.681E-2	-0.137
54.480	-1.981E-2	-0.138
54.514	-1.943E-2	-0.136
54.547	-1.878E-2	-0.137
54.580	-1.678E-2	-0.137
54.614	-1.326E-2	-0.138
54.647	-8.780E-3	-0.138
54.680	-3.719E-3	-0.139
54.714	1.817E-3	-0.138
54.747	6.975E-3	-0.139
54.780	1.192E-2	-0.138
54.814	1.583E-2	-0.137
54.847	1.850E-2	-0.137
54.881	1.958E-2	-0.137
54.914	1.935E-2	-0.137
54.947	1.730E-2	-0.137
54.981	1.395E-2	-0.137
55.014	9.425E-3	-0.139
55.047	4.332E-3	-0.139
55.081	-1.165E-3	-0.139
55.114	-6.289E-3	-0.138
55.147	-1.128E-2	-0.138
55.181	-1.490E-2	-0.137
55.214	-1.787E-2	-0.138
55.248	-1.893E-2	-0.137
55.281	-1.893E-2	-0.136
55.314	-1.785E-2	-0.137
55.348	-1.533E-2	-0.138
55.381	-1.125E-2	-0.138
55.414	-6.723E-3	-0.140
55.448	-1.181E-3	-0.138
55.481	4.298E-3	-0.138
55.514	9.395E-3	-0.138
55.548	1.388E-2	-0.137
55.581	1.703E-2	-0.139
55.615	1.902E-2	-0.139
55.648	1.951E-2	-0.139
55.681	1.847E-2	-0.139
55.715	1.591E-2	-0.139
55.748	1.199E-2	-0.139
55.781	7.312E-3	-0.140
55.815	1.929E-3	-0.140
55.848	-3.474E-3	-0.140
55.881	-8.712E-3	-0.140
55.915	-1.324E-2	-0.139
55.948	-1.628E-2	-0.137
55.982	-1.833E-2	-0.137
56.015	-1.928E-2	-0.137
56.048	-1.870E-2	-0.137
56.082	-1.723E-2	-0.139
56.115	-1.400E-2	-0.139
56.148	-9.690E-3	-0.140
56.182	-4.611E-3	-0.140
56.215	8.092E-4	-0.140
56.248	6.267E-3	-0.139
56.282	1.120E-2	-0.138
56.315	1.506E-2	-0.137
56.348	1.794E-2	-0.137
56.382	1.918E-2	-0.137
56.415	1.914E-2	-0.137
56.449	1.742E-2	-0.137
56.482	1.438E-2	-0.137
56.515	1.013E-2	-0.138
56.549	5.124E-3	-0.139
56.582	-2.868E-4	-0.139
56.615	-5.678E-3	-0.140
56.649	-1.025E-2	-0.138
56.682	-1.426E-2	-0.137
56.715	-1.714E-2	-0.137
56.749	-1.873E-2	-0.137
56.782	-1.908E-2	-0.136
56.816	-1.803E-2	-0.137
56.849	-1.555E-2	-0.137
56.882	-1.203E-2	-0.138
56.916	-7.516E-3	-0.138
56.949	-2.367E-3	-0.140
56.982	3.030E-3	-0.140
57.016	8.204E-3	-0.140
57.049	1.273E-2	-0.138
57.082	1.621E-2	-0.137
57.116	1.831E-2	-0.137
57.149	1.921E-2	-0.137
57.183	1.831E-2	-0.137
57.216	1.608E-2	-0.137
57.249	1.261E-2	-0.138
57.283	7.982E-3	-0.139
57.316	2.696E-3	-0.140
57.349	-2.654E-3	-0.140
57.383	-7.755E-3	-0.139
57.416	-1.232E-2	-0.138
57.449	-1.629E-2	-0.139
57.483	-1.890E-2	-0.138
57.516	-1.998E-2	-0.138
57.550	-1.961E-2	-0.138
57.583	-1.773E-2	-0.139
57.616	-1.463E-2	-0.139
57.650	-1.031E-2	-0.139
57.683	-5.460E-3	-0.140
57.716	-1.705E-4	-0.139
57.750	5.172E-3	-0.139
57.783	1.015E-2	-0.139
57.816	1.426E-2	-0.138
57.850	1.711E-2	-0.137
57.883	1.885E-2	-0.139
57.917	1.896E-2	-0.139
57.950	1.747E-2	-0.139
57.983	1.465E-2	-0.139
58.017	1.062E-2	-0.139
58.050	5.827E-3	-0.139
58.083	5.068E-4	-0.140
58.117	-4.741E-3	-0.139
58.150	-9.721E-3	-0.139
58.183	-1.359E-2	-0.137
58.217	-1.670E-2	-0.137
58.250	-1.875E-2	-0.137
58.283	-1.924E-2	-0.136
58.317	-1.882E-2	-0.138
58.350	-1.638E-2	-0.138
58.384	-1.278E-2	-0.139
58.417	-8.298E-3	-0.139
58.450	-3.237E-3	-0.140
58.484	2.271E-3	-0.138
58.517	7.357E-3	-0.138
58.550	1.192E-2	-0.138
58.584	1.549E-2	-0.137
58.617	1.800E-2	-0.137
58.650	1.897E-2	-0.139
58.684	1.844E-2	-0.139
58.717	1.643E-2	-0.137
58.751	1.297E-2	-0.139
58.784	8.857E-3	-0.138
58.817	3.798E-3	-0.138
58.851	-1.676E-3	-0.140
58.884	-6.796E-3	-0.139
58.917	-1.125E-2	-0.138
58.951	-1.485E-2	-0.137
58.984	-1.827E-2	-0.138
59.017	-1.936E-2	-0.138
59.051	-1.885E-2	-0.137
59.084	-1.736E-2	-0.137
59.118	-1.483E-2	-0.139
59.151	-1.081E-2	-0.138
59.184	-6.212E-3	-0.140
59.218	-1.073E-3	-0.140
59.251	4.355E-3	-0.138
59.284	9.395E-3	-0.138
59.318	1.351E-2	-0.137
59.351	1.655E-2	-0.137
59.384	1.842E-2	-0.137
59.418	1.892E-2	-0.137
59.451	1.757E-2	-0.137
59.485	1.504E-2	-0.137
59.518	1.137E-2	-0.138
59.551	6.659E-3	-0.139
59.585	1.555E-3	-0.138
59.618	-3.899E-3	-0.140
59.651	-8.759E-3	-0.139
59.685	-1.326E-2	-0.139
59.718	-1.675E-2	-0.139
59.751	-1.881E-2	-0.138
59.785	-1.885E-2	-0.137
59.818	-1.821E-2	-0.137
59.851	-1.628E-2	-0.137
59.885	-1.325E-2	-0.138
59.918	-8.813E-3	-0.138
59.952	-4.115E-3	-0.140
59.985	1.286E-3	-0.138
60.018	6.436E-3	-0.138
60.052	1.101E-2	-0.138
60.085	1.488E-2	-0.137
60.118	1.745E-2	-0.137
60.152	1.851E-2	-0.137
60.185	1.839E-2	-0.139
60.218	1.656E-2	-0.137
60.252	1.351E-2	-0.137
60.285	9.361E-3	-0.139
60.319	4.382E-3	-0.139
60.352	-7.232E-4	-0.139
60.385	-5.795E-3	-0.138
60.419	-1.076E-2	-0.139
60.452	-1.432E-2	-0.137
60.485	-1.724E-2	-0.137
60.519	-1.875E-2	-0.136
60.552	-1.881E-2	-0.136
60.585	-1.779E-2	-0.138
60.619	-1.529E-2	-0.138
60.652	-1.161E-2	-0.139
60.686	-6.784E-3	-0.138
60.719	-1.914E-3	-0.140
60.752	3.339E-3	-0.139
60.786	8.392E-3	-0.139
60.819	1.268E-2	-0.138
60.852	1.595E-2	-0.137
60.886	1.800E-2	-0.137
60.919	1.859E-2	-0.137
60.952	1.768E-2	-0.137
60.986	1.537E-2	-0.137
61.019	1.184E-2	-0.138
61.053	7.411E-3	-0.138
61.086	2.371E-3	-0.138
61.119	-2.780E-3	-0.138
61.153	-7.766E-3	-0.138
61.186	-1.232E-2	-0.138
61.219	-1.539E-2	-0.137
61.253	-1.783E-2	-0.137
61.286	-1.881E-2	-0.137
61.319	-1.827E-2	-0.137
61.353	-1.683E-2	-0.138
61.386	-1.379E-2	-0.139
61.420	-9.711E-3	-0.140
61.453	-4.948E-3	-0.140
61.486	2.569E-4	-0.140
61.520	5.558E-3	-0.138
61.553	1.021E-2	-0.139
61.586	1.414E-2	-0.137
61.620	1.696E-2	-0.137
61.653	1.842E-2	-0.137
61.686	1.841E-2	-0.137
61.720	1.677E-2	-0.138
61.753	1.396E-2	-0.137
61.786	9.919E-3	-0.139
61.820	5.293E-3	-0.138
61.853	-8.881E-5	-0.140
61.887	-5.235E-3	-0.140
61.920	-9.753E-3	-0.138
61.953	-1.364E-2	-0.137
61.987	-1.666E-2	-0.137
62.020	-1.807E-2	-0.137
62.053	-1.852E-2	-0.137
62.087	-1.760E-2	-0.137
62.120	-1.559E-2	-0.138
62.153	-1.204E-2	-0.139
62.187	-7.477E-3	-0.138
62.220	-2.697E-3	-0.140
62.254	2.615E-3	-0.138
62.287	7.603E-3	-0.138
62.320	1.199E-2	-0.138
62.354	1.544E-2	-0.137
62.387	1.760E-2	-0.137
62.420	1.854E-2	-0.137
62.454	1.780E-2	-0.137
62.487	1.566E-2	-0.137
62.520	1.234E-2	-0.138
62.554	7.948E-3	-0.139
62.587	2.917E-3	-0.139
62.621	-2.235E-3	-0.139
62.654	-7.202E-3	-0.140
62.687	-1.131E-2	-0.137
62.721	-1.527E-2	-0.139
62.754	-1.783E-2	-0.138
62.787	-1.885E-2	-0.138
62.821	-1.877E-2	-0.138
62.854	-1.677E-2	-0.137
62.887	-1.424E-2	-0.139
62.921	-1.023E-2	-0.139
62.954	-5.473E-3	-0.140
62.988	-4.273E-4	-0.140
63.021	4.837E-3	-0.139
63.054	9.709E-3	-0.139
63.088	1.364E-2	-0.138
63.121	1.650E-2	-0.137
63.154	1.820E-2	-0.139
63.188	1.833E-2	-0.139
63.221	1.701E-2	-0.139
63.254	1.433E-2	-0.139
63.288	1.059E-2	-0.139
63.321	5.934E-3	-0.140
63.355	8.782E-4	-0.140
63.388	-4.216E-3	-0.139
63.421	-9.073E-3	-0.139
63.455	-1.327E-2	-0.139
63.488	-1.633E-2	-0.138
63.521	-1.781E-2	-0.137
63.555	-1.836E-2	-0.137
63.588	-1.781E-2	-0.138
63.621	-1.575E-2	-0.138
63.655	-1.228E-2	-0.138
63.688	-8.180E-3	-0.140
63.721	-3.142E-3	-0.140
63.755	2.073E-3	-0.139
63.788	6.952E-3	-0.140
63.822	1.145E-2	-0.138
63.855	1.494E-2	-0.137
63.888	1.711E-2	-0.137
63.922	1.810E-2	-0.137
63.955	1.765E-2	-0.137
63.988	1.582E-2	-0.137
64.022	1.269E-2	-0.139
64.055	8.589E-3	-0.139
64.088	3.780E-3	-0.139
64.122	-1.253E-3	-0.139
64.155	-6.202E-3	-0.139
64.189	-1.081E-2	-0.138
64.222	-1.423E-2	-0.137
64.255	-1.731E-2	-0.138
64.289	-1.836E-2	-0.138
64.322	-1.829E-2	-0.138
64.355	-1.681E-2	-0.137
64.389	-1.429E-2	-0.138
64.422	-1.030E-2	-0.138
64.455	-5.719E-3	-0.139
64.489	-7.410E-4	-0.139
64.522	4.268E-3	-0.139
64.556	8.949E-3	-0.139
64.589	1.300E-2	-0.138
64.622	1.601E-2	-0.139
64.656	1.786E-2	-0.139
64.689	1.816E-2	-0.139
64.722	1.701E-2	-0.139
64.756	1.459E-2	-0.139
64.789	1.105E-2	-0.139
64.822	6.655E-3	-0.140
64.856	1.585E-3	-0.140
64.889	-3.492E-3	-0.140
64.923	-8.265E-3	-0.139
64.956	-1.253E-2	-0.139
64.989	-1.581E-2	-0.138
65.023	-1.731E-2	-0.137
65.056	-1.804E-2	-0.137
65.089	-1.739E-2	-0.137
65.123	-1.553E-2	-0.137
65.156	-1.253E-2	-0.138
65.189	-8.260E-3	-0.138
65.223	-3.652E-3	-0.140
65.256	1.313E-3	-0.139
65.290	6.368E-3	-0.139
65.323	1.085E-2	-0.138
65.356	1.445E-2	-0.137
65.390	1.694E-2	-0.137
65.423	1.802E-2	-0.137
65.456	1.775E-2	-0.137
65.490	1.603E-2	-0.138
65.523	1.303E-2	-0.139
65.556	8.978E-3	-0.139
65.590	4.405E-3	-0.140
65.623	-6.636E-4	-0.140
65.656	-5.654E-3	-0.140
65.690	-1.028E-2	-0.139
65.723	-1.423E-2	-0.139
65.757	-1.634E-2	-0.137
65.790	-1.833E-2	-0.138
65.823	-1.838E-2	-0.138
65.857	-1.679E-2	-0.138
