	mass A		
t	x	y	
4.200	-2.877E-2	-0.135
4.234	-2.804E-2	-0.135
4.267	-2.739E-2	-0.135
4.300	-2.518E-2	-0.134
4.334	-2.037E-2	-0.137
4.367	-1.428E-2	-0.136
4.400	-7.079E-3	-0.136
4.434	9.650E-4	-0.136
4.467	8.424E-3	-0.136
4.500	1.611E-2	-0.135
4.534	2.215E-2	-0.133
4.567	2.624E-2	-0.132
4.600	2.849E-2	-0.133
4.634	2.823E-2	-0.134
4.667	2.494E-2	-0.134
4.700	1.968E-2	-0.135
4.734	1.300E-2	-0.136
4.767	5.785E-3	-0.136
4.800	-1.457E-3	-0.136
4.834	-9.394E-3	-0.135
4.867	-1.630E-2	-0.135
4.900	-2.208E-2	-0.135
4.934	-2.551E-2	-0.133
4.967	-2.766E-2	-0.135
5.001	-2.686E-2	-0.135
5.034	-2.379E-2	-0.136
5.067	-1.853E-2	-0.136
5.101	-1.153E-2	-0.137
5.134	-2.570E-3	-0.136
5.167	5.708E-3	-0.136
5.201	1.415E-2	-0.137
5.234	2.108E-2	-0.136
5.267	2.571E-2	-0.136
5.301	2.628E-2	-0.133
5.334	2.689E-2	-0.134
5.367	2.550E-2	-0.134
5.401	2.169E-2	-0.135
5.434	1.689E-2	-0.136
5.467	9.693E-3	-0.137
5.501	1.942E-3	-0.136
5.534	-6.462E-3	-0.137
5.567	-1.394E-2	-0.135
5.601	-1.986E-2	-0.134
5.634	-2.402E-2	-0.133
5.667	-2.643E-2	-0.132
5.701	-2.663E-2	-0.132
5.734	-2.434E-2	-0.134
5.767	-2.041E-2	-0.134
5.801	-1.374E-2	-0.135
5.834	-6.470E-3	-0.136
5.867	1.545E-3	-0.136
5.901	1.022E-2	-0.136
5.934	1.689E-2	-0.136
5.967	2.187E-2	-0.135
6.001	2.623E-2	-0.134
6.034	2.826E-2	-0.134
6.067	2.729E-2	-0.132
6.101	2.425E-2	-0.133
6.134	2.021E-2	-0.135
6.167	1.361E-2	-0.136
6.201	5.183E-3	-0.135
6.234	-2.621E-3	-0.135
6.267	-9.327E-3	-0.134
6.301	-1.622E-2	-0.133
6.334	-2.156E-2	-0.134
6.367	-2.493E-2	-0.134
6.401	-2.605E-2	-0.132
6.434	-2.520E-2	-0.133
6.467	-2.213E-2	-0.134
6.501	-1.654E-2	-0.135
6.534	-9.926E-3	-0.135
6.567	-2.137E-3	-0.137
6.601	5.666E-3	-0.137
6.634	1.339E-2	-0.135
6.667	2.028E-2	-0.136
6.701	2.406E-2	-0.133
6.734	2.705E-2	-0.133
6.767	2.763E-2	-0.132
6.801	2.596E-2	-0.132
6.834	2.208E-2	-0.134
6.867	1.684E-2	-0.134
6.901	9.921E-3	-0.135
6.934	2.204E-3	-0.136
6.967	-5.781E-3	-0.137
7.001	-1.302E-2	-0.135
7.034	-1.875E-2	-0.135
7.067	-2.312E-2	-0.135
7.101	-2.542E-2	-0.135
7.134	-2.547E-2	-0.135
7.167	-2.266E-2	-0.135
7.201	-1.827E-2	-0.134
7.234	-1.373E-2	-0.136
7.267	-6.558E-3	-0.137
7.301	1.229E-3	-0.137
7.334	8.953E-3	-0.136
7.367	1.611E-2	-0.135
7.401	2.217E-2	-0.135
7.434	2.573E-2	-0.133
7.467	2.792E-2	-0.134
7.501	2.739E-2	-0.134
7.534	2.431E-2	-0.133
7.567	1.941E-2	-0.134
7.601	1.305E-2	-0.136
7.634	5.606E-3	-0.136
7.667	-2.163E-3	-0.136
7.701	-9.605E-3	-0.136
7.734	-1.627E-2	-0.136
7.767	-2.131E-2	-0.134
7.801	-2.457E-2	-0.134
7.834	-2.569E-2	-0.133
7.867	-2.482E-2	-0.134
7.901	-2.176E-2	-0.135
7.934	-1.681E-2	-0.135
7.967	-1.044E-2	-0.136
8.001	-2.973E-3	-0.137
8.034	4.816E-3	-0.137
8.067	1.253E-2	-0.136
8.101	1.886E-2	-0.134
8.134	2.398E-2	-0.135
8.167	2.651E-2	-0.133
8.201	2.769E-2	-0.134
8.234	2.574E-2	-0.134
8.267	2.189E-2	-0.135
8.301	1.611E-2	-0.135
8.334	9.189E-3	-0.136
8.368	1.468E-3	-0.136
8.401	-6.239E-3	-0.136
8.434	-1.323E-2	-0.136
8.468	-1.900E-2	-0.135
8.501	-2.310E-2	-0.135
8.534	-2.519E-2	-0.134
8.568	-2.520E-2	-0.133
8.601	-2.322E-2	-0.135
8.634	-1.912E-2	-0.134
8.668	-1.351E-2	-0.136
8.701	-6.556E-3	-0.137
8.734	9.659E-4	-0.137
8.768	8.693E-3	-0.136
8.801	1.581E-2	-0.136
8.834	2.134E-2	-0.134
8.868	2.517E-2	-0.133
8.901	2.729E-2	-0.134
8.934	2.666E-2	-0.134
8.968	2.383E-2	-0.135
9.001	1.885E-2	-0.135
9.034	1.251E-2	-0.136
9.068	5.306E-3	-0.136
9.101	-2.392E-3	-0.137
9.134	-9.826E-3	-0.137
9.168	-1.624E-2	-0.136
9.201	-2.098E-2	-0.135
9.234	-2.409E-2	-0.133
9.268	-2.547E-2	-0.134
9.301	-2.440E-2	-0.134
9.334	-2.136E-2	-0.134
9.368	-1.683E-2	-0.135
9.401	-1.039E-2	-0.137
9.434	-3.001E-3	-0.137
9.468	5.216E-3	-0.136
9.501	1.259E-2	-0.135
9.534	1.896E-2	-0.136
9.568	2.355E-2	-0.135
9.601	2.631E-2	-0.135
9.634	2.687E-2	-0.134
9.668	2.518E-2	-0.135
9.701	2.110E-2	-0.135
9.734	1.551E-2	-0.136
9.768	8.617E-3	-0.136
9.801	1.209E-3	-0.136
9.834	-6.290E-3	-0.137
9.868	-1.320E-2	-0.136
9.901	-1.874E-2	-0.134
9.934	-2.265E-2	-0.135
9.968	-2.484E-2	-0.134
10.001	-2.464E-2	-0.133
10.034	-2.261E-2	-0.135
10.068	-1.854E-2	-0.135
10.101	-1.298E-2	-0.136
10.134	-6.255E-3	-0.137
10.168	1.409E-3	-0.137
10.201	8.865E-3	-0.136
10.234	1.560E-2	-0.136
10.268	2.108E-2	-0.135
10.301	2.489E-2	-0.135
10.334	2.659E-2	-0.134
10.368	2.601E-2	-0.135
10.401	2.300E-2	-0.135
10.434	1.826E-2	-0.136
10.468	1.176E-2	-0.136
10.501	4.794E-3	-0.137
10.534	-2.671E-3	-0.137
10.568	-9.894E-3	-0.137
10.601	-1.601E-2	-0.136
10.634	-2.074E-2	-0.134
10.668	-2.357E-2	-0.133
10.701	-2.464E-2	-0.133
10.734	-2.351E-2	-0.134
10.768	-2.048E-2	-0.134
10.801	-1.572E-2	-0.136
10.834	-9.575E-3	-0.136
10.868	-2.372E-3	-0.137
10.901	5.296E-3	-0.136
10.934	1.229E-2	-0.136
10.968	1.834E-2	-0.135
11.001	2.276E-2	-0.133
11.034	2.541E-2	-0.133
11.068	2.627E-2	-0.134
11.101	2.403E-2	-0.133
11.134	2.045E-2	-0.135
11.168	1.499E-2	-0.136
11.201	8.084E-3	-0.136
11.234	8.791E-4	-0.137
11.268	-6.590E-3	-0.137
11.301	-1.323E-2	-0.136
11.334	-1.852E-2	-0.136
11.368	-2.240E-2	-0.135
11.401	-2.431E-2	-0.135
11.434	-2.409E-2	-0.133
11.468	-2.188E-2	-0.133
11.501	-1.799E-2	-0.134
11.534	-1.261E-2	-0.136
11.568	-5.705E-3	-0.137
11.601	1.488E-3	-0.136
11.634	8.908E-3	-0.136
11.668	1.554E-2	-0.136
11.701	2.073E-2	-0.134
11.735	2.441E-2	-0.135
11.768	2.600E-2	-0.134
11.801	2.519E-2	-0.134
11.835	2.209E-2	-0.134
11.868	1.751E-2	-0.136
11.901	1.140E-2	-0.136
11.935	4.264E-3	-0.136
11.968	-2.990E-3	-0.137
12.001	-9.920E-3	-0.136
12.035	-1.602E-2	-0.136
12.068	-2.043E-2	-0.135
12.101	-2.323E-2	-0.133
12.135	-2.411E-2	-0.133
12.168	-2.294E-2	-0.135
12.201	-1.986E-2	-0.134
12.235	-1.490E-2	-0.136
12.268	-8.986E-3	-0.136
12.301	-1.824E-3	-0.137
12.335	5.583E-3	-0.137
12.368	1.247E-2	-0.136
12.401	1.832E-2	-0.136
12.435	2.271E-2	-0.135
12.468	2.529E-2	-0.135
12.501	2.508E-2	-0.132
12.535	2.351E-2	-0.134
12.568	1.962E-2	-0.134
12.601	1.424E-2	-0.136
12.635	7.565E-3	-0.136
12.668	4.956E-4	-0.137
12.701	-6.836E-3	-0.137
12.735	-1.323E-2	-0.136
12.768	-1.829E-2	-0.134
12.801	-2.187E-2	-0.134
12.835	-2.377E-2	-0.135
12.868	-2.346E-2	-0.133
12.901	-2.124E-2	-0.134
12.935	-1.737E-2	-0.134
12.968	-1.185E-2	-0.135
13.001	-5.136E-3	-0.136
13.035	2.035E-3	-0.137
13.068	9.165E-3	-0.136
13.101	1.551E-2	-0.136
13.135	2.051E-2	-0.134
13.168	2.405E-2	-0.135
13.201	2.551E-2	-0.135
13.235	2.461E-2	-0.135
13.268	2.159E-2	-0.135
13.301	1.691E-2	-0.136
13.335	1.059E-2	-0.135
13.368	3.666E-3	-0.136
13.401	-3.447E-3	-0.137
13.435	-1.014E-2	-0.137
13.468	-1.596E-2	-0.135
13.501	-2.017E-2	-0.134
13.535	-2.291E-2	-0.135
13.568	-2.354E-2	-0.133
13.601	-2.215E-2	-0.133
13.635	-1.905E-2	-0.135
13.668	-1.433E-2	-0.135
13.701	-8.272E-3	-0.136
13.735	-1.324E-3	-0.137
13.768	5.875E-3	-0.137
13.801	1.244E-2	-0.136
13.835	1.802E-2	-0.134
13.868	2.247E-2	-0.135
13.901	2.475E-2	-0.135
13.935	2.496E-2	-0.135
13.968	2.265E-2	-0.134
14.001	1.881E-2	-0.134
14.035	1.337E-2	-0.135
14.068	6.956E-3	-0.136
14.101	3.482E-5	-0.137
14.135	-6.913E-3	-0.136
14.168	-1.325E-2	-0.135
14.201	-1.820E-2	-0.135
14.235	-2.149E-2	-0.135
14.268	-2.322E-2	-0.135
14.301	-2.288E-2	-0.135
14.335	-2.048E-2	-0.134
14.368	-1.658E-2	-0.135
14.401	-1.122E-2	-0.137
14.435	-4.627E-3	-0.137
14.468	2.545E-3	-0.137
14.501	9.363E-3	-0.137
14.535	1.560E-2	-0.136
14.568	2.024E-2	-0.134
14.601	2.350E-2	-0.134
14.635	2.488E-2	-0.135
14.668	2.349E-2	-0.133
14.701	2.080E-2	-0.135
14.735	1.608E-2	-0.136
14.768	1.004E-2	-0.136
14.801	3.239E-3	-0.136
14.835	-3.780E-3	-0.136
14.868	-1.041E-2	-0.136
14.901	-1.575E-2	-0.135
14.935	-1.992E-2	-0.134
14.968	-2.237E-2	-0.135
15.002	-2.297E-2	-0.134
15.035	-2.136E-2	-0.134
15.068	-1.824E-2	-0.135
15.102	-1.352E-2	-0.136
15.135	-7.435E-3	-0.137
15.168	-6.966E-4	-0.137
15.202	6.217E-3	-0.137
15.235	1.276E-2	-0.136
15.268	1.801E-2	-0.135
15.302	2.218E-2	-0.135
15.335	2.437E-2	-0.135
15.368	2.437E-2	-0.135
15.402	2.185E-2	-0.133
15.435	1.833E-2	-0.136
15.468	1.283E-2	-0.136
15.502	6.469E-3	-0.137
15.535	-5.032E-4	-0.136
15.568	-7.125E-3	-0.137
15.602	-1.321E-2	-0.135
15.635	-1.799E-2	-0.134
15.668	-2.121E-2	-0.135
15.702	-2.267E-2	-0.134
15.735	-2.209E-2	-0.134
15.768	-1.982E-2	-0.135
15.802	-1.573E-2	-0.136
15.835	-1.029E-2	-0.136
15.868	-3.829E-3	-0.136
15.902	3.026E-3	-0.136
15.935	9.508E-3	-0.135
15.968	1.558E-2	-0.136
16.002	2.023E-2	-0.135
16.035	2.323E-2	-0.134
16.068	2.432E-2	-0.135
16.102	2.325E-2	-0.135
16.135	2.007E-2	-0.135
16.168	1.531E-2	-0.136
16.202	9.279E-3	-0.137
16.235	2.613E-3	-0.137
16.268	-4.117E-3	-0.137
16.302	-1.048E-2	-0.135
16.335	-1.575E-2	-0.135
16.368	-1.965E-2	-0.134
16.402	-2.188E-2	-0.134
16.435	-2.234E-2	-0.135
16.468	-2.072E-2	-0.134
16.502	-1.748E-2	-0.134
16.535	-1.271E-2	-0.136
16.568	-6.898E-3	-0.136
16.602	-1.610E-4	-0.137
16.635	6.604E-3	-0.136
16.668	1.276E-2	-0.135
16.702	1.799E-2	-0.135
16.735	2.194E-2	-0.135
16.768	2.349E-2	-0.133
16.802	2.347E-2	-0.134
16.835	2.147E-2	-0.135
16.868	1.748E-2	-0.136
16.902	1.194E-2	-0.135
16.935	5.686E-3	-0.137
16.968	-9.954E-4	-0.137
17.002	-7.625E-3	-0.136
17.035	-1.323E-2	-0.135
17.068	-1.781E-2	-0.134
17.102	-2.079E-2	-0.134
17.135	-2.209E-2	-0.134
17.168	-2.136E-2	-0.134
17.202	-1.890E-2	-0.135
17.235	-1.493E-2	-0.135
17.268	-9.586E-3	-0.136
17.302	-3.195E-3	-0.137
17.335	3.482E-3	-0.137
17.368	1.010E-2	-0.136
17.402	1.581E-2	-0.136
17.435	2.021E-2	-0.135
17.468	2.301E-2	-0.135
17.502	2.349E-2	-0.134
17.535	2.248E-2	-0.135
17.568	1.907E-2	-0.134
17.602	1.456E-2	-0.135
17.635	8.599E-3	-0.135
17.668	1.983E-3	-0.136
17.702	-4.592E-3	-0.137
17.735	-1.077E-2	-0.135
17.768	-1.576E-2	-0.134
17.802	-1.942E-2	-0.134
17.835	-2.137E-2	-0.134
17.868	-2.177E-2	-0.134
17.902	-2.008E-2	-0.135
17.935	-1.668E-2	-0.134
17.968	-1.196E-2	-0.136
18.002	-6.106E-3	-0.137
18.035	3.812E-4	-0.136
18.068	7.173E-3	-0.136
18.102	1.308E-2	-0.136
18.135	1.797E-2	-0.134
18.168	2.157E-2	-0.134
18.202	2.348E-2	-0.135
18.235	2.268E-2	-0.133
18.268	2.077E-2	-0.135
18.302	1.660E-2	-0.135
18.335	1.130E-2	-0.136
18.369	5.002E-3	-0.136
18.402	-1.615E-3	-0.137
18.435	-7.949E-3	-0.137
18.469	-1.350E-2	-0.135
18.502	-1.773E-2	-0.134
18.535	-2.045E-2	-0.135
18.569	-2.152E-2	-0.135
18.602	-2.069E-2	-0.135
18.635	-1.816E-2	-0.136
18.669	-1.408E-2	-0.136
18.702	-8.743E-3	-0.136
18.735	-2.468E-3	-0.137
18.769	3.990E-3	-0.136
18.802	1.030E-2	-0.136
18.835	1.579E-2	-0.136
18.869	2.019E-2	-0.135
18.902	2.267E-2	-0.135
18.935	2.325E-2	-0.135
18.969	2.153E-2	-0.134
19.002	1.854E-2	-0.136
19.035	1.361E-2	-0.135
19.069	7.804E-3	-0.136
19.102	1.394E-3	-0.136
19.135	-5.013E-3	-0.137
19.169	-1.078E-2	-0.136
19.202	-1.576E-2	-0.136
19.235	-1.911E-2	-0.135
19.269	-2.094E-2	-0.134
19.302	-2.094E-2	-0.134
19.335	-1.927E-2	-0.135
19.369	-1.593E-2	-0.136
19.402	-1.120E-2	-0.137
19.435	-5.200E-3	-0.137
19.469	1.207E-3	-0.137
19.502	7.541E-3	-0.135
19.535	1.334E-2	-0.135
19.569	1.804E-2	-0.136
19.602	2.155E-2	-0.135
19.635	2.298E-2	-0.135
19.669	2.244E-2	-0.135
19.702	2.000E-2	-0.135
19.735	1.584E-2	-0.135
19.769	1.058E-2	-0.135
19.802	5.183E-3	-0.135
19.835	-1.155E-3	-0.136
19.869	-7.477E-3	-0.137
19.902	-1.274E-2	-0.136
19.935	-1.694E-2	-0.136
19.969	-1.968E-2	-0.136
20.002	-2.154E-2	-0.135
20.035	-2.069E-2	-0.135
20.069	-1.822E-2	-0.135
20.102	-1.407E-2	-0.135
20.135	-8.567E-3	-0.136
20.169	-2.395E-3	-0.137
20.202	3.900E-3	-0.137
20.235	9.987E-3	-0.136
20.269	1.493E-2	-0.135
20.302	1.882E-2	-0.135
20.335	2.128E-2	-0.135
20.369	2.165E-2	-0.135
20.402	1.993E-2	-0.135
20.435	1.667E-2	-0.135
20.469	1.218E-2	-0.136
20.502	6.448E-3	-0.137
20.535	1.608E-4	-0.136
20.569	-6.010E-3	-0.136
20.602	-1.187E-2	-0.136
20.635	-1.653E-2	-0.136
20.669	-1.976E-2	-0.135
20.702	-2.128E-2	-0.135
20.735	-2.103E-2	-0.135
20.769	-1.927E-2	-0.135
20.802	-1.588E-2	-0.136
20.835	-1.103E-2	-0.136
20.869	-5.193E-3	-0.136
20.902	9.646E-4	-0.136
20.935	7.222E-3	-0.136
20.969	1.252E-2	-0.136
21.002	1.744E-2	-0.136
21.035	1.969E-2	-0.135
21.069	2.119E-2	-0.134
21.102	2.078E-2	-0.135
21.135	1.832E-2	-0.135
21.169	1.420E-2	-0.136
21.202	8.885E-3	-0.136
21.235	2.895E-3	-0.137
21.269	-3.294E-3	-0.136
21.302	-9.374E-3	-0.136
21.335	-1.438E-2	-0.136
21.369	-1.823E-2	-0.135
21.402	-2.044E-2	-0.135
21.435	-2.127E-2	-0.135
21.469	-2.016E-2	-0.134
21.502	-1.759E-2	-0.136
21.535	-1.326E-2	-0.136
21.569	-7.901E-3	-0.137
21.602	-1.843E-3	-0.136
21.636	4.261E-3	-0.136
21.669	1.030E-2	-0.136
21.702	1.525E-2	-0.136
21.736	1.880E-2	-0.135
21.769	2.073E-2	-0.134
21.802	2.130E-2	-0.135
21.836	1.938E-2	-0.135
21.869	1.594E-2	-0.136
21.902	1.112E-2	-0.136
21.936	5.712E-3	-0.136
21.969	-4.187E-4	-0.136
22.002	-6.600E-3	-0.137
22.036	-1.214E-2	-0.136
22.069	-1.655E-2	-0.135
22.102	-1.937E-2	-0.135
22.136	-2.076E-2	-0.135
22.169	-2.057E-2	-0.135
22.202	-1.871E-2	-0.135
22.236	-1.491E-2	-0.136
22.269	-1.015E-2	-0.137
22.302	-4.580E-3	-0.136
22.336	1.488E-3	-0.136
22.369	7.488E-3	-0.136
22.402	1.306E-2	-0.136
22.436	1.719E-2	-0.135
22.469	1.991E-2	-0.135
22.502	2.072E-2	-0.134
22.536	2.021E-2	-0.135
22.569	1.745E-2	-0.135
22.602	1.311E-2	-0.136
22.636	8.026E-3	-0.136
22.669	2.328E-3	-0.137
22.702	-3.791E-3	-0.137
22.736	-9.840E-3	-0.137
22.769	-1.457E-2	-0.136
22.802	-1.800E-2	-0.135
22.836	-2.009E-2	-0.135
22.869	-2.072E-2	-0.135
22.902	-1.963E-2	-0.135
22.936	-1.656E-2	-0.135
22.969	-1.217E-2	-0.136
23.002	-7.081E-3	-0.136
23.036	-1.112E-3	-0.137
23.069	5.001E-3	-0.136
23.102	1.041E-2	-0.136
23.136	1.527E-2	-0.136
23.169	1.856E-2	-0.135
23.202	2.028E-2	-0.135
23.236	2.051E-2	-0.135
23.269	1.882E-2	-0.135
23.302	1.496E-2	-0.136
23.336	1.026E-2	-0.136
23.369	4.872E-3	-0.137
23.402	-1.043E-3	-0.136
23.436	-7.137E-3	-0.137
23.469	-1.242E-2	-0.135
23.502	-1.652E-2	-0.135
23.536	-1.886E-2	-0.134
23.569	-2.019E-2	-0.135
23.602	-2.008E-2	-0.136
23.636	-1.788E-2	-0.136
23.669	-1.407E-2	-0.136
23.702	-9.347E-3	-0.136
23.736	-3.990E-3	-0.136
23.769	1.970E-3	-0.137
23.802	8.020E-3	-0.136
23.836	1.302E-2	-0.136
23.869	1.693E-2	-0.136
23.902	1.934E-2	-0.135
23.936	2.041E-2	-0.134
23.969	1.961E-2	-0.135
24.002	1.661E-2	-0.136
24.036	1.214E-2	-0.136
24.069	7.131E-3	-0.136
24.102	1.663E-3	-0.136
24.136	-4.377E-3	-0.137
24.169	-1.032E-2	-0.136
24.202	-1.482E-2	-0.136
24.236	-1.765E-2	-0.134
24.269	-1.963E-2	-0.136
24.302	-2.017E-2	-0.136
24.336	-1.897E-2	-0.136
24.369	-1.597E-2	-0.136
24.402	-1.141E-2	-0.135
24.436	-6.430E-3	-0.136
24.469	-7.408E-4	-0.136
24.502	5.346E-3	-0.136
24.536	1.089E-2	-0.136
24.569	1.499E-2	-0.136
24.602	1.802E-2	-0.135
24.636	1.986E-2	-0.135
24.669	2.002E-2	-0.135
24.702	1.760E-2	-0.136
24.736	1.395E-2	-0.136
24.769	9.204E-3	-0.136
24.802	3.989E-3	-0.137
24.836	-1.766E-3	-0.137
24.869	-7.865E-3	-0.137
24.902	-1.295E-2	-0.136
24.936	-1.634E-2	-0.135
24.969	-1.857E-2	-0.134
25.003	-1.971E-2	-0.135
25.036	-1.932E-2	-0.135
25.069	-1.711E-2	-0.135
25.103	-1.330E-2	-0.135
25.136	-8.769E-3	-0.136
25.169	-3.248E-3	-0.136
25.203	2.453E-3	-0.136
25.236	8.325E-3	-0.136
25.269	1.316E-2	-0.136
25.303	1.665E-2	-0.135
25.336	1.924E-2	-0.135
25.369	2.005E-2	-0.136
25.403	1.874E-2	-0.135
25.436	1.538E-2	-0.136
25.469	1.139E-2	-0.136
25.503	6.468E-3	-0.136
25.536	7.006E-4	-0.137
25.569	-5.419E-3	-0.137
25.603	-1.067E-2	-0.136
25.636	-1.464E-2	-0.136
25.669	-1.767E-2	-0.135
25.703	-1.949E-2	-0.135
25.736	-1.959E-2	-0.134
25.769	-1.784E-2	-0.136
25.803	-1.497E-2	-0.136
25.836	-1.086E-2	-0.136
25.869	-5.672E-3	-0.137
25.903	4.327E-6	-0.137
25.936	5.921E-3	-0.136
25.969	1.074E-2	-0.136
26.003	1.492E-2	-0.136
26.036	1.820E-2	-0.135
26.069	1.978E-2	-0.135
26.103	1.919E-2	-0.135
26.136	1.699E-2	-0.135
26.169	1.320E-2	-0.136
26.203	8.689E-3	-0.136
26.236	3.142E-3	-0.137
26.269	-2.587E-3	-0.137
26.303	-8.047E-3	-0.136
26.336	-1.269E-2	-0.136
26.369	-1.651E-2	-0.136
26.403	-1.873E-2	-0.136
26.436	-1.936E-2	-0.136
26.469	-1.837E-2	-0.135
26.503	-1.626E-2	-0.136
26.536	-1.286E-2	-0.136
26.569	-8.024E-3	-0.136
26.603	-2.289E-3	-0.137
26.636	3.278E-3	-0.137
26.669	8.683E-3	-0.136
26.703	1.319E-2	-0.136
26.736	1.711E-2	-0.136
26.769	1.922E-2	-0.136
26.803	1.943E-2	-0.136
26.836	1.800E-2	-0.135
26.869	1.478E-2	-0.136
26.903	1.080E-2	-0.136
26.936	5.699E-3	-0.137
26.969	-6.643E-5	-0.137
27.003	-5.625E-3	-0.137
27.036	-1.043E-2	-0.136
27.069	-1.471E-2	-0.136
27.103	-1.758E-2	-0.135
27.136	-1.902E-2	-0.135
27.169	-1.870E-2	-0.134
27.203	-1.704E-2	-0.134
27.236	-1.421E-2	-0.136
27.269	-1.000E-2	-0.136
27.303	-4.855E-3	-0.137
27.336	9.739E-4	-0.137
27.369	6.236E-3	-0.136
27.403	1.101E-2	-0.136
27.436	1.540E-2	-0.136
27.469	1.845E-2	-0.135
27.503	1.950E-2	-0.135
27.536	1.877E-2	-0.135
27.569	1.620E-2	-0.136
27.603	1.265E-2	-0.136
27.636	7.775E-3	-0.136
27.669	2.401E-3	-0.137
27.703	-3.152E-3	-0.137
27.736	-8.415E-3	-0.136
27.769	-1.282E-2	-0.135
27.803	-1.632E-2	-0.136
27.836	-1.828E-2	-0.134
27.869	-1.870E-2	-0.134
27.903	-1.769E-2	-0.136
27.936	-1.552E-2	-0.136
27.969	-1.203E-2	-0.136
28.003	-7.214E-3	-0.137
28.036	-1.581E-3	-0.137
28.069	3.838E-3	-0.137
28.103	8.868E-3	-0.137
28.136	1.326E-2	-0.136
28.169	1.671E-2	-0.135
28.203	1.879E-2	-0.135
28.236	1.871E-2	-0.136
28.269	1.717E-2	-0.135
28.303	1.390E-2	-0.136
28.336	9.953E-3	-0.136
28.370	4.738E-3	-0.137
28.403	-8.728E-4	-0.137
28.436	-6.149E-3	-0.137
28.470	-1.087E-2	-0.136
28.503	-1.482E-2	-0.136
28.536	-1.743E-2	-0.136
28.570	-1.857E-2	-0.134
28.603	-1.796E-2	-0.134
28.636	-1.650E-2	-0.136
28.670	-1.348E-2	-0.136
28.703	-9.299E-3	-0.137
28.736	-3.960E-3	-0.137
28.770	1.551E-3	-0.137
28.803	6.600E-3	-0.136
28.836	1.120E-2	-0.136
28.870	1.536E-2	-0.136
28.903	1.788E-2	-0.136
28.936	1.784E-2	-0.135
28.970	1.707E-2	-0.136
29.003	1.499E-2	-0.136
29.036	1.174E-2	-0.136
29.070	6.865E-3	-0.136
29.103	1.547E-3	-0.137
29.136	-3.807E-3	-0.137
29.170	-8.812E-3	-0.136
29.203	-1.304E-2	-0.136
29.236	-1.628E-2	-0.136
29.270	-1.810E-2	-0.136
29.303	-1.819E-2	-0.136
29.336	-1.698E-2	-0.134
29.370	-1.485E-2	-0.135
29.403	-1.110E-2	-0.136
29.436	-6.305E-3	-0.137
29.470	-9.138E-4	-0.137
29.503	4.331E-3	-0.136
29.536	9.208E-3	-0.136
29.570	1.345E-2	-0.136
29.603	1.654E-2	-0.135
29.636	1.816E-2	-0.134
29.670	1.746E-2	-0.135
29.703	1.634E-2	-0.136
29.736	1.307E-2	-0.136
29.770	8.913E-3	-0.136
29.803	3.832E-3	-0.136
29.836	-1.508E-3	-0.137
29.870	-6.511E-3	-0.137
29.903	-1.106E-2	-0.136
29.936	-1.476E-2	-0.135
29.970	-1.714E-2	-0.135
30.003	-1.807E-2	-0.135
30.036	-1.754E-2	-0.135
30.070	-1.586E-2	-0.136
30.103	-1.270E-2	-0.136
30.136	-8.378E-3	-0.136
30.170	-3.149E-3	-0.137
30.203	2.102E-3	-0.137
30.236	7.080E-3	-0.136
30.270	1.153E-2	-0.136
30.303	1.513E-2	-0.136
30.336	1.718E-2	-0.136
30.370	1.759E-2	-0.135
30.403	1.707E-2	-0.136
30.436	1.463E-2	-0.136
30.470	1.088E-2	-0.136
30.503	6.015E-3	-0.137
30.536	8.795E-4	-0.136
30.570	-4.363E-3	-0.137
30.603	-9.142E-3	-0.136
30.636	-1.331E-2	-0.136
30.670	-1.624E-2	-0.136
30.703	-1.755E-2	-0.136
30.736	-1.761E-2	-0.135
30.770	-1.638E-2	-0.136
30.803	-1.402E-2	-0.136
30.836	-1.019E-2	-0.136
30.870	-5.489E-3	-0.137
30.903	-1.411E-4	-0.136
30.936	4.906E-3	-0.136
30.970	9.532E-3	-0.136
31.003	1.337E-2	-0.136
31.036	1.664E-2	-0.136
31.070	1.807E-2	-0.135
31.103	1.762E-2	-0.136
31.136	1.546E-2	-0.136
31.170	1.230E-2	-0.136
31.203	8.101E-3	-0.136
31.236	3.126E-3	-0.137
31.270	-2.100E-3	-0.137
31.303	-7.085E-3	-0.136
31.336	-1.152E-2	-0.136
31.370	-1.490E-2	-0.135
31.403	-1.693E-2	-0.134
31.436	-1.758E-2	-0.134
31.470	-1.688E-2	-0.134
31.503	-1.494E-2	-0.136
31.536	-1.186E-2	-0.136
31.570	-7.463E-3	-0.136
31.603	-2.363E-3	-0.136
31.637	2.682E-3	-0.137
31.670	7.498E-3	-0.136
31.703	1.192E-2	-0.136
31.737	1.549E-2	-0.136
31.770	1.740E-2	-0.135
31.803	1.779E-2	-0.136
31.837	1.637E-2	-0.134
31.870	1.385E-2	-0.135
31.903	9.986E-3	-0.136
31.937	5.466E-3	-0.136
31.970	2.149E-4	-0.137
32.003	-4.783E-3	-0.136
32.037	-9.443E-3	-0.136
32.070	-1.322E-2	-0.135
32.103	-1.596E-2	-0.135
32.137	-1.720E-2	-0.136
32.170	-1.709E-2	-0.136
32.203	-1.578E-2	-0.135
32.237	-1.326E-2	-0.135
32.270	-9.330E-3	-0.136
32.303	-4.477E-3	-0.137
32.337	5.715E-4	-0.137
32.370	5.471E-3	-0.137
32.403	9.918E-3	-0.136
32.437	1.376E-2	-0.136
32.470	1.668E-2	-0.136
32.503	1.773E-2	-0.136
32.537	1.605E-2	-0.135
32.570	1.475E-2	-0.136
32.603	1.146E-2	-0.136
32.637	7.304E-3	-0.136
32.670	2.266E-3	-0.137
32.703	-2.744E-3	-0.137
32.737	-7.619E-3	-0.137
32.770	-1.185E-2	-0.136
32.803	-1.479E-2	-0.135
32.837	-1.650E-2	-0.134
32.870	-1.700E-2	-0.136
32.903	-1.618E-2	-0.134
32.937	-1.426E-2	-0.135
32.970	-1.094E-2	-0.136
33.003	-6.640E-3	-0.137
33.037	-1.654E-3	-0.137
33.070	3.327E-3	-0.137
33.103	7.960E-3	-0.136
33.137	1.217E-2	-0.136
33.170	1.448E-2	-0.136
33.203	1.619E-2	-0.135
33.237	1.705E-2	-0.136
33.270	1.512E-2	-0.136
33.303	1.250E-2	-0.136
33.337	9.084E-3	-0.136
33.370	4.388E-3	-0.137
33.403	-5.593E-4	-0.137
33.437	-5.439E-3	-0.137
33.470	-9.968E-3	-0.136
33.503	-1.340E-2	-0.136
33.537	-1.584E-2	-0.134
33.570	-1.676E-2	-0.135
33.603	-1.650E-2	-0.134
33.637	-1.496E-2	-0.135
33.670	-1.228E-2	-0.135
33.703	-8.413E-3	-0.137
33.737	-3.704E-3	-0.137
33.770	1.306E-3	-0.137
33.803	5.965E-3	-0.136
33.837	1.027E-2	-0.135
33.870	1.384E-2	-0.135
33.903	1.613E-2	-0.134
33.937	1.684E-2	-0.134
33.970	1.632E-2	-0.135
34.003	1.419E-2	-0.136
34.037	1.058E-2	-0.136
34.070	6.284E-3	-0.136
34.103	1.518E-3	-0.137
34.137	-3.286E-3	-0.137
34.170	-7.693E-3	-0.136
34.203	-1.185E-2	-0.137
34.237	-1.469E-2	-0.135
34.270	-1.631E-2	-0.134
34.303	-1.637E-2	-0.134
34.337	-1.547E-2	-0.134
34.370	-1.326E-2	-0.136
34.403	-9.991E-3	-0.136
34.437	-5.661E-3	-0.137
34.470	-8.030E-4	-0.136
34.503	3.977E-3	-0.136
34.537	8.424E-3	-0.136
34.570	1.229E-2	-0.136
34.603	1.442E-2	-0.136
34.637	1.662E-2	-0.136
34.670	1.564E-2	-0.135
34.703	1.444E-2	-0.136
34.737	1.339E-2	-0.136
34.770	8.380E-3	-0.137
34.803	3.674E-3	-0.136
34.837	-1.056E-3	-0.136
34.870	-5.810E-3	-0.137
34.903	-1.017E-2	-0.136
34.937	-1.344E-2	-0.136
34.970	-1.568E-2	-0.136
35.004	-1.638E-2	-0.134
35.037	-1.581E-2	-0.134
35.070	-1.424E-2	-0.136
35.104	-1.160E-2	-0.136
35.137	-7.509E-3	-0.137
35.170	-2.836E-3	-0.137
35.204	1.972E-3	-0.137
35.237	6.600E-3	-0.137
35.270	1.068E-2	-0.136
35.304	1.424E-2	-0.136
35.337	1.622E-2	-0.136
35.370	1.677E-2	-0.136
35.404	1.584E-2	-0.136
35.437	1.344E-2	-0.136
35.470	9.862E-3	-0.136
35.504	5.580E-3	-0.137
35.537	9.123E-4	-0.137
35.570	-3.828E-3	-0.136
35.604	-8.219E-3	-0.137
35.637	-1.207E-2	-0.136
35.670	-1.484E-2	-0.136
35.704	-1.623E-2	-0.136
35.737	-1.627E-2	-0.136
35.770	-1.493E-2	-0.136
35.804	-1.268E-2	-0.136
35.837	-9.271E-3	-0.137
35.870	-4.901E-3	-0.137
35.904	-5.401E-5	-0.137
35.937	4.588E-3	-0.137
35.970	8.956E-3	-0.137
36.004	1.258E-2	-0.136
36.037	1.518E-2	-0.136
36.070	1.622E-2	-0.136
36.104	1.562E-2	-0.136
36.137	1.425E-2	-0.136
36.170	1.108E-2	-0.136
36.204	7.297E-3	-0.136
36.237	2.708E-3	-0.137
36.270	-1.986E-3	-0.136
36.304	-6.467E-3	-0.136
36.337	-1.056E-2	-0.136
36.370	-1.365E-2	-0.135
36.404	-1.546E-2	-0.136
36.437	-1.594E-2	-0.136
36.470	-1.540E-2	-0.136
36.504	-1.353E-2	-0.136
36.537	-1.069E-2	-0.136
36.570	-6.609E-3	-0.136
36.604	-2.132E-3	-0.137
36.637	2.480E-3	-0.136
36.670	7.140E-3	-0.136
36.704	1.101E-2	-0.136
36.737	1.394E-2	-0.136
36.770	1.590E-2	-0.136
36.804	1.504E-2	-0.135
36.837	1.415E-2	-0.135
36.870	1.214E-2	-0.136
36.904	8.687E-3	-0.136
36.937	4.380E-3	-0.136
36.970	-2.443E-4	-0.136
37.004	-4.698E-3	-0.136
37.037	-8.914E-3	-0.136
37.070	-1.232E-2	-0.136
37.104	-1.463E-2	-0.135
37.137	-1.584E-2	-0.134
37.170	-1.559E-2	-0.134
37.204	-1.422E-2	-0.136
37.237	-1.186E-2	-0.135
37.270	-8.254E-3	-0.137
37.304	-3.916E-3	-0.137
37.337	6.089E-4	-0.137
37.370	5.061E-3	-0.136
37.404	9.224E-3	-0.137
37.437	1.252E-2	-0.135
37.470	1.477E-2	-0.136
37.504	1.597E-2	-0.136
37.537	1.490E-2	-0.136
37.570	1.334E-2	-0.136
37.604	1.026E-2	-0.136
37.637	6.233E-3	-0.136
37.670	1.835E-3	-0.137
37.704	-2.758E-3	-0.137
37.737	-7.009E-3	-0.137
37.770	-1.086E-2	-0.137
37.804	-1.374E-2	-0.136
37.837	-1.516E-2	-0.136
37.870	-1.551E-2	-0.136
37.904	-1.461E-2	-0.134
37.937	-1.271E-2	-0.136
37.970	-9.593E-3	-0.136
38.004	-5.714E-3	-0.137
38.037	-1.059E-3	-0.137
38.070	3.484E-3	-0.137
38.104	7.720E-3	-0.137
38.137	1.138E-2	-0.136
38.170	1.422E-2	-0.136
38.204	1.548E-2	-0.136
38.237	1.467E-2	-0.136
38.271	1.354E-2	-0.136
38.304	1.113E-2	-0.136
38.337	7.880E-3	-0.136
38.371	3.595E-3	-0.137
38.404	-8.332E-4	-0.137
38.437	-5.350E-3	-0.137
38.471	-9.393E-3	-0.137
38.504	-1.248E-2	-0.136
38.537	-1.463E-2	-0.136
38.571	-1.534E-2	-0.136
38.604	-1.499E-2	-0.134
38.637	-1.356E-2	-0.136
38.671	-1.095E-2	-0.137
38.704	-7.438E-3	-0.136
38.737	-2.998E-3	-0.136
38.771	1.443E-3	-0.136
38.804	5.762E-3	-0.136
38.837	9.794E-3	-0.136
38.871	1.282E-2	-0.136
38.904	1.498E-2	-0.136
38.937	1.553E-2	-0.136
38.971	1.493E-2	-0.136
39.004	1.274E-2	-0.136
39.037	9.460E-3	-0.136
39.071	5.441E-3	-0.137
39.104	1.022E-3	-0.137
39.137	-3.357E-3	-0.137
39.171	-7.498E-3	-0.137
39.204	-1.103E-2	-0.137
39.237	-1.366E-2	-0.136
39.271	-1.488E-2	-0.136
39.304	-1.511E-2	-0.136
39.337	-1.399E-2	-0.135
39.371	-1.197E-2	-0.136
39.404	-8.824E-3	-0.137
39.437	-4.862E-3	-0.136
39.471	-4.362E-4	-0.137
39.504	3.942E-3	-0.137
39.537	8.057E-3	-0.135
39.571	1.163E-2	-0.136
39.604	1.352E-2	-0.136
39.637	1.551E-2	-0.136
39.671	1.508E-2	-0.136
39.704	1.332E-2	-0.135
39.737	1.052E-2	-0.135
39.771	6.945E-3	-0.135
39.804	2.851E-3	-0.137
39.837	-1.497E-3	-0.137
39.871	-5.732E-3	-0.137
39.904	-9.562E-3	-0.137
39.937	-1.237E-2	-0.136
39.971	-1.434E-2	-0.136
40.004	-1.493E-2	-0.134
40.037	-1.439E-2	-0.135
40.071	-1.271E-2	-0.136
40.104	-1.005E-2	-0.137
40.137	-6.330E-3	-0.137
40.171	-2.136E-3	-0.137
40.204	2.284E-3	-0.136
40.237	6.402E-3	-0.136
40.271	1.026E-2	-0.136
40.304	1.303E-2	-0.136
40.337	1.473E-2	-0.136
40.371	1.498E-2	-0.134
40.404	1.416E-2	-0.136
40.437	1.192E-2	-0.137
40.471	8.364E-3	-0.136
40.504	4.535E-3	-0.136
40.537	9.495E-5	-0.137
40.571	-4.132E-3	-0.136
40.604	-7.975E-3	-0.137
40.637	-1.125E-2	-0.136
40.671	-1.349E-2	-0.136
40.704	-1.457E-2	-0.136
40.737	-1.456E-2	-0.136
40.771	-1.326E-2	-0.136
40.804	-1.160E-2	-0.136
40.837	-7.715E-3	-0.137
40.871	-3.819E-3	-0.137
40.904	6.138E-4	-0.137
40.937	4.769E-3	-0.137
40.971	8.579E-3	-0.136
41.004	1.195E-2	-0.137
41.037	1.416E-2	-0.136
41.071	1.427E-2	-0.136
41.104	1.345E-2	-0.136
41.137	1.257E-2	-0.136
41.171	9.789E-3	-0.137
41.204	6.233E-3	-0.137
41.237	1.866E-3	-0.137
41.271	-2.360E-3	-0.137
41.304	-6.522E-3	-0.136
41.337	-1.003E-2	-0.136
41.371	-1.274E-2	-0.136
41.404	-1.401E-2	-0.136
41.437	-1.439E-2	-0.136
41.471	-1.374E-2	-0.136
41.504	-1.188E-2	-0.136
41.537	-9.248E-3	-0.137
41.571	-5.483E-3	-0.136
41.604	-1.231E-3	-0.137
41.638	3.012E-3	-0.137
41.671	6.999E-3	-0.137
41.704	1.030E-2	-0.136
41.738	1.306E-2	-0.135
41.771	1.443E-2	-0.135
41.804	1.475E-2	-0.136
41.838	1.344E-2	-0.136
41.871	1.080E-2	-0.136
41.904	7.578E-3	-0.136
41.938	3.632E-3	-0.137
41.971	-6.360E-4	-0.137
42.004	-4.623E-3	-0.137
42.038	-8.358E-3	-0.137
42.071	-1.129E-2	-0.135
42.104	-1.326E-2	-0.135
42.138	-1.414E-2	-0.135
42.171	-1.384E-2	-0.135
42.204	-1.266E-2	-0.136
42.238	-1.044E-2	-0.136
42.271	-7.059E-3	-0.137
42.304	-2.970E-3	-0.137
42.338	1.252E-3	-0.137
42.371	5.415E-3	-0.137
42.404	8.973E-3	-0.137
42.438	1.201E-2	-0.137
42.471	1.326E-2	-0.136
42.504	1.372E-2	-0.136
42.538	1.334E-2	-0.136
42.571	1.186E-2	-0.136
42.604	8.922E-3	-0.137
42.638	5.261E-3	-0.137
42.671	1.137E-3	-0.136
42.704	-3.045E-3	-0.136
42.738	-6.905E-3	-0.136
42.771	-1.039E-2	-0.137
42.804	-1.254E-2	-0.136
42.838	-1.388E-2	-0.136
42.871	-1.408E-2	-0.136
42.904	-1.310E-2	-0.136
42.938	-1.137E-2	-0.137
42.971	-8.444E-3	-0.136
43.004	-4.648E-3	-0.136
43.038	-5.131E-4	-0.137
43.071	3.658E-3	-0.137
43.104	7.489E-3	-0.137
43.138	1.071E-2	-0.136
43.171	1.304E-2	-0.136
43.204	1.418E-2	-0.136
43.238	1.405E-2	-0.135
43.271	1.252E-2	-0.136
43.304	1.004E-2	-0.136
43.338	6.617E-3	-0.136
43.371	2.747E-3	-0.137
43.404	-1.334E-3	-0.137
43.438	-5.274E-3	-0.137
43.471	-8.799E-3	-0.136
43.504	-1.159E-2	-0.136
43.538	-1.321E-2	-0.136
43.571	-1.394E-2	-0.136
43.604	-1.337E-2	-0.136
43.638	-1.188E-2	-0.135
43.671	-9.372E-3	-0.136
43.704	-5.984E-3	-0.137
43.738	-2.151E-3	-0.137
43.771	1.990E-3	-0.137
43.804	5.885E-3	-0.137
43.838	9.251E-3	-0.137
43.871	1.116E-2	-0.136
43.904	1.257E-2	-0.136
43.938	1.358E-2	-0.137
43.971	1.274E-2	-0.136
44.004	1.099E-2	-0.137
44.038	7.726E-3	-0.136
44.071	4.188E-3	-0.136
44.104	3.344E-4	-0.137
44.138	-3.849E-3	-0.136
44.171	-7.571E-3	-0.136
44.204	-1.054E-2	-0.137
44.238	-1.267E-2	-0.135
44.271	-1.354E-2	-0.136
44.304	-1.342E-2	-0.135
44.338	-1.238E-2	-0.135
44.371	-1.034E-2	-0.135
44.404	-7.420E-3	-0.136
44.438	-3.589E-3	-0.136
44.471	4.067E-4	-0.137
44.504	4.245E-3	-0.137
44.538	7.771E-3	-0.136
44.571	1.085E-2	-0.136
44.604	1.306E-2	-0.136
44.638	1.284E-2	-0.136
44.671	1.354E-2	-0.136
44.704	1.174E-2	-0.136
44.738	9.190E-3	-0.137
44.771	5.863E-3	-0.137
44.804	1.745E-3	-0.136
44.838	-2.054E-3	-0.137
44.871	-5.934E-3	-0.136
44.904	-9.326E-3	-0.136
44.938	-1.160E-2	-0.135
44.971	-1.312E-2	-0.136
45.005	-1.341E-2	-0.136
45.038	-1.273E-2	-0.135
45.071	-1.117E-2	-0.137
45.105	-8.642E-3	-0.136
45.138	-5.206E-3	-0.136
45.171	-1.163E-3	-0.136
45.205	2.741E-3	-0.136
45.238	6.430E-3	-0.136
45.271	9.772E-3	-0.136
45.305	1.231E-2	-0.136
45.338	1.358E-2	-0.136
45.371	1.360E-2	-0.135
45.405	1.253E-2	-0.136
45.438	1.024E-2	-0.136
45.471	7.277E-3	-0.137
45.505	3.471E-3	-0.137
45.538	-4.367E-4	-0.137
45.571	-4.326E-3	-0.137
45.605	-7.815E-3	-0.137
45.638	-1.058E-2	-0.137
45.671	-1.246E-2	-0.135
45.705	-1.322E-2	-0.135
45.738	-1.296E-2	-0.135
45.771	-1.165E-2	-0.135
45.805	-9.610E-3	-0.136
45.838	-6.345E-3	-0.137
45.871	-2.970E-3	-0.136
45.905	1.097E-3	-0.136
45.938	4.815E-3	-0.136
45.971	8.043E-3	-0.136
46.005	1.088E-2	-0.136
46.038	1.229E-2	-0.136
46.071	1.337E-2	-0.135
46.105	1.251E-2	-0.135
46.138	1.087E-2	-0.135
46.171	8.208E-3	-0.135
46.205	4.876E-3	-0.137
46.238	9.290E-4	-0.136
46.271	-2.815E-3	-0.136
46.305	-6.333E-3	-0.136
46.338	-9.380E-3	-0.135
46.371	-1.174E-2	-0.135
46.405	-1.285E-2	-0.135
46.438	-1.303E-2	-0.136
46.471	-1.208E-2	-0.135
46.505	-1.036E-2	-0.136
46.538	-7.705E-3	-0.136
46.571	-4.254E-3	-0.136
46.605	-4.636E-4	-0.136
46.638	3.400E-3	-0.136
46.671	6.801E-3	-0.136
46.705	9.776E-3	-0.136
46.738	1.217E-2	-0.136
46.771	1.312E-2	-0.136
46.805	1.317E-2	-0.136
46.838	1.167E-2	-0.135
46.871	9.290E-3	-0.135
46.905	6.108E-3	-0.136
46.938	2.506E-3	-0.136
46.971	-1.187E-3	-0.136
47.005	-4.893E-3	-0.136
47.038	-8.154E-3	-0.137
47.071	-1.072E-2	-0.137
47.105	-1.241E-2	-0.135
47.138	-1.282E-2	-0.136
47.171	-1.237E-2	-0.136
47.205	-1.116E-2	-0.137
47.238	-8.726E-3	-0.137
47.271	-5.719E-3	-0.137
47.305	-1.908E-3	-0.137
47.338	1.853E-3	-0.137
47.371	5.465E-3	-0.137
47.405	8.526E-3	-0.137
47.438	1.039E-2	-0.136
47.471	1.197E-2	-0.136
47.505	1.273E-2	-0.136
47.538	1.135E-2	-0.136
47.571	1.014E-2	-0.137
47.605	7.291E-3	-0.137
47.638	3.722E-3	-0.137
47.671	1.352E-4	-0.137
47.705	-3.554E-3	-0.137
47.738	-6.918E-3	-0.137
47.771	-9.693E-3	-0.137
47.805	-1.169E-2	-0.137
47.838	-1.272E-2	-0.136
47.871	-1.262E-2	-0.136
47.905	-1.167E-2	-0.137
47.938	-9.621E-3	-0.137
47.971	-6.696E-3	-0.137
48.005	-3.353E-3	-0.137
48.038	4.130E-4	-0.137
48.071	3.926E-3	-0.137
48.105	7.373E-3	-0.137
48.138	1.016E-2	-0.137
48.171	1.214E-2	-0.137
48.205	1.198E-2	-0.136
48.238	1.255E-2	-0.136
48.272	1.069E-2	-0.137
48.305	8.411E-3	-0.137
48.338	5.063E-3	-0.136
48.372	1.640E-3	-0.137
48.405	-2.120E-3	-0.137
48.438	-5.654E-3	-0.137
48.472	-8.722E-3	-0.137
48.505	-1.097E-2	-0.137
48.538	-1.234E-2	-0.137
48.572	-1.256E-2	-0.135
48.605	-1.183E-2	-0.136
48.638	-1.043E-2	-0.136
48.672	-7.921E-3	-0.136
48.705	-4.841E-3	-0.136
48.738	-1.079E-3	-0.137
48.772	2.519E-3	-0.137
48.805	5.979E-3	-0.136
48.838	8.916E-3	-0.136
48.872	1.118E-2	-0.136
48.905	1.259E-2	-0.136
48.938	1.274E-2	-0.136
48.972	1.169E-2	-0.136
49.005	9.519E-3	-0.136
49.038	6.545E-3	-0.137
49.072	3.062E-3	-0.137
49.105	-5.379E-4	-0.137
49.138	-4.217E-3	-0.136
49.172	-7.314E-3	-0.135
49.205	-9.885E-3	-0.136
49.238	-1.172E-2	-0.136
49.272	-1.227E-2	-0.136
49.305	-1.193E-2	-0.136
49.338	-1.076E-2	-0.136
49.372	-8.827E-3	-0.136
49.405	-5.980E-3	-0.137
49.438	-2.456E-3	-0.137
49.472	1.105E-3	-0.137
49.505	4.650E-3	-0.137
49.538	7.770E-3	-0.136
49.572	1.029E-2	-0.136
49.605	1.199E-2	-0.136
49.638	1.251E-2	-0.136
49.672	1.193E-2	-0.136
49.705	1.034E-2	-0.137
49.738	7.578E-3	-0.137
49.772	4.385E-3	-0.136
49.805	7.269E-4	-0.137
49.838	-2.764E-3	-0.137
49.872	-5.977E-3	-0.137
49.905	-8.908E-3	-0.136
49.938	-1.092E-2	-0.136
49.972	-1.196E-2	-0.136
50.005	-1.211E-2	-0.135
50.038	-1.121E-2	-0.137
50.072	-9.659E-3	-0.137
50.105	-7.089E-3	-0.137
50.138	-3.992E-3	-0.136
50.172	-4.189E-4	-0.136
50.205	3.237E-3	-0.137
50.238	6.534E-3	-0.136
50.272	9.225E-3	-0.136
50.305	1.139E-2	-0.136
50.338	1.234E-2	-0.136
50.372	1.219E-2	-0.136
50.405	1.093E-2	-0.136
50.438	8.750E-3	-0.136
50.472	5.673E-3	-0.136
50.505	2.290E-3	-0.137
50.538	-1.211E-3	-0.137
50.572	-4.629E-3	-0.137
50.605	-7.549E-3	-0.136
50.638	-9.979E-3	-0.136
50.672	-1.156E-2	-0.137
50.705	-1.238E-2	-0.137
50.738	-1.151E-2	-0.135
50.772	-1.012E-2	-0.136
50.805	-8.102E-3	-0.136
50.838	-5.230E-3	-0.137
50.872	-1.838E-3	-0.137
50.905	1.721E-3	-0.136
50.938	5.171E-3	-0.137
50.972	8.040E-3	-0.136
51.005	1.057E-2	-0.136
51.038	1.190E-2	-0.136
51.072	1.181E-2	-0.137
51.105	1.035E-2	-0.136
51.138	9.439E-3	-0.136
51.172	6.769E-3	-0.137
51.205	3.586E-3	-0.136
51.238	-3.802E-5	-0.136
51.272	-3.283E-3	-0.137
51.305	-6.507E-3	-0.137
51.338	-9.053E-3	-0.135
51.372	-1.113E-2	-0.135
51.405	-1.177E-2	-0.135
51.438	-1.166E-2	-0.135
51.472	-1.074E-2	-0.137
51.505	-8.982E-3	-0.135
51.538	-6.199E-3	-0.136
51.572	-2.945E-3	-0.136
51.605	4.308E-4	-0.136
51.639	3.703E-3	-0.136
51.672	6.989E-3	-0.137
51.705	9.413E-3	-0.135
51.739	1.135E-2	-0.136
51.772	1.206E-2	-0.136
51.805	1.164E-2	-0.136
51.839	1.017E-2	-0.136
51.872	7.785E-3	-0.136
51.905	4.839E-3	-0.136
51.939	1.482E-3	-0.136
51.972	-1.889E-3	-0.136
52.005	-5.213E-3	-0.137
52.039	-7.948E-3	-0.136
52.072	-1.019E-2	-0.137
52.105	-1.130E-2	-0.135
52.139	-1.154E-2	-0.136
52.172	-1.116E-2	-0.136
52.205	-9.531E-3	-0.136
52.239	-7.215E-3	-0.136
52.272	-4.227E-3	-0.137
52.305	-7.777E-4	-0.136
52.339	2.572E-3	-0.137
52.372	5.742E-3	-0.137
52.405	8.406E-3	-0.137
52.439	9.920E-3	-0.137
52.472	1.181E-2	-0.137
52.505	1.178E-2	-0.136
52.539	1.048E-2	-0.137
52.572	8.725E-3	-0.137
52.605	5.829E-3	-0.137
52.639	2.720E-3	-0.137
52.672	-7.208E-4	-0.137
52.705	-4.042E-3	-0.137
52.739	-7.051E-3	-0.137
52.772	-9.456E-3	-0.136
52.805	-1.089E-2	-0.137
52.839	-1.170E-2	-0.136
52.872	-1.116E-2	-0.135
52.905	-1.007E-2	-0.135
52.939	-8.207E-3	-0.136
52.972	-5.487E-3	-0.136
53.005	-2.246E-3	-0.136
53.039	1.265E-3	-0.137
53.072	4.372E-3	-0.136
53.105	7.400E-3	-0.136
53.139	9.846E-3	-0.136
53.172	1.096E-2	-0.136
53.205	1.161E-2	-0.136
53.239	1.111E-2	-0.136
53.272	9.172E-3	-0.137
53.305	6.945E-3	-0.137
53.339	3.762E-3	-0.136
53.372	6.386E-4	-0.137
53.405	-2.832E-3	-0.136
53.439	-5.739E-3	-0.136
53.472	-8.273E-3	-0.136
53.505	-1.017E-2	-0.135
53.539	-1.106E-2	-0.135
53.572	-1.108E-2	-0.135
53.605	-1.036E-2	-0.135
53.639	-8.722E-3	-0.135
53.672	-6.320E-3	-0.136
53.705	-3.297E-3	-0.136
53.739	-1.727E-4	-0.136
53.772	3.069E-3	-0.136
53.805	6.231E-3	-0.136
53.839	8.859E-3	-0.136
53.872	1.084E-2	-0.136
53.905	1.144E-2	-0.136
53.939	1.138E-2	-0.136
53.972	1.003E-2	-0.136
54.005	7.951E-3	-0.136
54.039	5.197E-3	-0.136
54.072	1.685E-3	-0.136
54.105	-1.601E-3	-0.136
54.139	-4.654E-3	-0.136
54.172	-7.444E-3	-0.137
54.205	-9.411E-3	-0.136
54.239	-1.051E-2	-0.136
54.272	-1.100E-2	-0.136
54.305	-1.048E-2	-0.136
54.339	-9.287E-3	-0.136
54.372	-7.143E-3	-0.136
54.405	-4.612E-3	-0.136
54.439	-1.369E-3	-0.136
54.472	1.791E-3	-0.136
54.505	5.028E-3	-0.136
54.539	7.791E-3	-0.136
54.572	1.002E-2	-0.136
54.605	1.107E-2	-0.136
54.639	1.135E-2	-0.136
54.672	1.057E-2	-0.136
54.705	8.671E-3	-0.136
54.739	6.043E-3	-0.136
54.772	2.891E-3	-0.136
54.805	-1.546E-4	-0.136
54.839	-3.299E-3	-0.136
54.872	-6.195E-3	-0.136
54.906	-8.752E-3	-0.136
54.939	-1.012E-2	-0.136
54.972	-1.098E-2	-0.136
55.006	-1.076E-2	-0.136
55.039	-9.885E-3	-0.137
55.072	-8.164E-3	-0.137
55.106	-5.443E-3	-0.136
55.139	-2.390E-3	-0.137
55.172	7.925E-4	-0.137
55.206	3.759E-3	-0.137
55.239	6.764E-3	-0.137
55.272	9.044E-3	-0.137
55.306	1.054E-2	-0.136
55.339	1.118E-2	-0.136
55.372	1.054E-2	-0.135
55.406	9.119E-3	-0.136
55.439	7.051E-3	-0.136
55.472	4.191E-3	-0.136
55.506	1.145E-3	-0.136
55.539	-2.044E-3	-0.137
55.572	-5.040E-3	-0.137
55.606	-7.630E-3	-0.137
55.639	-9.457E-3	-0.136
55.672	-1.045E-2	-0.136
55.706	-1.066E-2	-0.136
55.739	-1.007E-2	-0.136
55.772	-8.955E-3	-0.136
55.806	-6.529E-3	-0.136
55.839	-3.667E-3	-0.136
55.872	-6.615E-4	-0.136
55.906	2.533E-3	-0.136
55.939	5.612E-3	-0.136
55.972	8.026E-3	-0.136
56.006	9.926E-3	-0.136
56.039	1.068E-2	-0.136
56.072	1.058E-2	-0.136
56.106	9.637E-3	-0.136
56.139	7.787E-3	-0.136
56.172	5.307E-3	-0.136
56.206	2.130E-3	-0.136
56.239	-7.793E-4	-0.136
56.272	-4.075E-3	-0.136
56.306	-6.714E-3	-0.137
56.339	-8.743E-3	-0.136
56.372	-1.004E-2	-0.136
56.406	-1.056E-2	-0.136
56.439	-1.029E-2	-0.136
56.472	-9.107E-3	-0.136
56.506	-7.247E-3	-0.136
56.539	-4.951E-3	-0.137
56.572	-1.947E-3	-0.137
56.606	1.288E-3	-0.137
56.639	4.248E-3	-0.136
56.672	6.974E-3	-0.136
56.706	9.173E-3	-0.136
56.739	1.051E-2	-0.136
56.772	1.067E-2	-0.136
56.806	9.969E-3	-0.135
56.839	8.765E-3	-0.137
56.872	6.194E-3	-0.137
56.906	3.425E-3	-0.137
56.939	4.009E-4	-0.137
56.972	-2.783E-3	-0.137
57.006	-5.657E-3	-0.137
57.039	-7.812E-3	-0.137
57.072	-9.506E-3	-0.137
57.106	-1.037E-2	-0.135
57.139	-1.041E-2	-0.135
57.172	-9.556E-3	-0.136
57.206	-8.045E-3	-0.137
57.239	-5.609E-3	-0.137
57.272	-2.827E-3	-0.137
57.306	1.535E-4	-0.137
57.339	3.365E-3	-0.137
57.372	6.233E-3	-0.137
57.406	8.351E-3	-0.136
57.439	9.761E-3	-0.136
57.472	1.055E-2	-0.136
57.506	1.036E-2	-0.136
57.539	9.170E-3	-0.136
57.572	7.220E-3	-0.137
57.606	4.273E-3	-0.137
57.639	1.498E-3	-0.137
57.672	-1.483E-3	-0.137
57.706	-4.388E-3	-0.137
57.739	-6.915E-3	-0.137
57.772	-8.831E-3	-0.136
57.806	-9.824E-3	-0.136
57.839	-1.020E-2	-0.136
57.872	-9.751E-3	-0.135
57.906	-8.498E-3	-0.135
57.939	-6.448E-3	-0.135
57.972	-3.736E-3	-0.135
58.006	-9.458E-4	-0.137
58.039	2.220E-3	-0.137
58.072	4.808E-3	-0.137
58.106	7.507E-3	-0.137
58.139	9.245E-3	-0.137
58.172	1.015E-2	-0.137
58.206	1.035E-2	-0.136
58.239	9.615E-3	-0.136
58.273	7.885E-3	-0.137
58.306	5.490E-3	-0.137
58.339	2.587E-3	-0.137
58.373	-6.578E-4	-0.137
58.406	-3.237E-3	-0.137
58.439	-5.948E-3	-0.137
58.473	-8.120E-3	-0.137
58.506	-9.378E-3	-0.136
58.539	-1.011E-2	-0.136
58.573	-9.873E-3	-0.136
58.606	-8.967E-3	-0.136
58.639	-7.279E-3	-0.137
58.673	-5.108E-3	-0.137
58.706	-2.161E-3	-0.137
58.739	9.580E-4	-0.137
58.773	3.835E-3	-0.137
58.806	6.523E-3	-0.136
58.839	8.224E-3	-0.137
58.873	9.041E-3	-0.136
58.906	1.027E-2	-0.136
58.939	9.090E-3	-0.136
58.973	7.788E-3	-0.137
59.006	6.211E-3	-0.137
59.039	3.651E-3	-0.137
59.073	5.005E-4	-0.137
59.106	-2.409E-3	-0.137
59.139	-4.996E-3	-0.137
59.173	-7.256E-3	-0.136
59.206	-8.885E-3	-0.136
59.239	-9.796E-3	-0.136
59.273	-9.911E-3	-0.135
59.306	-9.241E-3	-0.136
59.339	-7.757E-3	-0.136
59.373	-5.596E-3	-0.136
59.406	-3.009E-3	-0.136
59.439	-1.026E-4	-0.137
59.473	2.788E-3	-0.137
59.506	5.437E-3	-0.136
59.539	7.898E-3	-0.136
59.573	9.440E-3	-0.136
59.606	1.024E-2	-0.136
59.639	1.003E-2	-0.136
59.673	8.992E-3	-0.136
59.706	7.250E-3	-0.136
59.739	4.804E-3	-0.137
59.773	2.027E-3	-0.137
59.806	-1.084E-3	-0.137
59.839	-3.860E-3	-0.137
59.873	-6.377E-3	-0.137
59.906	-8.298E-3	-0.137
59.939	-9.378E-3	-0.136
59.973	-9.774E-3	-0.136
60.006	-9.342E-3	-0.136
60.039	-8.187E-3	-0.136
60.073	-6.431E-3	-0.137
60.106	-4.099E-3	-0.136
60.139	-1.181E-3	-0.137
60.173	1.634E-3	-0.137
60.206	4.339E-3	-0.137
60.239	6.721E-3	-0.137
60.273	8.401E-3	-0.137
60.306	9.416E-3	-0.137
60.339	9.545E-3	-0.137
60.373	8.836E-3	-0.137
60.406	7.402E-3	-0.137
60.439	5.427E-3	-0.137
60.473	2.629E-3	-0.136
60.506	-2.265E-4	-0.136
60.539	-2.962E-3	-0.137
60.573	-5.569E-3	-0.137
60.606	-7.722E-3	-0.137
60.639	-8.963E-3	-0.137
60.673	-9.617E-3	-0.136
60.706	-9.442E-3	-0.136
60.739	-8.658E-3	-0.136
60.773	-7.126E-3	-0.136
60.806	-4.784E-3	-0.137
60.839	-2.209E-3	-0.137
60.873	4.688E-4	-0.137
60.906	3.284E-3	-0.137
60.939	5.754E-3	-0.136
60.973	7.996E-3	-0.136
61.006	9.320E-3	-0.137
61.039	9.865E-3	-0.136
61.073	9.420E-3	-0.136
61.106	8.192E-3	-0.136
61.139	5.923E-3	-0.136
61.173	3.361E-3	-0.136
61.206	6.903E-4	-0.136
61.239	-2.015E-3	-0.136
61.273	-4.566E-3	-0.136
61.306	-6.680E-3	-0.136
61.339	-8.244E-3	-0.136
61.373	-9.227E-3	-0.136
61.406	-9.453E-3	-0.136
61.439	-8.966E-3	-0.136
61.473	-7.730E-3	-0.136
61.506	-5.641E-3	-0.136
61.539	-3.225E-3	-0.136
61.573	-5.487E-4	-0.136
61.606	2.390E-3	-0.137
61.640	4.909E-3	-0.136
61.673	7.235E-3	-0.137
61.706	8.747E-3	-0.136
61.740	9.594E-3	-0.136
61.773	9.640E-3	-0.136
61.806	8.763E-3	-0.136
61.840	6.835E-3	-0.136
61.873	4.725E-3	-0.136
61.906	2.123E-3	-0.136
61.940	-8.045E-4	-0.136
61.973	-3.442E-3	-0.136
62.006	-5.850E-3	-0.136
62.040	-7.945E-3	-0.136
62.073	-8.842E-3	-0.136
62.106	-9.240E-3	-0.136
62.140	-9.086E-3	-0.136
62.173	-7.967E-3	-0.136
62.206	-6.439E-3	-0.136
62.240	-4.079E-3	-0.136
62.273	-1.427E-3	-0.136
62.306	9.591E-4	-0.136
62.340	3.882E-3	-0.136
62.373	6.275E-3	-0.136
62.406	8.114E-3	-0.136
62.440	9.308E-3	-0.136
62.473	9.572E-3	-0.136
62.506	8.967E-3	-0.137
62.540	7.363E-3	-0.136
62.573	5.425E-3	-0.136
62.606	2.937E-3	-0.137
62.640	3.894E-4	-0.137
62.673	-2.378E-3	-0.137
62.706	-4.891E-3	-0.136
62.740	-6.910E-3	-0.136
62.773	-8.405E-3	-0.136
62.806	-9.100E-3	-0.136
62.840	-9.086E-3	-0.136
62.873	-8.357E-3	-0.136
62.906	-7.145E-3	-0.135
62.940	-4.875E-3	-0.136
62.973	-2.404E-3	-0.136
63.006	3.172E-4	-0.136
63.040	2.770E-3	-0.136
63.073	5.398E-3	-0.136
63.106	7.466E-3	-0.136
63.140	8.853E-3	-0.136
63.173	9.493E-3	-0.136
63.206	8.934E-3	-0.136
63.240	8.044E-3	-0.136
63.273	6.156E-3	-0.136
63.306	3.940E-3	-0.136
63.340	1.330E-3	-0.136
63.373	-1.376E-3	-0.136
63.406	-4.054E-3	-0.137
63.440	-6.164E-3	-0.136
63.473	-7.646E-3	-0.136
63.506	-8.673E-3	-0.136
63.540	-9.030E-3	-0.136
63.573	-8.499E-3	-0.136
63.606	-7.301E-3	-0.137
63.640	-5.442E-3	-0.136
63.673	-3.301E-3	-0.136
63.706	-6.449E-4	-0.137
63.740	1.933E-3	-0.136
63.773	4.281E-3	-0.136
63.806	6.738E-3	-0.136
63.840	8.285E-3	-0.136
63.873	8.119E-3	-0.136
63.906	8.146E-3	-0.136
63.940	7.462E-3	-0.136
63.973	5.899E-3	-0.136
64.006	4.262E-3	-0.136
64.040	2.156E-3	-0.136
64.073	-7.215E-4	-0.136
64.106	-3.210E-3	-0.136
64.140	-5.343E-3	-0.137
64.173	-7.165E-3	-0.137
64.206	-8.466E-3	-0.137
64.240	-8.789E-3	-0.136
64.273	-8.608E-3	-0.136
64.306	-7.816E-3	-0.136
64.340	-6.165E-3	-0.137
64.373	-4.044E-3	-0.137
64.406	-1.519E-3	-0.137
64.440	9.406E-4	-0.137
64.473	3.570E-3	-0.136
64.506	5.873E-3	-0.137
64.540	7.567E-3	-0.137
64.573	8.612E-3	-0.137
64.606	8.118E-3	-0.136
64.640	8.652E-3	-0.136
64.673	7.357E-3	-0.137
64.706	5.379E-3	-0.136
64.740	2.805E-3	-0.137
64.773	4.010E-4	-0.137
64.806	-2.257E-3	-0.137
64.840	-4.759E-3	-0.137
64.873	-6.473E-3	-0.137
64.907	-7.855E-3	-0.136
64.940	-8.686E-3	-0.136
64.973	-8.855E-3	-0.136
65.007	-8.104E-3	-0.136
65.040	-6.730E-3	-0.136
65.073	-4.785E-3	-0.137
65.107	-2.446E-3	-0.137
65.140	1.578E-4	-0.137
65.173	2.680E-3	-0.137
65.207	5.063E-3	-0.137
65.240	6.951E-3	-0.137
65.273	8.370E-3	-0.136
65.307	9.035E-3	-0.136
65.340	8.691E-3	-0.136
65.373	7.786E-3	-0.136
65.407	6.003E-3	-0.136
65.440	3.807E-3	-0.136
65.473	1.506E-3	-0.137
65.507	-1.070E-3	-0.137
65.540	-3.634E-3	-0.137
65.573	-5.766E-3	-0.137
65.607	-7.396E-3	-0.137
65.640	-8.371E-3	-0.136
65.673	-8.672E-3	-0.136
65.707	-8.263E-3	-0.135
65.740	-7.039E-3	-0.136
65.773	-5.391E-3	-0.136
65.807	-3.252E-3	-0.137
65.840	-7.657E-4	-0.137
65.873	1.557E-3	-0.137
65.907	3.689E-3	-0.136
65.940	5.961E-3	-0.137
65.973	7.646E-3	-0.136
66.007	8.766E-3	-0.136
66.040	8.719E-3	-0.136
66.073	7.895E-3	-0.135
66.107	6.530E-3	-0.135
66.140	4.443E-3	-0.136
66.173	2.502E-3	-0.137
66.207	-1.598E-4	-0.135
66.240	-2.598E-3	-0.135
66.273	-4.668E-3	-0.135
66.307	-6.538E-3	-0.135
66.340	-7.994E-3	-0.135
66.373	-8.486E-3	-0.136
66.407	-8.027E-3	-0.135
66.440	-7.435E-3	-0.135
66.473	-6.319E-3	-0.136
66.507	-4.124E-3	-0.135
66.540	-1.407E-3	-0.135
