	mass A		
t	x	y	
1.867	-5.962E-2	-0.126
1.900	-5.929E-2	-0.126
1.934	-5.878E-2	-0.127
1.967	-5.786E-2	-0.127
2.000	-5.257E-2	-0.127
2.034	-4.515E-2	-0.130
2.067	-3.340E-2	-0.135
2.100	-1.789E-2	-0.138
2.134	-1.003E-3	-0.139
2.167	1.680E-2	-0.137
2.200	2.980E-2	-0.134
2.234	4.352E-2	-0.131
2.267	5.287E-2	-0.129
2.300	5.855E-2	-0.127
2.334	5.891E-2	-0.127
2.367	5.454E-2	-0.129
2.400	4.635E-2	-0.132
2.434	3.407E-2	-0.136
2.467	1.903E-2	-0.137
2.500	1.288E-3	-0.138
2.534	-1.598E-2	-0.138
2.567	-3.080E-2	-0.134
2.600	-4.292E-2	-0.129
2.634	-5.269E-2	-0.126
2.667	-5.889E-2	-0.127
2.700	-5.628E-2	-0.125
2.734	-5.146E-2	-0.127
2.767	-4.218E-2	-0.131
2.800	-2.954E-2	-0.136
2.834	-1.312E-2	-0.139
2.867	3.078E-3	-0.137
2.900	2.252E-2	-0.136
2.934	3.572E-2	-0.134
2.967	4.710E-2	-0.129
3.000	5.502E-2	-0.127
3.034	6.009E-2	-0.125
3.067	5.868E-2	-0.125
3.100	5.334E-2	-0.128
3.134	4.352E-2	-0.131
3.167	2.979E-2	-0.134
3.200	1.458E-2	-0.137
3.234	-4.407E-3	-0.138
3.267	-2.119E-2	-0.138
3.300	-3.476E-2	-0.132
3.334	-4.658E-2	-0.128
3.367	-5.439E-2	-0.125
3.400	-5.591E-2	-0.125
3.434	-5.555E-2	-0.127
3.467	-4.966E-2	-0.130
3.500	-3.996E-2	-0.131
3.534	-2.649E-2	-0.136
3.567	-9.165E-3	-0.137
3.600	9.332E-3	-0.138
3.634	2.237E-2	-0.136
3.667	3.627E-2	-0.132
3.700	4.726E-2	-0.129
3.734	5.576E-2	-0.127
3.767	5.835E-2	-0.125
3.800	5.691E-2	-0.125
3.834	5.056E-2	-0.129
3.867	4.055E-2	-0.132
3.900	2.645E-2	-0.136
3.934	9.755E-3	-0.139
3.967	-7.874E-3	-0.139
4.000	-2.360E-2	-0.137
4.034	-3.673E-2	-0.132
4.067	-4.799E-2	-0.128
4.100	-5.469E-2	-0.125
4.134	-5.628E-2	-0.126
4.167	-5.396E-2	-0.127
4.200	-4.775E-2	-0.130
4.234	-3.736E-2	-0.134
4.267	-2.268E-2	-0.137
4.300	-6.114E-3	-0.139
4.334	9.755E-3	-0.137
4.367	2.568E-2	-0.135
4.400	3.879E-2	-0.131
4.434	4.882E-2	-0.128
4.467	5.539E-2	-0.126
4.500	5.687E-2	-0.126
4.534	5.421E-2	-0.127
4.567	4.760E-2	-0.130
4.600	3.639E-2	-0.134
4.634	2.088E-2	-0.137
4.667	4.866E-3	-0.139
4.700	-1.108E-2	-0.138
4.734	-2.682E-2	-0.135
4.767	-3.964E-2	-0.131
4.800	-4.985E-2	-0.128
4.834	-5.456E-2	-0.125
4.867	-5.480E-2	-0.127
4.900	-5.191E-2	-0.128
4.934	-4.478E-2	-0.131
4.967	-3.217E-2	-0.134
5.001	-1.656E-2	-0.137
5.034	4.670E-4	-0.139
5.067	1.321E-2	-0.139
5.101	3.053E-2	-0.134
5.134	4.225E-2	-0.130
5.167	5.093E-2	-0.126
5.201	5.576E-2	-0.125
5.234	5.606E-2	-0.125
5.267	5.261E-2	-0.127
5.301	4.426E-2	-0.131
5.334	3.187E-2	-0.135
5.367	1.755E-2	-0.138
5.401	1.323E-3	-0.139
5.434	-1.595E-2	-0.138
5.467	-3.140E-2	-0.136
5.501	-4.336E-2	-0.131
5.534	-5.243E-2	-0.129
5.567	-5.591E-2	-0.127
5.601	-5.579E-2	-0.127
5.634	-5.075E-2	-0.130
5.667	-4.181E-2	-0.131
5.701	-2.896E-2	-0.135
5.734	-1.290E-2	-0.139
5.767	2.168E-3	-0.139
5.801	1.866E-2	-0.137
5.834	3.317E-2	-0.134
5.867	4.388E-2	-0.130
5.901	5.242E-2	-0.128
5.934	5.600E-2	-0.126
5.967	5.531E-2	-0.127
6.001	5.073E-2	-0.129
6.034	4.092E-2	-0.132
6.067	2.800E-2	-0.136
6.101	9.755E-3	-0.138
6.134	-7.830E-3	-0.139
6.167	-2.029E-2	-0.138
6.201	-3.442E-2	-0.134
6.234	-4.540E-2	-0.130
6.267	-5.295E-2	-0.127
6.301	-5.368E-2	-0.127
6.334	-5.284E-2	-0.128
6.367	-4.722E-2	-0.130
6.401	-3.884E-2	-0.133
6.434	-2.521E-2	-0.136
6.467	-9.599E-3	-0.139
6.501	7.159E-3	-0.138
6.534	2.243E-2	-0.136
6.567	3.615E-2	-0.132
6.601	4.602E-2	-0.129
6.634	5.353E-2	-0.127
6.667	5.596E-2	-0.125
6.701	5.411E-2	-0.126
6.734	4.785E-2	-0.130
6.767	3.721E-2	-0.133
6.801	2.393E-2	-0.137
6.834	8.215E-3	-0.139
6.867	-8.560E-3	-0.138
6.901	-2.423E-2	-0.136
6.934	-3.706E-2	-0.132
6.967	-4.771E-2	-0.129
7.001	-5.413E-2	-0.127
7.034	-5.405E-2	-0.127
7.067	-5.135E-2	-0.128
7.101	-4.438E-2	-0.131
7.134	-3.476E-2	-0.134
7.167	-2.059E-2	-0.137
7.201	-4.497E-3	-0.139
7.234	1.137E-2	-0.139
7.267	2.584E-2	-0.137
7.301	3.854E-2	-0.132
7.334	4.775E-2	-0.129
7.367	5.315E-2	-0.127
7.401	5.613E-2	-0.127
7.434	5.293E-2	-0.128
7.467	4.500E-2	-0.131
7.501	3.359E-2	-0.135
7.534	2.088E-2	-0.137
7.567	3.735E-3	-0.138
7.601	-1.352E-2	-0.139
7.634	-2.859E-2	-0.136
7.667	-4.074E-2	-0.132
7.701	-4.969E-2	-0.129
7.734	-5.466E-2	-0.127
7.767	-5.405E-2	-0.129
7.801	-4.963E-2	-0.130
7.834	-4.150E-2	-0.133
7.867	-2.957E-2	-0.134
7.901	-1.520E-2	-0.138
7.934	2.123E-3	-0.139
7.967	1.680E-2	-0.138
8.001	2.937E-2	-0.136
8.034	4.092E-2	-0.132
8.067	4.966E-2	-0.131
8.101	5.539E-2	-0.127
8.134	5.535E-2	-0.127
8.167	5.088E-2	-0.129
8.201	4.166E-2	-0.132
8.234	2.959E-2	-0.136
8.267	1.495E-2	-0.139
8.301	-1.300E-3	-0.139
8.334	-1.751E-2	-0.139
8.368	-3.201E-2	-0.135
8.401	-4.201E-2	-0.130
8.434	-4.952E-2	-0.127
8.468	-5.331E-2	-0.127
8.501	-5.248E-2	-0.127
8.534	-4.739E-2	-0.130
8.568	-3.810E-2	-0.133
8.601	-2.573E-2	-0.136
8.634	-9.907E-3	-0.138
8.668	7.655E-3	-0.139
8.701	2.126E-2	-0.136
8.734	3.227E-2	-0.134
8.768	4.500E-2	-0.130
8.801	5.217E-2	-0.126
8.834	5.528E-2	-0.125
8.868	5.375E-2	-0.126
8.901	4.793E-2	-0.129
8.934	3.866E-2	-0.133
8.968	2.571E-2	-0.136
9.001	8.642E-3	-0.138
9.034	-6.197E-3	-0.138
9.068	-2.104E-2	-0.137
9.101	-3.513E-2	-0.134
9.134	-4.404E-2	-0.130
9.168	-5.099E-2	-0.127
9.201	-5.331E-2	-0.127
9.234	-5.184E-2	-0.128
9.268	-4.574E-2	-0.130
9.301	-3.567E-2	-0.134
9.334	-2.141E-2	-0.137
9.368	-6.939E-3	-0.138
9.401	9.755E-3	-0.138
9.434	2.534E-2	-0.135
9.468	3.795E-2	-0.131
9.501	4.804E-2	-0.128
9.534	5.291E-2	-0.125
9.568	5.464E-2	-0.125
9.601	5.207E-2	-0.126
9.634	4.527E-2	-0.129
9.668	3.481E-2	-0.133
9.701	2.088E-2	-0.137
9.734	4.562E-3	-0.138
9.768	-1.028E-2	-0.137
9.801	-2.475E-2	-0.136
9.834	-3.662E-2	-0.133
9.868	-4.748E-2	-0.130
9.901	-5.241E-2	-0.127
9.934	-5.330E-2	-0.126
9.968	-4.993E-2	-0.128
10.001	-4.268E-2	-0.130
10.034	-3.197E-2	-0.134
10.068	-1.840E-2	-0.137
10.101	-1.745E-3	-0.138
10.134	1.413E-2	-0.138
10.168	2.853E-2	-0.135
10.201	4.017E-2	-0.131
10.234	4.813E-2	-0.128
10.268	5.322E-2	-0.125
10.301	5.364E-2	-0.125
10.334	4.949E-2	-0.127
10.368	4.162E-2	-0.131
10.401	3.038E-2	-0.135
10.434	1.606E-2	-0.138
10.468	8.518E-4	-0.138
10.501	-1.436E-2	-0.138
10.534	-2.771E-2	-0.135
10.568	-4.081E-2	-0.132
10.601	-4.828E-2	-0.128
10.634	-5.228E-2	-0.127
10.668	-5.223E-2	-0.127
10.701	-4.732E-2	-0.128
10.734	-3.913E-2	-0.131
10.768	-2.738E-2	-0.135
10.801	-1.065E-2	-0.138
10.834	5.442E-3	-0.139
10.868	1.784E-2	-0.137
10.901	3.175E-2	-0.134
10.934	4.248E-2	-0.130
10.968	4.951E-2	-0.127
11.001	5.316E-2	-0.128
11.034	5.240E-2	-0.126
11.068	4.679E-2	-0.128
11.101	3.798E-2	-0.132
11.134	2.584E-2	-0.136
11.168	1.087E-2	-0.136
11.201	-3.600E-3	-0.137
11.234	-1.918E-2	-0.136
11.268	-3.319E-2	-0.135
11.301	-4.347E-2	-0.131
11.334	-4.978E-2	-0.128
11.368	-5.072E-2	-0.128
11.401	-5.141E-2	-0.129
11.434	-4.564E-2	-0.132
11.468	-3.439E-2	-0.134
11.501	-2.296E-2	-0.137
11.534	-8.794E-3	-0.138
11.568	8.188E-3	-0.138
11.601	2.240E-2	-0.136
11.635	3.480E-2	-0.133
11.668	4.426E-2	-0.131
11.701	4.994E-2	-0.130
11.735	5.196E-2	-0.128
11.768	4.998E-2	-0.129
11.801	4.394E-2	-0.132
11.835	3.401E-2	-0.135
11.868	2.126E-2	-0.138
11.901	7.159E-3	-0.138
11.935	-9.165E-3	-0.138
11.968	-2.306E-2	-0.137
12.001	-3.582E-2	-0.135
12.035	-4.527E-2	-0.132
12.068	-5.058E-2	-0.128
12.101	-5.234E-2	-0.129
12.135	-4.922E-2	-0.130
12.168	-4.174E-2	-0.132
12.201	-3.076E-2	-0.136
12.235	-1.658E-2	-0.138
12.268	-2.487E-3	-0.138
12.301	1.272E-2	-0.138
12.335	2.719E-2	-0.134
12.368	3.739E-2	-0.134
12.401	4.591E-2	-0.131
12.435	5.037E-2	-0.129
12.468	5.140E-2	-0.129
12.501	4.792E-2	-0.130
12.535	4.062E-2	-0.133
12.568	2.982E-2	-0.136
12.601	1.680E-2	-0.137
12.635	1.223E-3	-0.138
12.668	-1.399E-2	-0.139
12.701	-2.749E-2	-0.137
12.735	-3.882E-2	-0.134
12.768	-4.693E-2	-0.130
12.801	-5.154E-2	-0.130
12.835	-5.156E-2	-0.130
12.868	-4.719E-2	-0.131
12.901	-3.835E-2	-0.134
12.935	-2.697E-2	-0.134
12.968	-1.250E-2	-0.137
13.001	2.707E-3	-0.138
13.035	1.755E-2	-0.136
13.068	2.979E-2	-0.134
13.101	4.015E-2	-0.133
13.135	4.728E-2	-0.130
13.168	5.056E-2	-0.128
13.201	4.998E-2	-0.129
13.235	4.554E-2	-0.131
13.268	3.720E-2	-0.134
13.301	2.534E-2	-0.136
13.335	1.229E-2	-0.138
13.368	-3.144E-3	-0.138
13.401	-1.867E-2	-0.137
13.435	-3.172E-2	-0.134
13.468	-4.242E-2	-0.132
13.501	-4.910E-2	-0.130
13.535	-4.812E-2	-0.128
13.568	-4.812E-2	-0.130
13.601	-4.280E-2	-0.132
13.635	-3.402E-2	-0.135
13.668	-2.163E-2	-0.138
13.701	-6.666E-3	-0.139
13.735	8.272E-3	-0.138
13.768	2.137E-2	-0.136
13.801	3.355E-2	-0.133
13.835	4.272E-2	-0.130
13.868	4.908E-2	-0.129
13.901	5.109E-2	-0.128
13.935	4.911E-2	-0.129
13.968	4.350E-2	-0.132
14.001	3.313E-2	-0.133
14.035	2.094E-2	-0.135
14.068	6.869E-3	-0.137
14.101	-8.404E-3	-0.137
14.135	-2.215E-2	-0.136
14.168	-3.362E-2	-0.132
14.201	-4.293E-2	-0.130
14.235	-4.691E-2	-0.127
14.268	-4.849E-2	-0.128
14.301	-4.628E-2	-0.129
14.335	-3.996E-2	-0.131
14.368	-2.964E-2	-0.134
14.401	-1.708E-2	-0.138
14.435	-2.487E-3	-0.137
14.468	1.204E-2	-0.136
14.501	2.500E-2	-0.134
14.535	3.637E-2	-0.132
14.568	4.611E-2	-0.128
14.601	5.067E-2	-0.126
14.635	5.126E-2	-0.126
14.668	4.785E-2	-0.127
14.701	4.068E-2	-0.131
14.735	2.905E-2	-0.135
14.768	1.574E-2	-0.137
14.801	1.764E-3	-0.139
14.835	-1.274E-2	-0.138
14.868	-2.646E-2	-0.135
14.902	-3.711E-2	-0.132
14.935	-4.556E-2	-0.130
14.968	-4.849E-2	-0.129
15.002	-4.849E-2	-0.129
15.035	-4.447E-2	-0.131
15.068	-3.662E-2	-0.133
15.102	-2.553E-2	-0.136
15.135	-1.207E-2	-0.139
15.168	1.594E-3	-0.138
15.202	1.530E-2	-0.137
15.235	2.880E-2	-0.134
15.268	3.878E-2	-0.131
15.302	4.546E-2	-0.129
15.335	5.019E-2	-0.129
15.368	4.945E-2	-0.129
15.402	4.519E-2	-0.131
15.435	3.610E-2	-0.134
15.468	2.476E-2	-0.137
15.502	1.139E-2	-0.139
15.535	-3.171E-3	-0.139
15.568	-1.730E-2	-0.138
15.602	-2.987E-2	-0.135
15.635	-4.029E-2	-0.132
15.668	-4.716E-2	-0.130
15.702	-4.960E-2	-0.129
15.735	-4.814E-2	-0.130
15.768	-4.243E-2	-0.132
15.802	-3.142E-2	-0.134
15.835	-1.973E-2	-0.137
15.868	-5.438E-3	-0.139
15.902	9.013E-3	-0.137
15.935	1.908E-2	-0.136
15.968	3.158E-2	-0.133
16.002	4.065E-2	-0.131
16.035	4.871E-2	-0.128
16.068	5.157E-2	-0.129
16.102	4.877E-2	-0.129
16.135	4.273E-2	-0.132
16.168	3.332E-2	-0.135
16.202	2.126E-2	-0.137
16.235	6.897E-3	-0.138
16.268	-8.789E-3	-0.139
16.302	-2.264E-2	-0.137
16.335	-3.468E-2	-0.135
16.368	-4.338E-2	-0.131
16.402	-4.626E-2	-0.128
16.435	-4.823E-2	-0.128
16.468	-4.479E-2	-0.129
16.502	-3.903E-2	-0.132
16.535	-2.957E-2	-0.135
16.568	-1.655E-2	-0.138
16.602	-2.515E-3	-0.139
16.635	1.169E-2	-0.139
16.668	2.480E-2	-0.136
16.702	3.529E-2	-0.134
16.735	4.500E-2	-0.131
16.768	5.005E-2	-0.130
16.802	4.994E-2	-0.128
16.835	4.673E-2	-0.131
16.868	3.934E-2	-0.133
16.902	2.905E-2	-0.136
16.935	1.602E-2	-0.139
16.968	1.519E-3	-0.139
17.002	-1.246E-2	-0.137
17.035	-2.623E-2	-0.137
17.068	-3.730E-2	-0.135
17.102	-4.527E-2	-0.132
17.135	-4.899E-2	-0.131
17.168	-4.891E-2	-0.131
17.202	-4.473E-2	-0.133
17.235	-3.675E-2	-0.135
17.268	-2.592E-2	-0.137
17.302	-1.177E-2	-0.139
17.335	2.195E-3	-0.140
17.368	1.502E-2	-0.139
17.402	2.777E-2	-0.137
17.435	3.795E-2	-0.135
17.468	4.481E-2	-0.133
17.502	4.794E-2	-0.131
17.535	4.708E-2	-0.132
17.568	4.252E-2	-0.133
17.602	3.430E-2	-0.136
17.635	2.895E-2	-0.137
17.668	9.384E-3	-0.138
17.702	-3.229E-3	-0.139
17.735	-1.722E-2	-0.138
17.768	-2.934E-2	-0.134
17.802	-4.005E-2	-0.133
17.835	-4.554E-2	-0.130
17.868	-4.812E-2	-0.129
17.902	-4.636E-2	-0.130
17.935	-4.105E-2	-0.132
17.968	-3.105E-2	-0.134
18.002	-1.934E-2	-0.138
18.035	-6.197E-3	-0.139
18.068	7.318E-3	-0.139
18.102	2.076E-2	-0.137
18.135	3.228E-2	-0.136
18.168	4.009E-2	-0.133
18.202	4.648E-2	-0.131
18.235	4.794E-2	-0.130
18.269	4.619E-2	-0.131
18.302	4.078E-2	-0.133
18.335	3.127E-2	-0.134
18.369	1.907E-2	-0.137
18.402	6.042E-3	-0.139
18.435	-8.474E-3	-0.138
18.469	-2.185E-2	-0.136
18.502	-3.317E-2	-0.133
18.535	-4.225E-2	-0.132
18.569	-4.683E-2	-0.129
18.602	-4.626E-2	-0.129
18.635	-4.338E-2	-0.130
18.669	-3.734E-2	-0.133
18.702	-2.697E-2	-0.136
18.735	-1.442E-2	-0.138
18.769	-5.249E-4	-0.139
18.802	1.122E-2	-0.139
18.835	2.413E-2	-0.137
18.869	3.489E-2	-0.135
18.902	4.228E-2	-0.131
18.935	4.685E-2	-0.130
18.969	4.716E-2	-0.130
19.002	4.428E-2	-0.131
19.035	3.716E-2	-0.134
19.069	2.608E-2	-0.137
19.102	1.331E-2	-0.139
19.135	4.700E-4	-0.139
19.169	-1.401E-2	-0.138
19.202	-2.658E-2	-0.137
19.235	-3.701E-2	-0.135
19.269	-4.431E-2	-0.132
19.302	-4.589E-2	-0.130
19.335	-4.560E-2	-0.131
19.369	-4.146E-2	-0.132
19.402	-3.402E-2	-0.136
19.435	-2.276E-2	-0.138
19.469	-9.792E-3	-0.139
19.502	1.963E-3	-0.139
19.535	1.566E-2	-0.139
19.569	2.808E-2	-0.137
19.602	3.760E-2	-0.135
19.635	4.383E-2	-0.133
19.669	4.695E-2	-0.132
19.702	4.584E-2	-0.132
19.735	4.117E-2	-0.134
19.769	3.297E-2	-0.136
19.802	2.187E-2	-0.138
19.835	8.658E-3	-0.139
19.869	-3.360E-3	-0.139
19.902	-1.793E-2	-0.139
19.935	-3.001E-2	-0.137
19.969	-3.934E-2	-0.134
20.002	-4.536E-2	-0.132
20.035	-4.739E-2	-0.132
20.069	-4.572E-2	-0.132
20.102	-3.991E-2	-0.134
20.135	-3.018E-2	-0.137
20.169	-1.813E-2	-0.139
20.202	-5.084E-3	-0.140
20.235	7.882E-3	-0.139
20.269	2.079E-2	-0.138
20.302	3.190E-2	-0.136
20.335	4.002E-2	-0.134
20.369	4.537E-2	-0.132
20.402	4.682E-2	-0.131
20.435	4.457E-2	-0.132
20.469	3.887E-2	-0.134
20.502	2.979E-2	-0.136
20.535	1.788E-2	-0.138
20.569	4.773E-3	-0.139
20.602	-8.423E-3	-0.139
20.635	-2.210E-2	-0.136
20.669	-3.357E-2	-0.134
20.702	-4.125E-2	-0.131
20.735	-4.441E-2	-0.131
20.769	-4.521E-2	-0.131
20.802	-4.201E-2	-0.132
20.835	-3.550E-2	-0.135
20.869	-2.553E-2	-0.137
20.902	-1.436E-2	-0.139
20.935	-7.936E-4	-0.139
20.969	1.342E-2	-0.139
21.002	2.428E-2	-0.137
21.035	3.505E-2	-0.135
21.069	4.186E-2	-0.134
21.102	4.554E-2	-0.132
21.135	4.722E-2	-0.131
21.169	4.320E-2	-0.132
21.202	3.572E-2	-0.134
21.235	2.523E-2	-0.137
21.269	1.309E-2	-0.139
21.302	-5.885E-4	-0.139
21.335	-1.456E-2	-0.139
21.369	-2.654E-2	-0.135
21.402	-3.632E-2	-0.133
21.435	-4.144E-2	-0.131
21.469	-4.490E-2	-0.130
21.502	-4.399E-2	-0.130
21.536	-3.946E-2	-0.132
21.569	-3.169E-2	-0.135
21.602	-2.029E-2	-0.138
21.636	-7.830E-3	-0.139
21.669	4.562E-3	-0.138
21.702	1.753E-2	-0.137
21.736	2.929E-2	-0.134
21.769	3.808E-2	-0.131
21.802	4.427E-2	-0.129
21.836	4.685E-2	-0.129
21.869	4.511E-2	-0.130
21.902	4.012E-2	-0.133
21.936	3.201E-2	-0.135
21.969	2.079E-2	-0.137
22.002	8.160E-3	-0.139
22.036	-4.713E-3	-0.139
22.069	-1.825E-2	-0.137
22.102	-2.879E-2	-0.134
22.136	-3.773E-2	-0.132
22.169	-4.340E-2	-0.130
22.202	-4.546E-2	-0.130
22.236	-4.310E-2	-0.131
22.269	-3.666E-2	-0.132
22.302	-2.805E-2	-0.136
22.336	-1.647E-2	-0.138
22.369	-3.600E-3	-0.138
22.402	1.046E-2	-0.139
22.436	2.059E-2	-0.137
22.469	3.276E-2	-0.134
22.502	4.080E-2	-0.131
22.536	4.554E-2	-0.129
22.569	4.652E-2	-0.129
22.602	4.341E-2	-0.130
22.636	3.692E-2	-0.133
22.669	2.793E-2	-0.136
22.702	1.569E-2	-0.138
22.736	2.403E-3	-0.139
22.769	-1.067E-2	-0.138
22.802	-2.300E-2	-0.136
22.836	-3.358E-2	-0.134
22.869	-4.096E-2	-0.132
22.902	-4.330E-2	-0.131
22.936	-4.352E-2	-0.131
22.969	-4.010E-2	-0.133
23.002	-3.331E-2	-0.135
23.036	-2.252E-2	-0.137
23.069	-1.079E-2	-0.139
23.102	8.518E-4	-0.139
23.136	1.356E-2	-0.139
23.169	2.532E-2	-0.137
23.202	3.466E-2	-0.135
23.236	4.094E-2	-0.133
23.269	4.611E-2	-0.131
23.302	4.563E-2	-0.132
23.336	4.569E-2	-0.133
23.369	3.498E-2	-0.135
23.402	2.311E-2	-0.138
23.436	1.092E-2	-0.139
23.469	-1.003E-3	-0.138
23.502	-1.438E-2	-0.137
23.536	-2.698E-2	-0.135
23.569	-3.475E-2	-0.132
23.602	-4.107E-2	-0.132
23.636	-4.335E-2	-0.131
23.669	-4.248E-2	-0.132
23.702	-3.738E-2	-0.133
23.736	-2.957E-2	-0.136
23.769	-1.871E-2	-0.138
23.802	-6.257E-3	-0.138
23.836	6.723E-3	-0.139
23.869	1.821E-2	-0.138
23.902	2.912E-2	-0.136
23.936	3.742E-2	-0.132
23.969	4.247E-2	-0.131
24.002	4.574E-2	-0.130
24.036	4.375E-2	-0.132
24.069	3.815E-2	-0.134
24.102	3.053E-2	-0.136
24.136	1.920E-2	-0.138
24.169	6.417E-3	-0.139
24.202	-7.671E-3	-0.138
24.236	-2.029E-2	-0.137
24.269	-3.107E-2	-0.135
24.302	-3.884E-2	-0.132
24.336	-4.181E-2	-0.132
24.369	-4.268E-2	-0.131
24.402	-4.040E-2	-0.133
24.436	-3.446E-2	-0.135
24.469	-2.438E-2	-0.137
24.502	-1.300E-2	-0.139
24.536	-1.374E-3	-0.138
24.569	1.197E-2	-0.138
24.602	2.406E-2	-0.137
24.636	3.257E-2	-0.133
24.669	4.166E-2	-0.133
24.702	4.536E-2	-0.130
24.736	4.620E-2	-0.132
24.769	4.248E-2	-0.132
24.802	3.569E-2	-0.134
24.836	2.497E-2	-0.137
24.869	1.312E-2	-0.139
24.903	2.469E-3	-0.139
24.936	-1.169E-2	-0.138
24.969	-2.391E-2	-0.136
25.003	-3.412E-2	-0.135
25.036	-4.094E-2	-0.133
25.069	-4.218E-2	-0.132
25.103	-4.165E-2	-0.132
25.136	-3.806E-2	-0.133
25.169	-3.142E-2	-0.135
25.203	-2.103E-2	-0.138
25.236	-9.165E-3	-0.139
25.269	3.712E-3	-0.139
25.303	1.538E-2	-0.139
25.336	2.598E-2	-0.137
25.369	3.472E-2	-0.133
25.403	4.277E-2	-0.131
25.436	4.591E-2	-0.131
25.469	4.417E-2	-0.130
25.503	3.965E-2	-0.133
25.536	3.171E-2	-0.135
25.569	2.126E-2	-0.137
25.603	9.194E-3	-0.138
25.636	-3.896E-3	-0.138
25.669	-1.697E-2	-0.138
25.703	-2.831E-2	-0.136
25.736	-3.669E-2	-0.133
25.769	-4.144E-2	-0.132
25.803	-4.344E-2	-0.131
25.836	-4.141E-2	-0.132
25.869	-3.627E-2	-0.134
25.903	-2.806E-2	-0.136
25.936	-1.621E-2	-0.137
25.969	-3.716E-3	-0.139
26.003	9.309E-3	-0.139
26.036	1.949E-2	-0.138
26.069	2.965E-2	-0.135
26.103	3.692E-2	-0.133
26.136	4.389E-2	-0.131
26.169	4.542E-2	-0.132
26.203	4.203E-2	-0.133
26.236	3.601E-2	-0.134
26.269	2.756E-2	-0.136
26.303	1.624E-2	-0.137
26.336	3.348E-3	-0.139
26.369	-8.423E-3	-0.138
26.403	-2.088E-2	-0.136
26.436	-3.071E-2	-0.134
26.469	-3.838E-2	-0.132
26.503	-4.144E-2	-0.132
26.536	-4.122E-2	-0.132
26.569	-3.831E-2	-0.133
26.603	-3.219E-2	-0.135
26.636	-2.178E-2	-0.136
26.669	-1.035E-2	-0.139
26.703	2.117E-3	-0.139
26.736	1.218E-2	-0.139
26.769	2.359E-2	-0.137
26.803	3.266E-2	-0.134
26.836	4.055E-2	-0.133
26.869	4.369E-2	-0.130
26.903	4.409E-2	-0.132
26.936	3.964E-2	-0.133
26.969	3.251E-2	-0.135
27.003	2.274E-2	-0.137
27.036	1.081E-2	-0.139
27.069	-1.670E-3	-0.139
27.103	-1.429E-2	-0.139
27.136	-2.473E-2	-0.135
27.169	-3.438E-2	-0.134
27.203	-4.043E-2	-0.132
27.236	-4.107E-2	-0.133
27.269	-4.045E-2	-0.133
27.303	-3.612E-2	-0.134
27.336	-2.883E-2	-0.136
27.369	-1.884E-2	-0.138
27.403	-6.428E-3	-0.139
27.436	5.123E-3	-0.139
27.469	1.720E-2	-0.138
27.503	2.774E-2	-0.136
27.536	3.565E-2	-0.133
27.569	4.033E-2	-0.133
27.603	4.389E-2	-0.131
27.636	4.165E-2	-0.132
27.669	4.161E-2	-0.134
27.703	2.905E-2	-0.136
27.736	1.755E-2	-0.138
27.769	5.617E-3	-0.139
27.803	-7.052E-3	-0.139
27.836	-1.846E-2	-0.137
27.869	-2.939E-2	-0.136
27.903	-3.688E-2	-0.133
27.936	-4.033E-2	-0.133
27.969	-4.161E-2	-0.132
28.003	-3.896E-2	-0.133
28.036	-3.323E-2	-0.135
28.069	-2.400E-2	-0.137
28.103	-1.362E-2	-0.138
28.136	-2.056E-3	-0.139
28.170	1.020E-2	-0.139
28.203	2.138E-2	-0.138
28.236	3.071E-2	-0.136
28.270	3.758E-2	-0.133
28.303	4.104E-2	-0.132
28.336	4.155E-2	-0.132
28.370	3.877E-2	-0.133
28.403	3.278E-2	-0.135
28.436	2.342E-2	-0.137
28.470	1.309E-2	-0.137
28.503	6.141E-4	-0.138
28.536	-1.189E-2	-0.138
28.570	-2.326E-2	-0.136
28.603	-3.232E-2	-0.134
28.636	-3.886E-2	-0.133
28.670	-3.996E-2	-0.132
28.703	-3.959E-2	-0.132
28.736	-3.637E-2	-0.134
28.770	-2.957E-2	-0.136
28.803	-1.955E-2	-0.138
28.836	-8.469E-3	-0.139
28.870	3.123E-3	-0.139
28.903	1.508E-2	-0.139
28.936	2.649E-2	-0.137
28.970	3.409E-2	-0.133
29.003	4.012E-2	-0.131
29.036	4.275E-2	-0.130
29.070	4.173E-2	-0.130
29.103	3.723E-2	-0.132
29.136	3.016E-2	-0.136
29.170	1.958E-2	-0.138
29.203	8.254E-3	-0.139
29.236	-4.188E-3	-0.139
29.270	-1.617E-2	-0.138
29.303	-2.655E-2	-0.136
29.336	-3.122E-2	-0.135
29.370	-3.553E-2	-0.133
29.403	-3.921E-2	-0.133
29.436	-3.752E-2	-0.133
29.470	-3.350E-2	-0.135
29.503	-2.556E-2	-0.137
29.536	-1.584E-2	-0.138
29.570	-4.338E-3	-0.139
29.603	7.743E-3	-0.139
29.636	1.890E-2	-0.138
29.670	2.846E-2	-0.137
29.703	3.511E-2	-0.134
29.736	4.166E-2	-0.131
29.770	4.280E-2	-0.131
29.803	4.018E-2	-0.133
29.836	3.432E-2	-0.134
29.870	2.608E-2	-0.136
29.903	1.577E-2	-0.138
29.936	3.908E-3	-0.138
29.970	-8.052E-3	-0.139
30.003	-1.861E-2	-0.136
30.036	-2.770E-2	-0.134
30.070	-3.390E-2	-0.132
30.103	-3.773E-2	-0.132
30.136	-3.830E-2	-0.133
30.170	-3.541E-2	-0.133
30.203	-2.981E-2	-0.135
30.236	-2.141E-2	-0.136
30.270	-1.083E-2	-0.139
30.303	7.637E-4	-0.139
30.336	1.270E-2	-0.139
30.370	2.323E-2	-0.136
30.403	3.139E-2	-0.136
30.436	3.869E-2	-0.133
30.470	4.207E-2	-0.131
30.503	4.150E-2	-0.132
30.536	3.741E-2	-0.133
30.570	3.073E-2	-0.136
30.603	2.126E-2	-0.138
30.636	1.015E-2	-0.139
30.670	-2.060E-3	-0.139
30.703	-1.318E-2	-0.138
30.736	-2.482E-2	-0.137
30.770	-3.300E-2	-0.134
30.803	-3.830E-2	-0.132
30.836	-3.959E-2	-0.133
30.870	-3.819E-2	-0.133
30.903	-3.396E-2	-0.134
30.936	-2.667E-2	-0.136
30.970	-1.696E-2	-0.138
31.003	-5.916E-3	-0.139
31.036	5.923E-3	-0.139
31.070	1.743E-2	-0.138
31.103	2.707E-2	-0.135
31.136	3.467E-2	-0.133
31.170	3.985E-2	-0.131
31.203	4.155E-2	-0.131
31.236	3.955E-2	-0.131
31.270	3.423E-2	-0.133
31.303	2.672E-2	-0.136
31.336	1.679E-2	-0.138
31.370	5.429E-3	-0.139
31.403	-6.757E-3	-0.139
31.437	-1.806E-2	-0.137
31.470	-2.741E-2	-0.135
31.503	-3.516E-2	-0.133
31.537	-3.917E-2	-0.132
31.570	-3.978E-2	-0.132
31.603	-3.684E-2	-0.132
31.637	-3.115E-2	-0.134
31.670	-2.294E-2	-0.137
31.703	-1.267E-2	-0.138
31.737	-8.149E-4	-0.139
31.770	1.086E-2	-0.139
31.803	2.139E-2	-0.137
31.837	3.022E-2	-0.135
31.870	3.677E-2	-0.132
31.903	4.069E-2	-0.131
31.937	4.073E-2	-0.131
31.970	3.712E-2	-0.132
32.003	3.078E-2	-0.135
32.037	2.245E-2	-0.137
32.070	1.159E-2	-0.139
32.103	1.173E-4	-0.139
32.137	-1.149E-2	-0.139
32.170	-2.182E-2	-0.136
32.203	-3.054E-2	-0.134
32.237	-3.672E-2	-0.133
32.270	-3.943E-2	-0.132
32.303	-3.881E-2	-0.132
32.337	-3.473E-2	-0.134
32.370	-2.762E-2	-0.135
32.403	-1.840E-2	-0.138
32.437	-7.592E-3	-0.139
32.470	3.786E-3	-0.139
32.503	1.533E-2	-0.138
32.537	2.514E-2	-0.136
32.570	3.271E-2	-0.134
32.603	3.754E-2	-0.133
32.637	4.074E-2	-0.131
32.670	3.814E-2	-0.133
32.703	3.498E-2	-0.134
32.737	2.766E-2	-0.136
32.770	1.798E-2	-0.138
32.803	6.046E-3	-0.140
32.837	-5.544E-3	-0.140
32.870	-1.673E-2	-0.139
32.903	-2.668E-2	-0.137
32.937	-3.402E-2	-0.134
32.970	-3.877E-2	-0.134
33.003	-3.847E-2	-0.134
33.037	-3.620E-2	-0.134
33.070	-3.107E-2	-0.135
33.103	-2.337E-2	-0.137
33.137	-1.362E-2	-0.138
33.170	-2.486E-3	-0.139
33.203	8.902E-3	-0.139
33.237	1.937E-2	-0.137
33.270	2.793E-2	-0.135
33.303	3.428E-2	-0.134
33.337	3.981E-2	-0.133
33.370	4.064E-2	-0.133
33.403	3.867E-2	-0.134
33.437	3.181E-2	-0.136
33.470	2.339E-2	-0.137
33.503	1.272E-2	-0.138
33.537	1.609E-3	-0.139
33.570	-9.636E-3	-0.139
33.603	-2.046E-2	-0.137
33.637	-2.941E-2	-0.135
33.670	-3.585E-2	-0.134
33.703	-3.736E-2	-0.133
33.737	-3.721E-2	-0.133
33.770	-3.385E-2	-0.134
33.803	-2.784E-2	-0.136
33.837	-1.917E-2	-0.138
33.870	-7.681E-3	-0.138
33.903	3.383E-3	-0.139
33.937	1.421E-2	-0.138
33.970	2.459E-2	-0.137
34.003	3.256E-2	-0.134
34.037	3.856E-2	-0.134
34.070	4.102E-2	-0.133
34.103	4.005E-2	-0.134
34.137	3.580E-2	-0.135
34.170	2.870E-2	-0.136
34.203	1.921E-2	-0.138
34.237	8.488E-3	-0.139
34.270	-2.997E-3	-0.139
34.303	-1.364E-2	-0.138
34.337	-2.312E-2	-0.136
34.370	-3.011E-2	-0.134
34.403	-3.550E-2	-0.133
34.437	-3.695E-2	-0.134
34.470	-3.554E-2	-0.133
34.503	-3.118E-2	-0.135
34.537	-2.402E-2	-0.137
34.570	-1.447E-2	-0.138
34.603	-2.116E-3	-0.138
34.637	8.700E-3	-0.139
34.670	1.890E-2	-0.137
34.703	2.715E-2	-0.134
34.737	3.387E-2	-0.134
34.770	3.754E-2	-0.132
34.804	3.844E-2	-0.132
34.837	3.641E-2	-0.133
34.870	3.132E-2	-0.134
34.904	2.369E-2	-0.137
34.937	1.272E-2	-0.138
34.970	1.681E-3	-0.139
35.004	-9.461E-3	-0.138
35.037	-1.992E-2	-0.137
35.070	-2.875E-2	-0.136
35.104	-3.501E-2	-0.134
35.137	-3.864E-2	-0.134
35.170	-3.625E-2	-0.133
35.204	-3.348E-2	-0.134
35.237	-2.814E-2	-0.136
35.270	-2.067E-2	-0.137
35.304	-1.071E-2	-0.138
35.337	6.100E-4	-0.139
35.370	1.145E-2	-0.138
35.404	2.136E-2	-0.136
35.437	2.908E-2	-0.135
35.470	3.472E-2	-0.134
35.504	3.869E-2	-0.133
35.537	3.826E-2	-0.133
35.570	3.471E-2	-0.134
35.604	2.834E-2	-0.136
35.637	1.949E-2	-0.138
35.670	9.013E-3	-0.140
35.704	-2.041E-3	-0.140
35.737	-1.321E-2	-0.139
35.770	-2.293E-2	-0.138
35.804	-3.120E-2	-0.137
35.837	-3.624E-2	-0.135
35.870	-3.662E-2	-0.134
35.904	-3.558E-2	-0.134
35.937	-3.128E-2	-0.135
35.970	-2.440E-2	-0.137
36.004	-1.510E-2	-0.138
36.037	-4.822E-3	-0.139
36.070	6.247E-3	-0.139
36.104	1.665E-2	-0.138
36.137	2.590E-2	-0.136
36.170	3.285E-2	-0.134
36.204	3.748E-2	-0.132
36.237	3.881E-2	-0.132
36.270	3.687E-2	-0.132
36.304	3.174E-2	-0.134
36.337	2.424E-2	-0.137
36.370	1.477E-2	-0.138
36.404	4.152E-3	-0.139
36.437	-6.698E-3	-0.138
36.470	-1.702E-2	-0.137
36.504	-2.647E-2	-0.136
36.537	-3.299E-2	-0.134
36.570	-3.623E-2	-0.133
36.604	-3.687E-2	-0.133
36.637	-3.452E-2	-0.134
36.670	-2.862E-2	-0.135
36.704	-2.075E-2	-0.137
36.737	-1.061E-2	-0.139
36.770	6.654E-5	-0.139
36.804	1.083E-2	-0.139
36.837	2.069E-2	-0.138
36.870	2.863E-2	-0.135
36.904	3.404E-2	-0.134
36.937	3.803E-2	-0.132
36.970	3.700E-2	-0.133
37.004	3.496E-2	-0.135
37.037	2.927E-2	-0.136
37.070	1.977E-2	-0.137
37.104	9.820E-3	-0.139
37.137	-1.022E-3	-0.139
37.170	-1.153E-2	-0.138
37.204	-2.121E-2	-0.136
37.237	-2.950E-2	-0.135
37.270	-3.461E-2	-0.134
37.304	-3.691E-2	-0.133
37.337	-3.605E-2	-0.133
37.370	-3.210E-2	-0.134
37.404	-2.549E-2	-0.136
37.437	-1.657E-2	-0.138
37.470	-6.222E-3	-0.139
37.504	4.522E-3	-0.139
37.537	1.498E-2	-0.138
37.570	2.398E-2	-0.137
37.604	3.087E-2	-0.135
37.637	3.510E-2	-0.134
37.670	3.662E-2	-0.133
37.704	3.529E-2	-0.134
37.737	3.101E-2	-0.135
37.770	2.421E-2	-0.136
37.804	1.527E-2	-0.138
37.837	4.771E-3	-0.139
37.870	-5.846E-3	-0.139
37.904	-1.603E-2	-0.138
37.937	-2.522E-2	-0.136
37.970	-3.190E-2	-0.135
38.004	-3.591E-2	-0.134
38.037	-3.656E-2	-0.133
38.071	-3.450E-2	-0.134
38.104	-2.927E-2	-0.136
38.137	-2.124E-2	-0.137
38.171	-1.188E-2	-0.138
38.204	-1.136E-3	-0.139
38.237	9.215E-3	-0.139
38.271	1.906E-2	-0.138
38.304	2.707E-2	-0.136
38.337	3.274E-2	-0.135
38.371	3.582E-2	-0.134
38.404	3.600E-2	-0.134
38.437	3.327E-2	-0.135
38.471	2.782E-2	-0.136
38.504	2.013E-2	-0.138
38.537	1.042E-2	-0.139
38.571	-1.638E-4	-0.139
38.604	-1.061E-2	-0.139
38.637	-2.024E-2	-0.137
38.671	-2.819E-2	-0.136
38.704	-3.377E-2	-0.134
38.737	-3.615E-2	-0.134
38.771	-3.573E-2	-0.134
38.804	-3.182E-2	-0.134
38.837	-2.552E-2	-0.136
38.871	-1.681E-2	-0.138
38.904	-6.796E-3	-0.139
38.937	3.667E-3	-0.139
38.971	1.371E-2	-0.138
39.004	2.284E-2	-0.137
39.037	2.960E-2	-0.135
39.071	3.412E-2	-0.135
39.104	3.604E-2	-0.134
39.137	3.482E-2	-0.134
39.171	3.088E-2	-0.135
39.204	2.444E-2	-0.137
39.237	1.577E-2	-0.138
39.271	5.572E-3	-0.139
39.304	-4.775E-3	-0.139
39.337	-1.496E-2	-0.138
39.371	-2.382E-2	-0.136
39.404	-3.088E-2	-0.136
39.437	-3.492E-2	-0.134
39.471	-3.580E-2	-0.134
39.504	-3.414E-2	-0.135
39.537	-2.898E-2	-0.136
39.571	-2.170E-2	-0.137
39.604	-1.228E-2	-0.139
39.637	-2.171E-3	-0.139
39.671	8.521E-3	-0.139
39.704	1.807E-2	-0.138
39.737	2.605E-2	-0.136
39.771	3.162E-2	-0.135
39.804	3.494E-2	-0.134
39.837	3.533E-2	-0.134
39.871	3.292E-2	-0.135
39.904	2.791E-2	-0.136
39.937	2.058E-2	-0.138
39.971	1.105E-2	-0.139
40.004	8.918E-4	-0.139
40.037	-9.490E-3	-0.139
40.071	-1.887E-2	-0.137
40.104	-2.709E-2	-0.136
40.137	-3.259E-2	-0.134
40.171	-3.546E-2	-0.134
40.204	-3.506E-2	-0.134
40.237	-3.195E-2	-0.135
40.271	-2.568E-2	-0.136
40.304	-1.741E-2	-0.138
40.337	-7.491E-3	-0.139
40.371	2.803E-3	-0.139
40.404	1.296E-2	-0.138
40.437	2.173E-2	-0.137
40.471	2.859E-2	-0.135
40.504	3.309E-2	-0.134
40.537	3.533E-2	-0.135
40.571	3.429E-2	-0.134
40.604	3.076E-2	-0.135
40.637	2.437E-2	-0.137
40.671	1.625E-2	-0.138
40.704	6.378E-3	-0.139
40.737	-4.025E-3	-0.139
40.771	-1.384E-2	-0.138
40.804	-2.292E-2	-0.137
40.837	-2.956E-2	-0.135
40.871	-3.397E-2	-0.134
40.904	-3.545E-2	-0.134
40.937	-3.377E-2	-0.134
40.971	-2.911E-2	-0.135
41.004	-2.186E-2	-0.137
41.037	-1.299E-2	-0.138
41.071	-2.808E-3	-0.139
41.104	7.580E-3	-0.139
41.137	1.690E-2	-0.138
41.171	2.476E-2	-0.136
41.204	3.057E-2	-0.135
41.237	3.402E-2	-0.134
41.271	3.471E-2	-0.135
41.304	3.251E-2	-0.134
41.337	2.772E-2	-0.136
41.371	2.060E-2	-0.137
41.404	1.165E-2	-0.139
41.438	1.368E-3	-0.139
41.471	-8.701E-3	-0.139
41.504	-1.803E-2	-0.138
41.538	-2.594E-2	-0.136
41.571	-3.170E-2	-0.135
41.604	-3.450E-2	-0.134
41.638	-3.448E-2	-0.134
41.671	-3.136E-2	-0.135
41.704	-2.572E-2	-0.136
41.738	-1.768E-2	-0.138
41.771	-8.078E-3	-0.138
41.804	1.827E-3	-0.139
41.838	1.159E-2	-0.139
41.871	2.052E-2	-0.137
41.904	2.747E-2	-0.136
41.938	3.221E-2	-0.134
41.971	3.432E-2	-0.134
42.004	3.365E-2	-0.134
42.038	3.026E-2	-0.135
42.071	2.457E-2	-0.136
42.104	1.638E-2	-0.138
42.138	6.977E-3	-0.139
42.171	-3.155E-3	-0.139
42.204	-1.315E-2	-0.139
42.238	-2.170E-2	-0.137
42.271	-2.877E-2	-0.136
42.304	-3.303E-2	-0.134
42.338	-3.450E-2	-0.134
42.371	-3.318E-2	-0.135
42.404	-2.882E-2	-0.135
42.438	-2.206E-2	-0.137
42.471	-1.309E-2	-0.138
42.504	-3.328E-3	-0.139
42.538	6.500E-3	-0.139
42.571	1.605E-2	-0.138
42.604	2.397E-2	-0.136
42.638	2.971E-2	-0.135
42.671	3.319E-2	-0.134
42.704	3.395E-2	-0.134
42.738	3.197E-2	-0.135
42.771	2.767E-2	-0.136
42.804	2.086E-2	-0.137
42.838	1.205E-2	-0.139
42.871	2.227E-3	-0.139
42.904	-7.750E-3	-0.139
42.938	-1.688E-2	-0.138
42.971	-2.484E-2	-0.136
43.004	-3.054E-2	-0.135
43.038	-3.396E-2	-0.135
43.071	-3.400E-2	-0.135
43.104	-3.131E-2	-0.135
43.138	-2.566E-2	-0.136
43.171	-1.790E-2	-0.138
43.204	-8.841E-3	-0.139
43.238	9.158E-4	-0.139
43.271	1.086E-2	-0.139
43.304	1.937E-2	-0.138
43.338	2.646E-2	-0.136
43.371	3.129E-2	-0.135
43.404	3.360E-2	-0.134
43.438	3.308E-2	-0.134
43.471	2.993E-2	-0.136
43.504	2.429E-2	-0.137
43.538	1.667E-2	-0.138
43.571	7.296E-3	-0.139
43.604	-2.553E-3	-0.139
43.638	-1.221E-2	-0.139
43.671	-2.073E-2	-0.137
43.704	-2.753E-2	-0.136
43.738	-3.208E-2	-0.135
43.771	-3.378E-2	-0.134
43.804	-3.259E-2	-0.134
43.838	-2.836E-2	-0.136
43.871	-2.211E-2	-0.137
43.904	-1.375E-2	-0.138
43.938	-4.240E-3	-0.139
43.971	5.461E-3	-0.139
44.004	1.486E-2	-0.138
44.038	2.277E-2	-0.137
44.071	2.875E-2	-0.135
44.104	3.241E-2	-0.134
44.138	3.336E-2	-0.134
44.171	3.161E-2	-0.135
44.204	2.747E-2	-0.136
44.238	2.087E-2	-0.137
44.271	1.239E-2	-0.138
44.304	2.615E-3	-0.139
44.338	-6.839E-3	-0.139
44.371	-1.613E-2	-0.138
44.404	-2.383E-2	-0.136
44.438	-2.980E-2	-0.135
44.471	-3.288E-2	-0.134
44.504	-3.317E-2	-0.134
44.538	-3.078E-2	-0.135
44.571	-2.537E-2	-0.136
44.604	-1.821E-2	-0.138
44.638	-9.061E-3	-0.139
44.671	2.131E-4	-0.139
44.705	1.006E-2	-0.139
44.738	1.862E-2	-0.138
44.771	2.573E-2	-0.136
44.805	3.057E-2	-0.135
44.838	3.295E-2	-0.134
44.871	3.255E-2	-0.135
44.905	2.959E-2	-0.135
44.938	2.440E-2	-0.137
44.971	1.692E-2	-0.138
45.005	7.833E-3	-0.139
45.038	-1.902E-3	-0.139
45.071	-1.119E-2	-0.139
45.105	-1.996E-2	-0.137
45.138	-2.668E-2	-0.136
45.171	-3.116E-2	-0.135
45.205	-3.280E-2	-0.134
45.238	-3.177E-2	-0.134
45.271	-2.830E-2	-0.136
45.305	-2.185E-2	-0.137
45.338	-1.362E-2	-0.138
45.371	-4.561E-3	-0.139
45.405	4.852E-3	-0.139
45.438	1.402E-2	-0.138
45.471	2.179E-2	-0.137
45.505	2.792E-2	-0.136
45.538	3.169E-2	-0.134
45.571	3.273E-2	-0.134
45.605	3.111E-2	-0.135
45.638	2.713E-2	-0.136
45.671	2.089E-2	-0.138
45.705	1.253E-2	-0.138
45.738	3.156E-3	-0.139
45.771	-6.461E-3	-0.139
45.805	-1.543E-2	-0.138
45.838	-2.310E-2	-0.137
45.871	-2.912E-2	-0.136
45.905	-3.225E-2	-0.135
45.938	-3.249E-2	-0.135
45.971	-3.022E-2	-0.135
46.005	-2.539E-2	-0.136
46.038	-1.805E-2	-0.138
46.071	-9.223E-3	-0.139
46.105	-1.065E-4	-0.139
46.138	9.030E-3	-0.139
46.171	1.776E-2	-0.138
46.205	2.486E-2	-0.137
46.238	2.967E-2	-0.135
46.271	3.224E-2	-0.135
46.305	3.195E-2	-0.135
46.338	2.920E-2	-0.136
46.371	2.405E-2	-0.137
46.405	1.694E-2	-0.138
46.438	7.858E-3	-0.139
46.471	-1.470E-3	-0.139
46.505	-1.063E-2	-0.139
46.538	-1.887E-2	-0.137
46.571	-2.594E-2	-0.136
46.605	-3.049E-2	-0.135
46.638	-3.216E-2	-0.135
46.671	-3.160E-2	-0.135
46.705	-2.797E-2	-0.136
46.738	-2.173E-2	-0.137
46.771	-1.399E-2	-0.138
46.805	-4.937E-3	-0.139
46.838	4.390E-3	-0.139
46.871	1.352E-2	-0.138
46.905	2.121E-2	-0.137
46.938	2.719E-2	-0.136
46.971	3.086E-2	-0.135
47.005	3.202E-2	-0.135
47.038	3.060E-2	-0.135
47.071	2.684E-2	-0.136
47.105	2.065E-2	-0.137
47.138	1.267E-2	-0.139
47.171	3.528E-3	-0.139
47.205	-5.726E-3	-0.139
47.238	-1.455E-2	-0.138
47.271	-2.224E-2	-0.137
47.305	-2.819E-2	-0.136
47.338	-3.104E-2	-0.134
47.371	-3.164E-2	-0.134
47.405	-2.938E-2	-0.135
47.438	-2.487E-2	-0.136
47.471	-1.804E-2	-0.138
47.505	-9.470E-3	-0.139
47.538	-1.602E-4	-0.139
47.571	8.738E-3	-0.139
47.605	1.726E-2	-0.138
47.638	2.409E-2	-0.136
47.671	2.891E-2	-0.135
47.705	3.144E-2	-0.135
47.738	3.135E-2	-0.135
47.771	2.882E-2	-0.135
47.805	2.378E-2	-0.136
47.838	1.687E-2	-0.138
47.871	8.168E-3	-0.139
47.905	-1.179E-3	-0.139
47.938	-9.996E-3	-0.138
47.971	-1.852E-2	-0.138
48.005	-2.516E-2	-0.136
48.038	-2.967E-2	-0.135
48.072	-3.141E-2	-0.135
48.105	-3.078E-2	-0.135
48.138	-2.738E-2	-0.135
48.172	-2.175E-2	-0.137
48.205	-1.398E-2	-0.138
48.238	-5.272E-3	-0.139
48.272	3.883E-3	-0.139
48.305	1.273E-2	-0.138
48.338	2.060E-2	-0.137
48.372	2.623E-2	-0.136
48.405	3.001E-2	-0.136
48.438	3.140E-2	-0.135
48.472	2.999E-2	-0.135
48.505	2.628E-2	-0.136
48.538	2.057E-2	-0.137
48.572	1.267E-2	-0.139
48.605	3.864E-3	-0.139
48.638	-5.285E-3	-0.139
48.672	-1.402E-2	-0.138
48.705	-2.167E-2	-0.137
48.738	-2.736E-2	-0.136
48.772	-3.078E-2	-0.135
48.805	-3.111E-2	-0.135
48.838	-2.936E-2	-0.136
48.872	-2.457E-2	-0.136
48.905	-1.803E-2	-0.137
48.938	-9.708E-3	-0.139
48.972	-4.457E-4	-0.139
49.005	8.122E-3	-0.139
49.038	1.659E-2	-0.138
49.072	2.350E-2	-0.136
49.105	2.824E-2	-0.136
49.138	3.069E-2	-0.135
49.172	3.072E-2	-0.135
49.205	2.831E-2	-0.136
49.238	2.375E-2	-0.136
49.272	1.689E-2	-0.138
49.305	8.400E-3	-0.139
49.338	-6.261E-4	-0.139
49.372	-9.720E-3	-0.138
49.405	-1.790E-2	-0.138
49.438	-2.454E-2	-0.137
49.472	-2.905E-2	-0.136
49.505	-3.078E-2	-0.135
49.538	-3.020E-2	-0.135
49.572	-2.710E-2	-0.136
49.605	-2.139E-2	-0.137
49.638	-1.406E-2	-0.138
49.672	-5.208E-3	-0.139
49.705	3.583E-3	-0.139
49.738	1.233E-2	-0.139
49.772	1.979E-2	-0.137
49.805	2.570E-2	-0.136
49.838	2.940E-2	-0.135
49.872	3.082E-2	-0.135
49.905	2.970E-2	-0.135
49.938	2.603E-2	-0.136
49.972	2.029E-2	-0.137
50.005	1.268E-2	-0.138
50.038	4.096E-3	-0.139
50.072	-4.705E-3	-0.139
50.105	-1.320E-2	-0.138
50.138	-2.108E-2	-0.137
50.172	-2.652E-2	-0.136
50.205	-2.966E-2	-0.135
50.238	-3.046E-2	-0.135
50.272	-2.853E-2	-0.135
50.305	-2.399E-2	-0.136
50.338	-1.747E-2	-0.137
50.372	-9.500E-3	-0.139
50.405	-7.016E-4	-0.139
50.438	7.821E-3	-0.139
50.472	1.611E-2	-0.138
50.505	2.290E-2	-0.136
50.538	2.745E-2	-0.136
50.572	3.002E-2	-0.135
50.605	3.006E-2	-0.135
50.638	2.796E-2	-0.135
50.672	2.316E-2	-0.137
50.705	1.660E-2	-0.138
50.738	8.442E-3	-0.139
50.772	-5.708E-5	-0.139
50.805	-9.138E-3	-0.139
50.838	-1.713E-2	-0.137
50.872	-2.339E-2	-0.136
50.905	-2.821E-2	-0.136
50.938	-3.003E-2	-0.135
50.972	-2.940E-2	-0.135
51.005	-2.643E-2	-0.136
51.038	-2.082E-2	-0.137
51.072	-1.378E-2	-0.138
51.105	-5.213E-3	-0.139
51.138	3.424E-3	-0.139
51.172	1.191E-2	-0.138
51.205	1.926E-2	-0.138
51.238	2.508E-2	-0.137
51.272	2.880E-2	-0.135
51.305	3.013E-2	-0.135
51.339	2.899E-2	-0.136
51.372	2.556E-2	-0.136
51.405	2.000E-2	-0.137
51.439	1.265E-2	-0.139
51.472	4.365E-3	-0.139
51.505	-4.420E-3	-0.139
51.539	-1.313E-2	-0.138
51.572	-2.053E-2	-0.138
51.605	-2.598E-2	-0.136
51.639	-2.910E-2	-0.135
51.672	-2.992E-2	-0.135
51.705	-2.797E-2	-0.136
51.739	-2.380E-2	-0.137
51.772	-1.768E-2	-0.137
51.805	-9.765E-3	-0.139
51.839	-1.077E-3	-0.139
51.872	7.536E-3	-0.139
51.905	1.554E-2	-0.138
51.939	2.228E-2	-0.136
51.972	2.692E-2	-0.136
52.005	2.941E-2	-0.135
52.039	2.946E-2	-0.135
52.072	2.720E-2	-0.136
52.105	2.265E-2	-0.137
52.139	1.641E-2	-0.138
52.172	8.423E-3	-0.139
52.205	-5.311E-5	-0.139
52.239	-8.691E-3	-0.138
52.272	-1.634E-2	-0.137
52.305	-2.311E-2	-0.136
52.339	-2.755E-2	-0.136
52.372	-2.934E-2	-0.135
52.405	-2.899E-2	-0.135
52.439	-2.593E-2	-0.136
52.472	-2.062E-2	-0.137
52.505	-1.352E-2	-0.138
52.539	-5.212E-3	-0.139
52.572	3.293E-3	-0.139
52.605	1.177E-2	-0.138
52.639	1.893E-2	-0.137
52.672	2.463E-2	-0.136
52.705	2.819E-2	-0.135
52.739	2.957E-2	-0.135
52.772	2.850E-2	-0.136
52.805	2.507E-2	-0.136
52.839	1.968E-2	-0.137
52.872	1.253E-2	-0.138
52.905	4.487E-3	-0.139
52.939	-4.473E-3	-0.139
52.972	-1.258E-2	-0.138
53.005	-1.983E-2	-0.137
53.039	-2.526E-2	-0.136
53.072	-2.855E-2	-0.136
53.105	-2.911E-2	-0.135
53.139	-2.753E-2	-0.136
53.172	-2.314E-2	-0.136
53.205	-1.693E-2	-0.138
53.239	-9.505E-3	-0.138
53.272	-1.052E-3	-0.139
53.305	7.468E-3	-0.139
53.339	1.539E-2	-0.138
53.372	2.172E-2	-0.137
53.405	2.621E-2	-0.136
53.439	2.870E-2	-0.136
53.472	2.887E-2	-0.136
53.505	2.662E-2	-0.136
53.539	2.230E-2	-0.137
53.572	1.601E-2	-0.138
53.605	8.260E-3	-0.139
53.639	-1.521E-4	-0.139
53.672	-8.490E-3	-0.139
53.705	-1.619E-2	-0.138
53.739	-2.253E-2	-0.137
53.772	-2.707E-2	-0.136
53.805	-2.877E-2	-0.135
53.839	-2.838E-2	-0.136
53.872	-2.543E-2	-0.136
53.905	-2.030E-2	-0.137
53.939	-1.321E-2	-0.138
53.972	-5.235E-3	-0.139
54.005	3.201E-3	-0.139
54.039	1.129E-2	-0.139
54.072	1.842E-2	-0.138
54.105	2.388E-2	-0.136
54.139	2.748E-2	-0.136
54.172	2.873E-2	-0.135
54.205	2.773E-2	-0.136
54.239	2.441E-2	-0.136
54.272	1.917E-2	-0.138
54.305	1.232E-2	-0.138
54.339	3.868E-3	-0.139
54.372	-4.606E-3	-0.139
54.405	-1.257E-2	-0.138
54.439	-1.944E-2	-0.137
54.472	-2.478E-2	-0.136
54.505	-2.794E-2	-0.136
54.539	-2.854E-2	-0.136
54.572	-2.679E-2	-0.136
54.606	-2.282E-2	-0.137
54.639	-1.687E-2	-0.138
54.672	-9.391E-3	-0.139
54.706	-9.404E-4	-0.139
54.739	7.057E-3	-0.139
54.772	1.488E-2	-0.138
54.806	2.124E-2	-0.137
54.839	2.575E-2	-0.136
54.872	2.806E-2	-0.136
54.906	2.826E-2	-0.135
54.939	2.605E-2	-0.136
54.972	2.175E-2	-0.137
55.006	1.552E-2	-0.138
55.039	8.172E-3	-0.139
55.072	-9.352E-5	-0.139
55.106	-8.376E-3	-0.139
55.139	-1.600E-2	-0.138
55.172	-2.228E-2	-0.137
55.206	-2.628E-2	-0.136
55.239	-2.827E-2	-0.135
55.272	-2.765E-2	-0.136
55.306	-2.456E-2	-0.136
55.339	-1.971E-2	-0.137
55.372	-1.289E-2	-0.138
55.406	-4.963E-3	-0.139
55.439	3.243E-3	-0.139
55.472	1.127E-2	-0.138
55.506	1.810E-2	-0.137
55.539	2.350E-2	-0.136
55.572	2.684E-2	-0.136
55.606	2.825E-2	-0.135
55.639	2.719E-2	-0.136
55.672	2.400E-2	-0.136
55.706	1.865E-2	-0.137
55.739	1.182E-2	-0.139
55.772	4.108E-3	-0.139
55.806	-4.104E-3	-0.139
55.839	-1.228E-2	-0.138
55.872	-1.909E-2	-0.138
55.906	-2.427E-2	-0.136
55.939	-2.736E-2	-0.136
55.972	-2.797E-2	-0.136
56.006	-2.624E-2	-0.136
56.039	-2.225E-2	-0.137
56.072	-1.628E-2	-0.138
56.106	-8.901E-3	-0.138
56.139	-7.117E-4	-0.139
56.172	7.043E-3	-0.139
56.206	1.470E-2	-0.138
56.239	2.068E-2	-0.137
56.272	2.516E-2	-0.136
56.306	2.748E-2	-0.136
56.339	2.755E-2	-0.136
56.372	2.541E-2	-0.136
56.406	2.121E-2	-0.137
56.439	1.498E-2	-0.138
56.472	7.892E-3	-0.139
56.506	-5.058E-5	-0.139
56.539	-8.063E-3	-0.138
56.572	-1.570E-2	-0.138
56.606	-2.166E-2	-0.137
56.639	-2.594E-2	-0.136
56.672	-2.760E-2	-0.136
56.706	-2.710E-2	-0.136
56.739	-2.425E-2	-0.136
56.772	-1.940E-2	-0.137
56.806	-1.259E-2	-0.138
56.839	-4.899E-3	-0.139
56.872	3.501E-3	-0.139
56.906	1.094E-2	-0.138
56.939	1.783E-2	-0.137
56.972	2.293E-2	-0.137
57.006	2.632E-2	-0.136
57.039	2.748E-2	-0.136
57.072	2.635E-2	-0.136
57.106	2.323E-2	-0.137
57.139	1.803E-2	-0.138
57.172	1.129E-2	-0.138
57.206	3.541E-3	-0.139
57.239	-4.406E-3	-0.139
57.272	-1.201E-2	-0.138
57.306	-1.884E-2	-0.137
57.339	-2.372E-2	-0.136
57.372	-2.655E-2	-0.136
57.406	-2.721E-2	-0.136
57.439	-2.569E-2	-0.136
57.472	-2.142E-2	-0.137
57.506	-1.573E-2	-0.138
57.539	-8.629E-3	-0.139
57.572	-6.366E-4	-0.139
57.606	7.238E-3	-0.139
57.639	1.447E-2	-0.138
57.672	2.039E-2	-0.137
57.706	2.476E-2	-0.136
57.739	2.688E-2	-0.136
57.772	2.686E-2	-0.136
57.806	2.487E-2	-0.136
57.839	2.066E-2	-0.137
57.872	1.490E-2	-0.138
57.906	7.569E-3	-0.139
57.939	-1.220E-4	-0.139
57.973	-8.303E-3	-0.138
58.006	-1.545E-2	-0.138
58.039	-2.138E-2	-0.137
58.073	-2.537E-2	-0.136
58.106	-2.692E-2	-0.136
58.139	-2.651E-2	-0.136
58.173	-2.350E-2	-0.136
58.206	-1.855E-2	-0.137
58.239	-1.230E-2	-0.138
58.273	-4.518E-3	-0.139
58.306	3.435E-3	-0.139
58.339	1.099E-2	-0.138
58.373	1.751E-2	-0.138
58.406	2.259E-2	-0.137
58.439	2.580E-2	-0.136
58.473	2.688E-2	-0.136
58.506	2.574E-2	-0.136
58.539	2.256E-2	-0.137
58.573	1.773E-2	-0.137
58.606	1.113E-2	-0.139
58.639	3.597E-3	-0.139
58.673	-4.342E-3	-0.139
58.706	-1.178E-2	-0.138
58.739	-1.854E-2	-0.138
58.773	-2.341E-2	-0.137
58.806	-2.620E-2	-0.136
58.839	-2.677E-2	-0.136
58.873	-2.497E-2	-0.136
58.906	-2.110E-2	-0.137
58.939	-1.514E-2	-0.138
58.973	-8.120E-3	-0.138
59.006	-4.028E-4	-0.139
59.039	7.307E-3	-0.139
59.073	1.434E-2	-0.138
59.106	2.010E-2	-0.137
59.139	2.425E-2	-0.137
59.173	2.631E-2	-0.136
59.206	2.626E-2	-0.136
59.239	2.405E-2	-0.137
59.273	2.002E-2	-0.138
59.306	1.416E-2	-0.138
59.339	6.997E-3	-0.138
59.373	-5.383E-4	-0.139
59.406	-8.091E-3	-0.138
59.439	-1.515E-2	-0.138
59.473	-2.110E-2	-0.137
59.506	-2.485E-2	-0.136
59.539	-2.635E-2	-0.136
59.573	-2.584E-2	-0.136
59.606	-2.307E-2	-0.137
59.639	-1.801E-2	-0.137
59.673	-1.146E-2	-0.138
59.706	-4.084E-3	-0.139
59.739	3.630E-3	-0.139
59.773	1.102E-2	-0.138
59.806	1.751E-2	-0.137
59.839	2.227E-2	-0.137
59.873	2.528E-2	-0.136
59.906	2.627E-2	-0.137
59.939	2.510E-2	-0.136
59.973	2.205E-2	-0.137
60.006	1.699E-2	-0.138
60.039	1.058E-2	-0.138
60.073	3.229E-3	-0.139
60.106	-4.492E-3	-0.139
60.139	-1.153E-2	-0.138
60.173	-1.824E-2	-0.137
60.206	-2.286E-2	-0.136
60.239	-2.562E-2	-0.136
60.273	-2.610E-2	-0.136
60.306	-2.441E-2	-0.137
60.339	-2.044E-2	-0.137
60.373	-1.480E-2	-0.138
60.406	-7.601E-3	-0.139
60.439	-1.487E-4	-0.138
60.473	7.328E-3	-0.139
60.506	1.421E-2	-0.138
60.539	1.992E-2	-0.137
60.573	2.387E-2	-0.136
60.606	2.577E-2	-0.136
60.639	2.568E-2	-0.136
60.673	2.349E-2	-0.137
60.706	1.950E-2	-0.137
60.739	1.358E-2	-0.138
60.773	6.667E-3	-0.139
60.806	-7.108E-4	-0.139
60.839	-8.343E-3	-0.139
60.873	-1.492E-2	-0.137
60.906	-2.056E-2	-0.137
60.939	-2.426E-2	-0.136
60.973	-2.568E-2	-0.136
61.006	-2.508E-2	-0.136
61.039	-2.223E-2	-0.137
61.073	-1.719E-2	-0.137
61.106	-1.091E-2	-0.138
61.139	-3.525E-3	-0.139
61.173	3.862E-3	-0.138
61.206	1.100E-2	-0.138
61.240	1.724E-2	-0.138
61.273	2.198E-2	-0.137
61.306	2.489E-2	-0.136
61.340	2.572E-2	-0.136
61.373	2.451E-2	-0.136
61.406	2.122E-2	-0.137
61.440	1.631E-2	-0.138
61.473	1.012E-2	-0.138
61.506	2.751E-3	-0.139
61.540	-4.672E-3	-0.138
61.573	-1.175E-2	-0.138
61.606	-1.803E-2	-0.137
61.640	-2.256E-2	-0.136
61.673	-2.506E-2	-0.136
61.706	-2.542E-2	-0.136
61.740	-2.366E-2	-0.137
61.773	-1.967E-2	-0.137
61.806	-1.378E-2	-0.138
61.840	-7.192E-3	-0.139
61.873	2.174E-4	-0.139
61.906	7.583E-3	-0.139
61.940	1.421E-2	-0.138
61.973	1.976E-2	-0.137
62.006	2.345E-2	-0.137
62.040	2.516E-2	-0.136
62.073	2.502E-2	-0.137
62.106	2.276E-2	-0.137
62.140	1.866E-2	-0.138
62.173	1.292E-2	-0.138
62.206	6.142E-3	-0.139
62.240	-1.235E-3	-0.139
62.273	-8.618E-3	-0.139
62.306	-1.518E-2	-0.138
62.340	-2.054E-2	-0.137
62.373	-2.394E-2	-0.137
62.406	-2.533E-2	-0.137
62.440	-2.455E-2	-0.137
62.473	-2.142E-2	-0.137
62.506	-1.659E-2	-0.138
62.540	-1.034E-2	-0.138
62.573	-3.211E-3	-0.139
62.606	4.144E-3	-0.139
62.640	1.121E-2	-0.138
62.673	1.715E-2	-0.138
62.706	2.155E-2	-0.137
62.740	2.429E-2	-0.137
62.773	2.513E-2	-0.136
62.806	2.377E-2	-0.136
62.840	2.060E-2	-0.137
62.873	1.578E-2	-0.138
62.906	9.543E-3	-0.138
62.940	2.255E-3	-0.139
62.973	-4.952E-3	-0.138
63.006	-1.202E-2	-0.138
63.040	-1.802E-2	-0.138
63.073	-2.228E-2	-0.137
63.106	-2.450E-2	-0.136
63.140	-2.481E-2	-0.136
63.173	-2.286E-2	-0.137
63.206	-1.888E-2	-0.137
63.240	-1.318E-2	-0.138
63.273	-6.615E-3	-0.139
63.306	7.335E-4	-0.139
63.340	7.818E-3	-0.139
63.373	1.431E-2	-0.138
63.406	1.948E-2	-0.137
63.440	2.292E-2	-0.137
63.473	2.464E-2	-0.136
63.506	2.432E-2	-0.136
63.540	2.202E-2	-0.137
63.573	1.801E-2	-0.138
63.606	1.242E-2	-0.138
63.640	5.594E-3	-0.139
63.673	-1.529E-3	-0.139
63.706	-8.658E-3	-0.138
63.740	-1.511E-2	-0.138
63.773	-2.023E-2	-0.137
63.806	-2.340E-2	-0.136
63.840	-2.452E-2	-0.136
63.873	-2.368E-2	-0.136
63.906	-2.080E-2	-0.137
63.940	-1.602E-2	-0.138
63.973	-9.791E-3	-0.138
64.006	-2.667E-3	-0.138
64.040	4.423E-3	-0.138
64.073	1.123E-2	-0.138
64.106	1.691E-2	-0.138
64.140	2.116E-2	-0.137
64.173	2.379E-2	-0.136
64.206	2.445E-2	-0.137
64.240	2.314E-2	-0.137
64.273	1.976E-2	-0.138
64.306	1.490E-2	-0.138
64.340	8.926E-3	-0.139
64.373	1.868E-3	-0.139
64.406	-5.335E-3	-0.139
64.440	-1.204E-2	-0.138
64.473	-1.795E-2	-0.138
64.506	-2.196E-2	-0.137
64.540	-2.395E-2	-0.136
64.573	-2.410E-2	-0.136
64.607	-2.221E-2	-0.137
64.640	-1.829E-2	-0.138
64.673	-1.260E-2	-0.138
64.707	-6.022E-3	-0.139
64.740	1.069E-3	-0.139
64.773	8.176E-3	-0.138
64.807	1.425E-2	-0.138
64.840	1.918E-2	-0.138
64.873	2.261E-2	-0.137
64.907	2.407E-2	-0.137
64.940	2.365E-2	-0.137
64.973	2.136E-2	-0.137
65.007	1.701E-2	-0.138
65.040	1.151E-2	-0.138
65.073	5.112E-3	-0.139
65.107	-2.052E-3	-0.139
65.140	-9.019E-3	-0.139
65.173	-1.528E-2	-0.138
65.207	-1.990E-2	-0.137
65.240	-2.308E-2	-0.137
65.273	-2.391E-2	-0.136
65.307	-2.305E-2	-0.137
65.340	-1.995E-2	-0.137
65.373	-1.515E-2	-0.138
65.407	-9.185E-3	-0.139
65.440	-2.249E-3	-0.139
65.473	4.730E-3	-0.139
65.507	1.128E-2	-0.138
65.540	1.680E-2	-0.138
65.573	2.110E-2	-0.137
65.607	2.369E-2	-0.137
65.640	2.395E-2	-0.137
65.673	2.231E-2	-0.137
65.707	1.908E-2	-0.138
65.740	1.456E-2	-0.138
65.773	8.256E-3	-0.139
65.807	1.294E-3	-0.139
65.840	-5.707E-3	-0.138
65.873	-1.190E-2	-0.138
65.907	-1.732E-2	-0.137
65.940	-2.168E-2	-0.137
65.973	-2.357E-2	-0.137
66.007	-2.337E-2	-0.137
66.040	-2.143E-2	-0.137
66.073	-1.774E-2	-0.138
66.107	-1.193E-2	-0.138
66.140	-5.344E-3	-0.139
66.173	1.685E-3	-0.138
