	mass A		
t	x	y	
0.100	-0.120	-7.452E-2
0.133	-0.120	-7.429E-2
0.167	-0.121	-7.514E-2
0.200	-0.118	-7.848E-2
0.233	-0.115	-8.647E-2
0.267	-9.940E-2	-0.103
0.300	-7.928E-2	-0.121
0.333	-4.879E-2	-0.135
0.367	-1.187E-2	-0.144
0.400	2.548E-2	-0.143
0.433	6.040E-2	-0.131
0.467	8.703E-2	-0.115
0.500	0.102	-9.819E-2
0.533	0.114	-8.221E-2
0.567	0.120	-7.777E-2
0.600	0.116	-7.985E-2
0.633	0.108	-9.099E-2
0.667	9.354E-2	-0.110
0.700	7.182E-2	-0.132
0.733	3.554E-2	-0.142
0.767	-4.115E-3	-0.144
0.800	-4.022E-2	-0.138
0.833	-7.277E-2	-0.123
0.867	-9.289E-2	-0.108
0.900	-0.109	-9.242E-2
0.933	-0.116	-8.264E-2
0.967	-0.112	-7.804E-2
1.000	-0.101	-8.021E-2
1.033	-9.074E-2	-9.423E-2
1.067	-7.834E-2	-0.119
1.100	-5.146E-2	-0.134
1.133	-1.773E-2	-0.143
1.167	2.311E-2	-0.144
1.200	5.507E-2	-0.134
1.233	8.348E-2	-0.119
1.267	0.102	-0.101
1.300	0.110	-8.340E-2
1.333	0.116	-8.044E-2
1.367	0.114	-8.262E-2
1.400	0.107	-9.168E-2
1.433	9.236E-2	-0.108
1.467	7.084E-2	-0.125
1.500	3.862E-2	-0.139
1.533	6.196E-4	-0.145
1.567	-3.785E-2	-0.141
1.600	-6.981E-2	-0.127
1.634	-9.053E-2	-0.108
1.667	-0.104	-9.405E-2
1.700	-0.112	-8.221E-2
1.734	-0.111	-8.162E-2
1.767	-0.107	-8.813E-2
1.800	-9.763E-2	-9.938E-2
1.834	-8.046E-2	-0.117
1.867	-5.206E-2	-0.133
1.900	-1.477E-2	-0.143
1.934	2.133E-2	-0.143
1.967	5.448E-2	-0.134
2.000	8.230E-2	-0.118
2.034	9.946E-2	-0.104
2.067	0.111	-8.991E-2
2.100	0.114	-8.162E-2
2.134	0.114	-8.399E-2
2.167	0.106	-9.287E-2
2.200	9.117E-2	-0.111
2.234	6.750E-2	-0.129
2.267	3.554E-2	-0.141
2.300	2.774E-5	-0.144
2.334	-3.608E-2	-0.138
2.367	-6.744E-2	-0.125
2.400	-9.053E-2	-0.109
2.434	-0.104	-9.523E-2
2.467	-0.112	-8.340E-2
2.500	-0.113	-8.280E-2
2.534	-0.108	-9.050E-2
2.567	-9.763E-2	-0.102
2.600	-7.751E-2	-0.120
2.634	-4.910E-2	-0.133
2.667	-1.299E-2	-0.144
2.700	2.252E-2	-0.143
2.734	5.389E-2	-0.133
2.767	8.289E-2	-0.119
2.800	0.100	-0.102
2.834	0.110	-9.109E-2
2.867	0.112	-8.458E-2
2.900	0.111	-8.725E-2
2.934	0.105	-9.760E-2
2.967	8.762E-2	-0.112
3.000	6.454E-2	-0.129
3.034	3.258E-2	-0.141
3.067	-1.748E-3	-0.144
3.100	-3.785E-2	-0.138
3.134	-6.685E-2	-0.125
3.167	-9.053E-2	-0.107
3.200	-0.102	-9.405E-2
3.234	-0.108	-8.636E-2
3.267	-0.109	-8.517E-2
3.300	-0.103	-9.287E-2
3.334	-9.349E-2	-0.105
3.367	-7.514E-2	-0.122
3.400	-4.436E-2	-0.137
3.434	-1.240E-2	-0.143
3.467	2.489E-2	-0.142
3.500	5.744E-2	-0.128
3.534	8.170E-2	-0.115
3.567	9.650E-2	-0.103
3.600	0.108	-9.109E-2
3.634	0.112	-8.636E-2
3.667	0.110	-8.958E-2
3.700	0.101	-9.878E-2
3.734	8.466E-2	-0.116
3.767	5.980E-2	-0.131
3.800	3.140E-2	-0.142
3.834	-7.074E-3	-0.145
3.867	-4.081E-2	-0.138
3.900	-6.981E-2	-0.125
3.934	-8.993E-2	-0.109
3.967	-0.102	-9.701E-2
4.000	-0.108	-8.754E-2
4.034	-0.109	-8.754E-2
4.067	-0.104	-9.642E-2
4.100	-9.053E-2	-0.109
4.134	-7.099E-2	-0.127
4.167	-4.081E-2	-0.139
4.200	-6.483E-3	-0.144
4.234	2.666E-2	-0.142
4.267	5.862E-2	-0.133
4.300	8.289E-2	-0.116
4.334	0.101	-0.101
4.367	0.109	-9.227E-2
4.400	0.111	-8.931E-2
4.434	0.107	-9.339E-2
4.467	0.108	-9.168E-2
4.500	8.052E-2	-0.118
4.534	5.566E-2	-0.134
4.567	2.429E-2	-0.143
4.600	-1.181E-2	-0.144
4.634	-4.495E-2	-0.135
4.667	-7.218E-2	-0.124
4.700	-9.112E-2	-0.108
4.734	-0.103	-9.642E-2
4.767	-0.107	-9.227E-2
4.800	-0.104	-9.259E-2
4.834	-0.102	-9.819E-2
4.867	-8.757E-2	-0.112
4.901	-6.567E-2	-0.128
4.934	-3.608E-2	-0.140
4.967	6.196E-4	-0.145
5.001	3.376E-2	-0.141
5.034	6.336E-2	-0.129
5.067	8.644E-2	-0.114
5.101	0.101	-0.102
5.134	0.107	-9.168E-2
5.167	0.110	-8.813E-2
5.201	0.105	-9.642E-2
5.234	9.354E-2	-0.109
5.267	7.460E-2	-0.124
5.301	4.738E-2	-0.138
5.334	1.482E-2	-0.144
5.367	-1.832E-2	-0.142
5.401	-5.206E-2	-0.134
5.434	-7.573E-2	-0.119
5.467	-9.289E-2	-0.106
5.501	-0.104	-9.582E-2
5.534	-0.107	-9.050E-2
5.567	-0.105	-9.405E-2
5.601	-9.585E-2	-0.104
5.634	-8.046E-2	-0.117
5.667	-5.561E-2	-0.131
5.701	-2.661E-2	-0.141
5.734	7.722E-3	-0.144
5.767	3.968E-2	-0.139
5.801	6.750E-2	-0.127
5.834	8.881E-2	-0.111
5.867	0.102	-9.819E-2
5.901	0.108	-9.050E-2
5.934	0.108	-9.227E-2
5.967	0.101	-0.101
6.001	8.821E-2	-0.112
6.034	6.750E-2	-0.128
6.067	3.791E-2	-0.141
6.101	7.130E-3	-0.144
6.134	-2.897E-2	-0.141
6.167	-5.797E-2	-0.131
6.201	-8.046E-2	-0.117
6.234	-9.526E-2	-0.102
6.267	-0.104	-9.405E-2
6.301	-0.106	-9.168E-2
6.334	-0.101	-9.878E-2
6.367	-8.875E-2	-0.109
6.401	-7.277E-2	-0.122
6.434	-4.791E-2	-0.135
6.467	-1.536E-2	-0.143
6.501	1.838E-2	-0.143
6.534	5.211E-2	-0.132
6.567	7.519E-2	-0.120
6.601	9.413E-2	-0.107
6.634	0.104	-9.819E-2
6.667	0.107	-9.582E-2
6.701	0.105	-9.642E-2
6.734	9.650E-2	-0.106
6.767	8.170E-2	-0.118
6.801	5.744E-2	-0.132
6.834	2.962E-2	-0.143
6.867	-7.074E-3	-0.146
6.901	-3.963E-2	-0.138
6.934	-6.389E-2	-0.127
6.967	-8.757E-2	-0.112
7.001	-9.644E-2	-0.102
7.034	-0.102	-9.346E-2
7.067	-0.102	-9.523E-2
7.101	-9.704E-2	-0.102
7.134	-8.520E-2	-0.115
7.167	-6.389E-2	-0.129
7.201	-3.548E-2	-0.139
7.234	-3.523E-3	-0.143
7.267	2.975E-2	-0.141
7.301	5.980E-2	-0.132
7.334	8.412E-2	-9.934E-2
7.367	9.887E-2	-0.107
7.401	0.102	-9.523E-2
7.434	0.103	-9.642E-2
7.467	9.799E-2	-0.101
7.501	9.117E-2	-0.112
7.534	7.164E-2	-0.125
7.567	4.560E-2	-0.135
7.601	1.778E-2	-0.141
7.634	-1.292E-2	-0.141
7.667	-4.850E-2	-0.134
7.701	-7.099E-2	-0.122
7.734	-8.748E-2	-0.109
7.767	-9.657E-2	-9.836E-2
7.801	-9.907E-2	-9.353E-2
7.834	-9.670E-2	-9.658E-2
7.867	-8.767E-2	-0.106
7.901	-7.233E-2	-0.119
7.934	-4.978E-2	-0.132
7.967	-1.891E-2	-0.141
8.001	1.423E-2	-0.143
8.034	4.509E-2	-0.135
8.067	7.190E-2	-0.126
8.101	8.908E-2	-0.116
8.134	0.101	-0.106
8.168	0.106	-9.947E-2
8.201	9.854E-2	-9.470E-2
8.234	9.532E-2	-0.104
8.268	8.230E-2	-0.117
8.301	6.099E-2	-0.131
8.334	3.376E-2	-0.141
8.368	2.987E-3	-0.143
8.401	-3.099E-2	-0.138
8.434	-5.885E-2	-0.133
8.468	-7.987E-2	-0.119
8.501	-9.171E-2	-0.108
8.534	-1.000E-1	-9.938E-2
8.568	-9.585E-2	-9.997E-2
8.601	-9.013E-2	-0.105
8.634	-8.224E-2	-0.117
8.668	-6.508E-2	-0.128
8.701	-4.427E-2	-0.139
8.734	-1.063E-2	-0.143
8.768	2.370E-2	-0.141
8.801	5.211E-2	-0.133
8.834	7.697E-2	-0.122
8.868	9.176E-2	-0.109
8.901	9.946E-2	-0.104
8.934	0.102	-9.878E-2
8.968	9.768E-2	-0.101
9.001	8.762E-2	-0.111
9.034	7.105E-2	-0.124
9.068	4.738E-2	-0.135
9.101	1.956E-2	-0.142
9.134	-1.181E-2	-0.144
9.168	-4.495E-2	-0.137
9.201	-6.685E-2	-0.127
9.234	-8.520E-2	-0.112
9.268	-9.644E-2	-0.105
9.301	-9.763E-2	-9.938E-2
9.334	-9.703E-2	-0.103
9.368	-8.934E-2	-0.109
9.401	-7.514E-2	-0.121
9.434	-5.383E-2	-0.134
9.468	-2.424E-2	-0.141
9.501	6.538E-3	-0.144
9.534	3.656E-2	-0.139
9.568	6.217E-2	-0.129
9.601	8.289E-2	-0.117
9.634	9.413E-2	-0.106
9.668	9.768E-2	-0.102
9.701	9.711E-2	-0.102
9.734	9.002E-2	-0.109
9.768	7.993E-2	-0.119
9.801	5.921E-2	-0.130
9.834	3.021E-2	-0.143
9.868	1.803E-3	-0.143
9.901	-3.057E-2	-0.139
9.934	-5.713E-2	-0.133
9.968	-7.779E-2	-0.122
10.001	-8.777E-2	-0.107
10.034	-8.744E-2	-9.278E-2
10.068	-9.763E-2	-0.101
10.101	-9.267E-2	-0.106
10.134	-8.402E-2	-0.114
10.168	-6.152E-2	-0.128
10.201	-3.844E-2	-0.139
10.234	-1.317E-2	-0.145
10.268	1.706E-2	-0.144
10.301	4.974E-2	-0.134
10.334	7.902E-2	-0.116
10.368	8.999E-2	-0.108
10.401	9.519E-2	-9.996E-2
10.434	9.604E-2	-9.737E-2
10.468	9.151E-2	-0.101
10.501	7.994E-2	-0.107
10.534	6.681E-2	-0.122
10.568	5.172E-2	-0.139
10.601	1.601E-2	-0.143
10.634	-1.477E-2	-0.144
10.668	-4.377E-2	-0.134
10.701	-6.922E-2	-0.124
10.734	-7.504E-2	-0.119
10.768	-8.408E-2	-0.111
10.801	-9.460E-2	-9.916E-2
10.834	-9.349E-2	-0.105
10.868	-8.579E-2	-0.112
10.901	-7.218E-2	-0.123
10.934	-4.732E-2	-0.134
10.968	-2.010E-2	-0.143
11.001	5.517E-3	-0.145
11.034	3.328E-2	-0.140
11.068	6.395E-2	-0.130
11.101	8.407E-2	-0.115
11.134	9.295E-2	-0.110
11.168	9.631E-2	-0.104
11.201	9.450E-2	-0.105
11.234	8.648E-2	-0.112
11.268	7.208E-2	-0.123
11.301	5.081E-2	-0.135
11.334	2.427E-2	-0.143
11.368	-5.095E-3	-0.145
11.401	-3.312E-2	-0.139
11.435	-5.748E-2	-0.130
11.468	-7.549E-2	-0.118
11.501	-8.699E-2	-0.108
11.535	-9.201E-2	-0.102
11.568	-9.118E-2	-0.102
11.601	-8.529E-2	-0.109
11.635	-7.220E-2	-0.119
11.668	-5.308E-2	-0.130
11.701	-2.802E-2	-0.139
11.735	-5.875E-4	-0.143
11.768	2.947E-2	-0.141
11.801	5.635E-2	-0.132
11.835	7.460E-2	-0.121
11.868	8.686E-2	-0.110
11.901	9.233E-2	-0.103
11.935	9.285E-2	-0.102
11.968	8.733E-2	-0.107
12.001	7.548E-2	-0.116
12.035	5.751E-2	-0.128
12.068	3.449E-2	-0.137
12.101	6.538E-3	-0.144
12.135	-2.468E-2	-0.142
12.168	-5.279E-2	-0.141
12.201	-6.863E-2	-0.124
12.235	-8.461E-2	-0.111
12.268	-9.171E-2	-0.105
12.301	-9.331E-2	-0.103
12.335	-8.899E-2	-0.107
12.368	-8.023E-2	-0.117
12.401	-6.277E-2	-0.128
12.435	-4.081E-2	-0.138
12.468	-1.752E-2	-0.143
12.501	1.096E-2	-0.144
12.535	3.773E-2	-0.139
12.568	6.999E-2	-0.125
12.601	8.230E-2	-0.116
12.635	9.026E-2	-0.107
12.668	9.235E-2	-0.104
12.701	8.905E-2	-0.107
12.735	7.947E-2	-0.115
12.768	6.349E-2	-0.125
12.801	4.134E-2	-0.136
12.835	1.514E-2	-0.142
12.868	-1.426E-2	-0.144
12.901	-4.108E-2	-0.138
12.935	-6.298E-2	-0.129
12.968	-7.814E-2	-0.117
13.001	-8.727E-2	-0.108
13.035	-9.037E-2	-0.104
13.068	-8.799E-2	-0.106
13.101	-8.011E-2	-0.113
13.135	-6.547E-2	-0.124
13.168	-4.471E-2	-0.134
13.201	-1.925E-2	-0.142
13.235	6.471E-3	-0.144
13.268	3.812E-2	-0.139
13.301	6.398E-2	-0.132
13.335	8.398E-2	-0.128
13.368	9.466E-2	-0.119
13.401	9.064E-2	-0.105
13.435	9.236E-2	-0.110
13.468	8.638E-2	-0.116
13.501	7.283E-2	-0.123
13.535	4.974E-2	-0.135
13.568	2.457E-2	-0.143
13.601	2.137E-3	-0.145
13.635	-2.503E-2	-0.142
13.668	-5.442E-2	-0.130
13.701	-7.455E-2	-0.120
13.735	-8.852E-2	-0.114
13.768	-9.486E-2	-0.109
13.801	-9.442E-2	-0.110
13.835	-8.280E-2	-0.111
13.868	-6.580E-2	-0.113
13.901	-4.920E-2	-0.119
13.935	-2.829E-2	-0.132
13.968	-6.868E-3	-0.146
14.001	2.725E-2	-0.140
14.035	5.556E-2	-0.142
14.068	7.223E-2	-0.122
14.101	8.348E-2	-0.115
14.135	8.997E-2	-0.110
14.168	9.166E-2	-0.110
14.201	8.762E-2	-0.112
14.235	7.460E-2	-0.122
14.268	5.507E-2	-0.132
14.301	3.104E-2	-0.141
14.335	3.807E-3	-0.145
14.368	-2.246E-2	-0.141
14.401	-4.784E-2	-0.133
14.435	-6.719E-2	-0.123
14.468	-8.043E-2	-0.114
14.501	-8.728E-2	-0.107
14.535	-8.788E-2	-0.105
14.568	-8.346E-2	-0.110
14.601	-7.256E-2	-0.118
14.635	-5.577E-2	-0.129
14.668	-3.304E-2	-0.137
14.702	-6.767E-3	-0.142
14.735	2.036E-2	-0.141
14.768	4.636E-2	-0.135
14.802	6.642E-2	-0.126
14.835	8.277E-2	-0.120
14.868	9.169E-2	-0.114
14.902	8.879E-2	-0.106
14.935	8.762E-2	-0.111
14.968	7.815E-2	-0.119
15.002	5.980E-2	-0.130
15.035	3.683E-2	-0.139
15.068	1.186E-2	-0.144
15.102	-1.595E-2	-0.141
15.135	-4.140E-2	-0.135
15.168	-6.202E-2	-0.126
15.202	-7.662E-2	-0.116
15.235	-8.529E-2	-0.109
15.268	-8.744E-2	-0.106
15.302	-8.446E-2	-0.109
15.335	-7.526E-2	-0.116
15.368	-6.011E-2	-0.126
15.402	-3.927E-2	-0.135
15.435	-1.388E-2	-0.141
15.468	1.322E-2	-0.142
15.502	3.922E-2	-0.137
15.535	6.038E-2	-0.128
15.568	7.572E-2	-0.118
15.602	8.467E-2	-0.111
15.635	8.776E-2	-0.107
15.668	8.580E-2	-0.109
15.702	7.725E-2	-0.116
15.735	6.244E-2	-0.125
15.768	4.140E-2	-0.134
15.802	1.661E-2	-0.140
15.835	-9.837E-3	-0.142
15.868	-3.473E-2	-0.137
15.902	-5.650E-2	-0.129
15.935	-7.256E-2	-0.119
15.968	-8.267E-2	-0.111
16.002	-8.652E-2	-0.107
16.035	-8.463E-2	-0.108
16.068	-7.707E-2	-0.115
16.102	-6.336E-2	-0.124
16.135	-4.396E-2	-0.133
16.168	-1.966E-2	-0.140
16.202	7.834E-3	-0.142
16.235	3.326E-2	-0.139
16.268	5.453E-2	-0.130
16.302	7.147E-2	-0.121
16.335	8.218E-2	-0.113
16.368	8.653E-2	-0.108
16.402	8.603E-2	-0.109
16.435	7.876E-2	-0.115
16.468	6.575E-2	-0.123
16.502	4.615E-2	-0.133
16.535	2.248E-2	-0.139
16.568	-4.007E-3	-0.142
16.602	-2.876E-2	-0.139
16.635	-5.116E-2	-0.131
16.668	-6.876E-2	-0.121
16.702	-8.009E-2	-0.113
16.735	-8.515E-2	-0.108
16.768	-8.448E-2	-0.108
16.802	-7.843E-2	-0.114
16.835	-6.640E-2	-0.123
16.868	-4.817E-2	-0.132
16.902	-2.478E-2	-0.139
16.935	1.556E-3	-0.142
16.968	2.624E-2	-0.139
17.002	4.892E-2	-0.132
17.035	6.739E-2	-0.123
17.068	7.950E-2	-0.115
17.102	8.533E-2	-0.110
17.135	8.565E-2	-0.109
17.168	8.012E-2	-0.114
17.202	6.798E-2	-0.122
17.235	5.010E-2	-0.131
17.268	2.727E-2	-0.139
17.302	1.513E-3	-0.142
17.335	-2.250E-2	-0.140
17.368	-4.621E-2	-0.133
17.402	-6.474E-2	-0.124
17.435	-7.726E-2	-0.116
17.468	-8.370E-2	-0.110
17.502	-8.269E-2	-0.106
17.535	-7.664E-2	-0.109
17.568	-6.981E-2	-0.124
17.602	-5.324E-2	-0.133
17.635	-3.075E-2	-0.141
17.668	-3.523E-3	-0.144
17.702	2.027E-2	-0.142
17.735	4.525E-2	-0.138
17.768	6.433E-2	-0.127
17.802	7.752E-2	-0.119
17.835	8.424E-2	-0.112
17.868	8.542E-2	-0.110
17.902	8.141E-2	-0.114
17.935	7.090E-2	-0.121
17.969	5.408E-2	-0.131
18.002	3.159E-2	-0.138
18.035	6.348E-3	-0.143
18.069	-1.679E-2	-0.142
18.102	-4.146E-2	-0.136
18.135	-6.150E-2	-0.127
18.169	-7.491E-2	-0.119
18.202	-8.200E-2	-0.112
18.235	-8.351E-2	-0.109
18.269	-7.984E-2	-0.113
18.302	-7.054E-2	-0.120
18.335	-5.529E-2	-0.130
18.369	-3.364E-2	-0.138
18.402	-8.183E-3	-0.143
18.435	1.522E-2	-0.142
18.469	3.944E-2	-0.136
18.502	5.998E-2	-0.129
18.535	7.461E-2	-0.120
18.569	8.241E-2	-0.113
18.602	8.415E-2	-0.110
18.635	8.160E-2	-0.113
18.669	7.245E-2	-0.120
18.702	5.720E-2	-0.129
18.735	3.539E-2	-0.137
18.769	1.094E-2	-0.142
18.802	-1.247E-2	-0.142
18.835	-3.748E-2	-0.137
18.869	-5.768E-2	-0.129
18.902	-7.189E-2	-0.120
18.935	-8.013E-2	-0.113
18.969	-8.281E-2	-0.110
19.002	-8.034E-2	-0.112
19.035	-7.179E-2	-0.119
19.069	-5.745E-2	-0.128
19.102	-3.765E-2	-0.137
19.135	-1.322E-2	-0.142
19.169	1.068E-2	-0.142
19.202	3.495E-2	-0.139
19.235	5.625E-2	-0.131
19.269	7.178E-2	-0.122
19.302	8.078E-2	-0.115
19.335	8.392E-2	-0.112
19.369	8.195E-2	-0.114
19.402	7.375E-2	-0.120
19.435	5.922E-2	-0.129
19.469	3.891E-2	-0.137
19.502	1.476E-2	-0.143
19.535	-8.258E-3	-0.144
19.569	-3.312E-2	-0.139
19.602	-5.442E-2	-0.133
19.635	-7.099E-2	-0.125
19.669	-8.106E-2	-0.118
19.702	-8.402E-2	-0.115
19.735	-8.225E-2	-0.116
19.769	-7.449E-2	-0.122
19.802	-6.152E-2	-0.127
19.835	-4.301E-2	-0.136
19.869	-2.301E-2	-0.142
19.902	2.079E-3	-0.145
19.935	2.609E-2	-0.141
19.969	5.329E-2	-0.131
20.002	7.467E-2	-0.115
20.035	7.934E-2	-0.117
20.069	8.348E-2	-0.115
20.102	8.466E-2	-0.118
20.135	7.874E-2	-0.121
20.169	6.395E-2	-0.130
20.202	4.459E-2	-0.136
20.235	2.074E-2	-0.143
20.269	-6.457E-3	-0.144
20.302	-3.162E-2	-0.141
20.335	-5.200E-2	-0.132
20.369	-6.775E-2	-0.124
20.402	-7.763E-2	-0.116
20.435	-8.141E-2	-0.112
20.469	-8.034E-2	-0.113
20.502	-7.381E-2	-0.118
20.535	-6.151E-2	-0.126
20.569	-4.379E-2	-0.135
20.602	-2.120E-2	-0.141
20.635	2.797E-3	-0.143
20.669	3.122E-2	-0.141
20.702	5.374E-2	-0.135
20.735	7.035E-2	-0.129
20.769	7.934E-2	-0.120
20.802	8.556E-2	-0.116
20.835	8.464E-2	-0.117
20.869	7.723E-2	-0.121
20.902	6.395E-2	-0.129
20.935	4.466E-2	-0.136
20.969	2.103E-2	-0.143
21.002	-1.210E-3	-0.144
21.035	-2.636E-2	-0.142
21.069	-4.870E-2	-0.135
21.102	-6.500E-2	-0.126
21.135	-7.539E-2	-0.118
21.169	-8.008E-2	-0.114
21.202	-7.975E-2	-0.114
21.236	-7.432E-2	-0.119
21.269	-6.290E-2	-0.127
21.302	-4.550E-2	-0.136
21.336	-2.274E-2	-0.142
21.369	1.885E-3	-0.145
21.402	2.473E-2	-0.142
21.436	4.720E-2	-0.136
21.469	6.458E-2	-0.128
21.502	7.621E-2	-0.119
21.536	8.117E-2	-0.114
21.569	8.114E-2	-0.114
21.602	7.565E-2	-0.119
21.636	6.470E-2	-0.127
21.669	4.614E-2	-0.135
21.702	2.372E-2	-0.143
21.736	6.196E-4	-0.143
21.769	-2.365E-2	-0.142
21.802	-4.630E-2	-0.137
21.836	-6.448E-2	-0.129
21.869	-7.395E-2	-0.124
21.902	-8.065E-2	-0.120
21.936	-8.123E-2	-0.119
21.969	-7.450E-2	-0.123
22.002	-6.299E-2	-0.130
22.036	-4.501E-2	-0.138
22.069	-2.661E-2	-0.143
22.102	-5.750E-3	-0.144
22.136	2.197E-2	-0.142
22.169	5.066E-2	-0.141
22.202	6.336E-2	-0.130
22.236	7.638E-2	-0.122
22.269	8.407E-2	-0.117
22.302	8.348E-2	-0.117
22.336	7.735E-2	-0.120
22.369	6.632E-2	-0.128
22.402	4.827E-2	-0.136
22.436	2.591E-2	-0.143
22.469	2.987E-3	-0.143
22.502	-2.284E-2	-0.143
22.536	-4.377E-2	-0.137
22.569	-6.212E-2	-0.129
22.602	-7.455E-2	-0.122
22.636	-8.046E-2	-0.117
22.669	-8.131E-2	-0.117
22.702	-7.696E-2	-0.121
22.736	-6.567E-2	-0.125
22.769	-4.989E-2	-0.134
22.802	-2.918E-2	-0.141
22.836	-4.115E-3	-0.143
22.869	2.068E-2	-0.142
22.902	4.338E-2	-0.137
22.936	6.066E-2	-0.129
22.969	7.279E-2	-0.121
23.002	7.889E-2	-0.115
23.036	8.007E-2	-0.114
23.069	7.566E-2	-0.118
23.102	6.570E-2	-0.125
23.136	4.920E-2	-0.133
23.169	2.836E-2	-0.140
23.202	3.215E-3	-0.143
23.236	-2.086E-2	-0.141
23.269	-4.135E-2	-0.136
23.302	-5.906E-2	-0.128
23.336	-7.088E-2	-0.121
23.369	-7.728E-2	-0.115
23.402	-7.831E-2	-0.114
23.436	-7.417E-2	-0.117
23.469	-6.443E-2	-0.124
23.502	-4.896E-2	-0.132
23.536	-2.853E-2	-0.139
23.569	-5.591E-3	-0.142
23.602	1.778E-2	-0.143
23.636	4.104E-2	-0.138
23.669	5.883E-2	-0.130
23.702	7.154E-2	-0.122
23.736	7.826E-2	-0.116
23.769	7.939E-2	-0.115
23.802	7.557E-2	-0.118
23.836	6.610E-2	-0.125
23.869	5.032E-2	-0.133
23.902	3.046E-2	-0.139
23.936	7.130E-3	-0.143
23.969	-1.698E-2	-0.141
24.002	-3.960E-2	-0.136
24.036	-5.713E-2	-0.129
24.069	-6.943E-2	-0.121
24.102	-7.628E-2	-0.116
24.136	-7.754E-2	-0.114
24.169	-7.378E-2	-0.118
24.202	-6.442E-2	-0.124
24.236	-4.926E-2	-0.132
24.269	-2.940E-2	-0.138
24.302	-6.935E-3	-0.142
24.336	1.660E-2	-0.142
24.369	3.923E-2	-0.137
24.403	5.740E-2	-0.130
24.436	7.053E-2	-0.122
24.469	7.701E-2	-0.117
24.503	7.855E-2	-0.115
24.536	7.497E-2	-0.118
24.569	6.593E-2	-0.124
24.603	5.043E-2	-0.132
24.636	3.127E-2	-0.138
24.669	9.497E-3	-0.144
24.703	-1.893E-2	-0.143
24.736	-3.903E-2	-0.137
24.769	-5.674E-2	-0.130
24.803	-6.882E-2	-0.122
24.836	-7.563E-2	-0.117
24.869	-7.712E-2	-0.114
24.903	-7.361E-2	-0.118
24.936	-6.483E-2	-0.124
24.969	-5.000E-2	-0.132
25.003	-3.082E-2	-0.138
25.036	-8.124E-3	-0.142
25.069	1.601E-2	-0.144
25.103	3.814E-2	-0.139
25.136	5.685E-2	-0.133
25.169	6.987E-2	-0.125
25.203	7.934E-2	-0.121
25.236	7.697E-2	-0.120
25.269	7.180E-2	-0.120
25.303	6.598E-2	-0.125
25.336	5.152E-2	-0.134
25.369	3.199E-2	-0.140
25.403	9.424E-3	-0.144
25.436	-1.649E-2	-0.143
25.469	-3.893E-2	-0.139
25.503	-5.624E-2	-0.132
25.536	-6.771E-2	-0.123
25.569	-7.449E-2	-0.117
25.603	-7.637E-2	-0.115
25.636	-7.315E-2	-0.118
25.669	-6.475E-2	-0.124
25.703	-5.025E-2	-0.132
25.736	-3.079E-2	-0.139
25.769	-8.571E-3	-0.143
25.803	1.619E-2	-0.144
25.836	3.765E-2	-0.139
25.869	5.494E-2	-0.132
25.903	6.817E-2	-0.124
25.936	7.532E-2	-0.118
25.969	7.715E-2	-0.116
26.003	7.417E-2	-0.119
26.036	6.552E-2	-0.125
26.069	5.098E-2	-0.132
26.103	3.168E-2	-0.139
26.136	9.064E-3	-0.142
26.169	-1.417E-2	-0.142
26.203	-3.567E-2	-0.138
26.236	-5.412E-2	-0.131
26.269	-6.664E-2	-0.123
26.303	-7.379E-2	-0.118
26.336	-7.547E-2	-0.115
26.369	-7.254E-2	-0.118
26.403	-6.400E-2	-0.124
26.436	-4.976E-2	-0.132
26.469	-3.069E-2	-0.138
26.503	-7.987E-3	-0.142
26.536	1.575E-2	-0.142
26.569	3.535E-2	-0.139
26.603	5.369E-2	-0.131
26.636	6.701E-2	-0.124
26.669	7.455E-2	-0.119
26.703	7.756E-2	-0.118
26.736	7.456E-2	-0.121
26.769	6.513E-2	-0.126
26.803	5.072E-2	-0.134
26.836	3.116E-2	-0.141
26.869	7.520E-3	-0.145
26.903	-1.476E-2	-0.144
26.936	-3.479E-2	-0.140
26.969	-5.360E-2	-0.133
27.003	-6.578E-2	-0.124
27.036	-7.287E-2	-0.119
27.069	-7.514E-2	-0.119
27.103	-7.278E-2	-0.123
27.136	-6.369E-2	-0.129
27.169	-5.028E-2	-0.134
27.203	-3.076E-2	-0.141
27.236	-7.642E-3	-0.144
27.269	1.625E-2	-0.144
27.303	3.432E-2	-0.141
27.336	5.211E-2	-0.133
27.369	6.691E-2	-0.127
27.403	7.578E-2	-0.121
27.436	7.781E-2	-0.118
27.469	7.518E-2	-0.121
27.503	6.637E-2	-0.127
27.536	4.974E-2	-0.136
27.569	3.258E-2	-0.141
27.603	1.068E-2	-0.143
27.636	-1.289E-2	-0.143
27.670	-3.564E-2	-0.138
27.703	-5.324E-2	-0.131
27.736	-6.545E-2	-0.124
27.770	-7.218E-2	-0.121
27.803	-7.395E-2	-0.119
27.836	-6.922E-2	-0.121
27.870	-6.389E-2	-0.127
27.903	-4.791E-2	-0.133
27.936	-3.430E-2	-0.140
27.970	-9.442E-3	-0.142
28.003	1.398E-2	-0.142
28.036	3.543E-2	-0.138
28.070	5.389E-2	-0.134
28.103	6.572E-2	-0.127
28.136	7.302E-2	-0.123
28.170	7.636E-2	-0.123
28.203	7.221E-2	-0.123
28.236	6.368E-2	-0.129
28.270	4.842E-2	-0.135
28.303	2.896E-2	-0.141
28.336	8.906E-3	-0.144
28.370	-1.436E-2	-0.143
28.403	-3.474E-2	-0.139
28.436	-5.261E-2	-0.132
28.470	-6.466E-2	-0.125
28.503	-7.133E-2	-0.120
28.536	-7.514E-2	-0.121
28.570	-7.278E-2	-0.123
28.603	-6.271E-2	-0.127
28.636	-4.854E-2	-0.134
28.670	-2.921E-2	-0.141
28.703	-6.727E-3	-0.144
28.736	1.703E-2	-0.144
28.770	3.376E-2	-0.139
28.803	5.229E-2	-0.132
28.836	6.534E-2	-0.125
28.870	7.279E-2	-0.120
28.903	7.446E-2	-0.119
28.936	7.152E-2	-0.120
28.970	6.308E-2	-0.126
29.003	4.878E-2	-0.133
29.036	2.952E-2	-0.139
29.070	6.978E-3	-0.143
29.103	-1.583E-2	-0.142
29.136	-3.445E-2	-0.139
29.170	-5.184E-2	-0.132
29.203	-6.399E-2	-0.125
29.236	-7.091E-2	-0.120
29.270	-7.263E-2	-0.117
29.303	-6.948E-2	-0.120
29.336	-6.123E-2	-0.126
29.370	-4.753E-2	-0.133
29.403	-2.876E-2	-0.139
29.436	-6.956E-3	-0.143
29.470	1.624E-2	-0.142
29.503	3.501E-2	-0.138
29.536	5.216E-2	-0.132
29.570	6.493E-2	-0.125
29.603	7.198E-2	-0.120
29.636	7.367E-2	-0.119
29.670	7.049E-2	-0.121
29.703	6.155E-2	-0.127
29.736	4.704E-2	-0.133
29.770	2.774E-2	-0.139
29.803	6.859E-3	-0.142
29.836	-1.418E-2	-0.143
29.870	-3.535E-2	-0.138
29.903	-5.243E-2	-0.132
29.936	-6.405E-2	-0.125
29.970	-7.074E-2	-0.120
30.003	-7.235E-2	-0.118
30.036	-6.890E-2	-0.121
30.070	-6.084E-2	-0.126
30.103	-4.701E-2	-0.133
30.136	-2.876E-2	-0.139
30.170	-6.629E-3	-0.143
30.203	1.639E-2	-0.142
30.236	3.636E-2	-0.138
30.270	5.268E-2	-0.132
30.303	6.549E-2	-0.125
30.336	7.168E-2	-0.120
30.370	7.401E-2	-0.121
30.403	7.053E-2	-0.123
30.436	6.099E-2	-0.130
30.470	4.648E-2	-0.137
30.503	2.703E-2	-0.142
30.536	5.354E-3	-0.144
30.570	-1.793E-2	-0.144
30.603	-3.425E-2	-0.139
30.636	-5.269E-2	-0.134
30.670	-6.570E-2	-0.129
30.703	-7.351E-2	-0.125
30.736	-7.532E-2	-0.124
30.770	-7.117E-2	-0.127
30.803	-6.128E-2	-0.131
30.836	-4.613E-2	-0.137
30.870	-2.683E-2	-0.143
30.903	-4.083E-3	-0.145
30.937	1.893E-2	-0.144
30.970	3.615E-2	-0.142
31.003	5.389E-2	-0.134
31.037	6.632E-2	-0.127
31.070	7.519E-2	-0.125
31.103	7.678E-2	-0.124
31.137	7.281E-2	-0.126
31.170	6.310E-2	-0.131
31.203	4.619E-2	-0.138
31.237	2.664E-2	-0.143
31.270	4.535E-3	-0.146
31.303	-1.824E-2	-0.144
31.337	-3.601E-2	-0.141
31.370	-5.370E-2	-0.135
31.403	-6.612E-2	-0.129
31.437	-7.339E-2	-0.126
31.470	-7.459E-2	-0.125
31.503	-7.042E-2	-0.127
31.537	-6.028E-2	-0.132
31.570	-4.518E-2	-0.138
31.603	-2.571E-2	-0.143
31.637	-3.326E-3	-0.146
31.670	2.030E-2	-0.144
31.703	3.920E-2	-0.140
31.737	5.437E-2	-0.136
31.770	6.707E-2	-0.130
31.803	7.408E-2	-0.126
31.837	7.532E-2	-0.125
31.870	7.060E-2	-0.128
31.903	6.028E-2	-0.133
31.937	4.498E-2	-0.139
31.970	2.562E-2	-0.144
32.003	2.830E-3	-0.146
32.037	-1.898E-2	-0.145
32.070	-3.744E-2	-0.140
32.103	-5.450E-2	-0.135
32.137	-6.655E-2	-0.129
32.170	-7.328E-2	-0.126
32.203	-7.438E-2	-0.125
32.237	-6.971E-2	-0.128
32.270	-5.955E-2	-0.133
32.303	-4.415E-2	-0.139
32.337	-2.483E-2	-0.144
32.370	-2.531E-3	-0.146
32.403	2.104E-2	-0.145
32.437	3.993E-2	-0.140
32.470	5.546E-2	-0.135
32.503	6.744E-2	-0.130
32.537	7.400E-2	-0.126
32.570	7.480E-2	-0.126
32.603	6.982E-2	-0.129
32.637	5.899E-2	-0.134
32.670	4.350E-2	-0.140
32.703	2.378E-2	-0.144
32.737	1.414E-3	-0.146
32.770	-1.973E-2	-0.145
32.803	-3.809E-2	-0.141
32.837	-5.493E-2	-0.135
32.870	-6.651E-2	-0.130
32.903	-7.278E-2	-0.126
32.937	-7.329E-2	-0.126
32.970	-6.818E-2	-0.129
33.003	-5.781E-2	-0.134
33.037	-4.222E-2	-0.140
33.070	-2.256E-2	-0.144
33.103	-3.337E-4	-0.146
33.137	2.286E-2	-0.145
33.170	4.110E-2	-0.141
33.203	5.589E-2	-0.135
33.237	6.743E-2	-0.130
33.270	7.342E-2	-0.127
33.303	7.365E-2	-0.127
33.337	6.827E-2	-0.130
33.370	5.717E-2	-0.135
33.403	4.149E-2	-0.140
33.437	2.160E-2	-0.145
33.470	-7.441E-4	-0.146
33.503	-2.331E-2	-0.144
33.537	-3.962E-2	-0.140
33.570	-5.265E-2	-0.133
33.603	-6.354E-2	-0.128
33.637	-6.942E-2	-0.126
33.670	-6.915E-2	-0.125
33.703	-6.355E-2	-0.127
33.737	-5.353E-2	-0.134
33.770	-4.081E-2	-0.139
33.803	-1.950E-2	-0.141
33.837	1.833E-3	-0.144
33.870	2.443E-2	-0.142
33.903	4.247E-2	-0.138
33.937	5.492E-2	-0.131
33.970	6.473E-2	-0.125
34.003	6.977E-2	-0.121
34.037	6.957E-2	-0.121
34.070	6.419E-2	-0.125
34.103	5.353E-2	-0.131
34.137	3.813E-2	-0.137
34.170	1.867E-2	-0.141
34.204	-3.701E-3	-0.143
34.237	-2.528E-2	-0.142
34.270	-3.953E-2	-0.139
34.304	-5.429E-2	-0.130
34.337	-6.362E-2	-0.125
34.370	-6.791E-2	-0.121
34.404	-6.749E-2	-0.121
34.437	-6.218E-2	-0.125
34.470	-5.204E-2	-0.131
34.504	-3.714E-2	-0.137
34.537	-1.733E-2	-0.141
34.570	4.146E-3	-0.143
34.604	2.643E-2	-0.141
34.637	4.365E-2	-0.139
34.670	5.550E-2	-0.130
34.704	6.479E-2	-0.124
34.737	6.900E-2	-0.121
34.770	6.845E-2	-0.122
34.804	6.259E-2	-0.126
34.837	5.137E-2	-0.131
34.870	3.604E-2	-0.137
34.904	1.617E-2	-0.141
34.937	-5.720E-3	-0.142
34.970	-2.320E-2	-0.140
35.004	-4.067E-2	-0.135
35.037	-5.485E-2	-0.130
35.070	-6.360E-2	-0.124
35.104	-6.734E-2	-0.121
35.137	-6.666E-2	-0.122
35.170	-6.118E-2	-0.126
35.204	-5.039E-2	-0.131
35.237	-3.486E-2	-0.137
35.270	-1.547E-2	-0.141
35.304	6.352E-3	-0.142
35.337	2.767E-2	-0.140
35.370	4.320E-2	-0.136
35.404	5.605E-2	-0.129
35.437	6.494E-2	-0.124
35.470	6.987E-2	-0.122
35.504	6.869E-2	-0.124
35.537	6.336E-2	-0.127
35.570	5.241E-2	-0.133
35.604	3.376E-2	-0.141
35.637	1.423E-2	-0.144
35.670	-4.115E-3	-0.144
35.704	-2.540E-2	-0.142
35.737	-4.311E-2	-0.136
35.770	-5.738E-2	-0.130
35.804	-6.212E-2	-0.126
35.837	-6.543E-2	-0.123
35.870	-6.445E-2	-0.125
35.904	-5.772E-2	-0.129
35.937	-4.620E-2	-0.136
35.970	-2.921E-2	-0.141
36.004	-9.436E-3	-0.142
36.037	6.538E-3	-0.143
36.070	2.720E-2	-0.142
36.104	4.442E-2	-0.137
36.137	5.980E-2	-0.132
36.170	6.859E-2	-0.127
36.204	7.164E-2	-0.124
36.237	6.988E-2	-0.126
36.270	6.099E-2	-0.128
36.304	4.888E-2	-0.134
36.337	3.140E-2	-0.139
36.370	1.119E-2	-0.142
36.404	-1.046E-2	-0.143
36.437	-2.749E-2	-0.141
36.470	-4.363E-2	-0.135
36.504	-5.627E-2	-0.129
36.537	-6.372E-2	-0.124
36.570	-6.863E-2	-0.124
36.604	-6.688E-2	-0.126
36.637	-5.981E-2	-0.130
36.670	-4.495E-2	-0.135
36.704	-2.812E-2	-0.141
36.737	-8.429E-3	-0.145
36.770	1.009E-2	-0.144
36.804	2.963E-2	-0.142
36.837	4.615E-2	-0.136
36.870	5.788E-2	-0.129
36.904	6.632E-2	-0.126
36.937	6.926E-2	-0.124
36.970	6.663E-2	-0.126
37.004	5.928E-2	-0.131
37.037	4.442E-2	-0.136
37.070	2.742E-2	-0.141
37.104	7.031E-3	-0.144
37.137	-1.336E-2	-0.144
37.170	-2.762E-2	-0.141
37.204	-4.502E-2	-0.137
37.237	-5.649E-2	-0.130
37.270	-6.448E-2	-0.127
37.304	-6.804E-2	-0.126
37.337	-6.330E-2	-0.128
37.370	-5.857E-2	-0.130
37.404	-4.436E-2	-0.136
37.437	-2.779E-2	-0.140
37.471	-7.798E-3	-0.143
37.504	1.371E-2	-0.144
37.537	3.166E-2	-0.141
37.571	4.621E-2	-0.134
37.604	5.846E-2	-0.129
37.637	6.533E-2	-0.124
37.671	6.987E-2	-0.125
37.704	6.662E-2	-0.127
37.737	5.803E-2	-0.132
37.771	4.560E-2	-0.138
37.804	2.725E-2	-0.142
37.837	7.125E-3	-0.144
37.871	-1.410E-2	-0.144
37.904	-3.189E-2	-0.140
37.937	-4.732E-2	-0.134
37.971	-5.842E-2	-0.128
38.004	-6.412E-2	-0.124
38.037	-6.804E-2	-0.125
38.071	-6.521E-2	-0.128
38.104	-5.857E-2	-0.132
38.137	-4.199E-2	-0.138
38.171	-2.135E-2	-0.142
38.204	-2.516E-3	-0.144
38.237	1.047E-2	-0.144
38.271	3.016E-2	-0.141
38.304	4.655E-2	-0.135
38.337	5.800E-2	-0.129
38.371	6.464E-2	-0.128
38.404	6.809E-2	-0.127
38.437	6.442E-2	-0.129
38.471	5.507E-2	-0.134
38.504	4.077E-2	-0.138
38.537	2.263E-2	-0.143
38.571	2.199E-3	-0.144
38.604	-1.773E-2	-0.143
38.637	-3.428E-2	-0.139
38.671	-4.898E-2	-0.133
38.704	-5.889E-2	-0.127
38.737	-6.447E-2	-0.124
38.771	-6.509E-2	-0.123
38.804	-6.154E-2	-0.125
38.837	-5.340E-2	-0.130
38.871	-4.031E-2	-0.136
38.904	-2.363E-2	-0.140
38.937	-2.340E-3	-0.144
38.971	1.852E-2	-0.143
39.004	3.557E-2	-0.138
39.037	4.960E-2	-0.133
39.071	6.019E-2	-0.127
39.104	6.534E-2	-0.124
39.137	6.582E-2	-0.123
39.171	6.152E-2	-0.126
39.204	5.211E-2	-0.131
39.237	3.844E-2	-0.137
39.271	2.024E-2	-0.141
39.304	1.643E-4	-0.143
39.337	-2.155E-2	-0.142
39.371	-4.087E-2	-0.139
39.404	-5.028E-2	-0.134
39.437	-5.923E-2	-0.128
39.471	-6.361E-2	-0.125
39.504	-6.373E-2	-0.124
39.537	-5.962E-2	-0.127
39.571	-5.073E-2	-0.133
39.604	-3.634E-2	-0.139
39.637	-1.795E-2	-0.142
39.671	2.007E-3	-0.144
39.704	1.787E-2	-0.143
39.737	3.677E-2	-0.139
39.771	5.071E-2	-0.133
39.804	6.048E-2	-0.128
39.837	6.551E-2	-0.125
39.871	6.538E-2	-0.125
39.904	5.960E-2	-0.129
39.937	4.986E-2	-0.133
39.971	3.559E-2	-0.140
40.004	1.778E-2	-0.145
40.037	-1.156E-3	-0.143
40.071	-2.056E-2	-0.141
40.104	-3.766E-2	-0.137
40.137	-5.096E-2	-0.131
40.171	-5.982E-2	-0.126
40.204	-6.376E-2	-0.124
40.237	-6.329E-2	-0.124
40.271	-5.813E-2	-0.127
40.304	-4.847E-2	-0.132
40.337	-3.383E-2	-0.137
40.371	-1.731E-2	-0.140
40.404	2.987E-3	-0.144
40.437	2.237E-2	-0.142
40.471	3.964E-2	-0.137
40.504	5.260E-2	-0.132
40.537	6.151E-2	-0.127
40.571	6.809E-2	-0.127
40.604	6.664E-2	-0.126
40.637	6.105E-2	-0.130
40.671	4.797E-2	-0.136
40.704	3.220E-2	-0.141
40.738	1.423E-2	-0.142
40.771	-6.201E-3	-0.143
40.804	-2.544E-2	-0.142
40.838	-4.019E-2	-0.136
40.871	-5.216E-2	-0.131
40.904	-6.021E-2	-0.126
40.938	-6.351E-2	-0.124
40.971	-6.225E-2	-0.125
41.004	-5.655E-2	-0.128
41.038	-4.597E-2	-0.133
41.071	-3.074E-2	-0.138
41.104	-1.472E-2	-0.141
41.138	7.879E-3	-0.143
41.171	2.621E-2	-0.140
41.204	4.139E-2	-0.136
41.238	5.359E-2	-0.130
41.271	6.137E-2	-0.126
41.304	6.513E-2	-0.124
41.338	6.334E-2	-0.125
41.371	5.566E-2	-0.131
41.404	4.416E-2	-0.137
41.438	2.844E-2	-0.141
41.471	9.349E-3	-0.144
41.504	-1.067E-2	-0.144
41.538	-2.561E-2	-0.141
41.571	-4.174E-2	-0.136
41.604	-5.333E-2	-0.131
41.638	-5.996E-2	-0.126
41.671	-6.330E-2	-0.126
41.704	-6.179E-2	-0.128
41.738	-5.561E-2	-0.133
41.771	-4.342E-2	-0.137
41.804	-2.601E-2	-0.140
41.838	-6.628E-3	-0.144
41.871	1.316E-2	-0.142
41.904	2.714E-2	-0.140
41.938	4.177E-2	-0.136
41.971	5.340E-2	-0.131
42.004	6.021E-2	-0.129
42.038	6.632E-2	-0.127
42.071	6.336E-2	-0.128
42.104	5.751E-2	-0.133
42.138	4.382E-2	-0.138
42.171	2.741E-2	-0.142
42.204	8.314E-3	-0.144
42.238	-1.233E-2	-0.144
42.271	-2.988E-2	-0.141
42.304	-4.418E-2	-0.135
42.338	-5.486E-2	-0.129
42.371	-6.072E-2	-0.126
42.404	-6.330E-2	-0.127
42.438	-6.119E-2	-0.130
42.471	-5.298E-2	-0.133
42.504	-3.963E-2	-0.137
42.538	-2.338E-2	-0.141
42.571	-4.346E-3	-0.144
42.604	1.162E-2	-0.143
42.638	2.961E-2	-0.140
42.671	4.448E-2	-0.135
42.704	5.574E-2	-0.130
42.738	6.201E-2	-0.126
42.771	6.454E-2	-0.127
42.804	6.071E-2	-0.130
42.838	5.329E-2	-0.134
42.871	4.001E-2	-0.139
42.904	2.074E-2	-0.144
42.938	1.418E-3	-0.144
42.971	-1.176E-2	-0.144
43.004	-2.969E-2	-0.139
43.038	-4.394E-2	-0.134
43.071	-5.445E-2	-0.130
43.104	-5.979E-2	-0.126
43.138	-6.330E-2	-0.128
43.171	-5.950E-2	-0.130
43.204	-5.087E-2	-0.135
43.238	-3.669E-2	-0.140
43.271	-1.938E-2	-0.143
43.304	-5.641E-4	-0.144
43.338	1.417E-2	-0.142
43.371	3.237E-2	-0.138
43.404	4.659E-2	-0.134
43.438	5.667E-2	-0.129
43.471	6.395E-2	-0.128
43.504	6.507E-2	-0.128
43.538	5.953E-2	-0.130
43.571	4.915E-2	-0.137
43.604	3.491E-2	-0.142
43.638	1.707E-2	-0.145
43.671	-2.123E-3	-0.146
43.704	-1.651E-2	-0.144
43.738	-3.327E-2	-0.141
43.771	-4.787E-2	-0.137
43.804	-5.733E-2	-0.133
43.838	-6.233E-2	-0.131
43.871	-6.261E-2	-0.131
43.904	-5.732E-2	-0.133
43.938	-4.783E-2	-0.137
43.971	-3.299E-2	-0.142
44.005	-1.521E-2	-0.145
44.038	4.172E-3	-0.145
44.071	1.922E-2	-0.145
44.105	3.498E-2	-0.142
44.138	4.923E-2	-0.138
44.171	5.870E-2	-0.134
44.205	6.359E-2	-0.132
44.238	6.322E-2	-0.132
44.271	5.740E-2	-0.135
44.305	4.652E-2	-0.139
44.338	3.145E-2	-0.143
44.371	1.300E-2	-0.145
44.405	-5.825E-3	-0.146
44.438	-1.916E-2	-0.144
44.471	-3.599E-2	-0.141
44.505	-4.978E-2	-0.137
44.538	-5.852E-2	-0.133
44.571	-6.261E-2	-0.131
44.605	-6.155E-2	-0.132
44.638	-5.550E-2	-0.134
44.671	-4.446E-2	-0.139
44.705	-2.960E-2	-0.143
44.738	-1.240E-2	-0.145
44.771	8.072E-3	-0.145
44.805	2.605E-2	-0.142
44.838	3.842E-2	-0.141
44.871	5.235E-2	-0.137
44.905	6.045E-2	-0.134
44.938	6.422E-2	-0.132
44.971	6.238E-2	-0.133
45.005	5.594E-2	-0.135
45.038	4.425E-2	-0.140
45.071	2.880E-2	-0.144
45.105	1.003E-2	-0.146
45.138	-6.602E-3	-0.146
45.171	-2.365E-2	-0.142
45.205	-3.925E-2	-0.137
45.238	-5.076E-2	-0.132
45.271	-5.756E-2	-0.128
45.305	-6.212E-2	-0.128
45.338	-6.053E-2	-0.130
45.371	-5.371E-2	-0.133
45.405	-4.081E-2	-0.137
45.438	-2.578E-2	-0.142
45.471	-8.258E-3	-0.145
45.505	1.167E-2	-0.143
45.538	2.874E-2	-0.142
45.571	4.067E-2	-0.141
45.605	5.172E-2	-0.136
45.638	5.908E-2	-0.133
45.671	6.350E-2	-0.132
45.705	6.034E-2	-0.133
45.738	5.242E-2	-0.136
45.771	3.994E-2	-0.140
45.805	2.381E-2	-0.144
45.838	5.148E-3	-0.146
45.871	-7.948E-3	-0.146
45.905	-2.654E-2	-0.143
45.938	-4.182E-2	-0.140
45.971	-5.294E-2	-0.135
46.005	-6.020E-2	-0.133
46.038	-6.244E-2	-0.132
46.071	-5.914E-2	-0.133
46.105	-5.112E-2	-0.137
46.138	-3.847E-2	-0.141
46.171	-2.224E-2	-0.144
46.205	-3.244E-3	-0.146
46.238	1.608E-2	-0.144
46.271	2.960E-2	-0.143
46.305	4.239E-2	-0.140
46.338	5.412E-2	-0.136
46.371	6.086E-2	-0.133
46.405	6.235E-2	-0.133
46.438	5.825E-2	-0.134
46.471	4.966E-2	-0.138
46.505	3.645E-2	-0.142
46.538	1.933E-2	-0.145
46.571	5.745E-4	-0.146
46.605	-1.481E-2	-0.145
46.638	-3.059E-2	-0.143
46.671	-4.483E-2	-0.139
46.705	-5.532E-2	-0.135
46.738	-6.109E-2	-0.133
46.771	-6.176E-2	-0.132
46.805	-5.756E-2	-0.134
46.838	-4.897E-2	-0.138
46.871	-3.538E-2	-0.142
46.905	-1.870E-2	-0.145
46.938	5.245E-4	-0.146
46.971	1.965E-2	-0.145
47.005	3.298E-2	-0.143
47.038	4.576E-2	-0.139
47.071	5.608E-2	-0.135
47.105	6.142E-2	-0.133
47.138	6.162E-2	-0.133
47.171	5.629E-2	-0.135
47.205	4.695E-2	-0.139
47.238	3.290E-2	-0.143
47.272	1.555E-2	-0.146
47.305	-3.115E-3	-0.146
47.338	-1.681E-2	-0.145
47.372	-3.342E-2	-0.142
47.405	-4.689E-2	-0.138
47.438	-5.658E-2	-0.135
47.472	-6.110E-2	-0.133
47.505	-6.073E-2	-0.133
47.538	-5.573E-2	-0.135
47.572	-4.537E-2	-0.139
47.605	-3.150E-2	-0.142
47.638	-1.404E-2	-0.145
47.672	5.008E-3	-0.146
47.705	1.990E-2	-0.145
47.738	3.402E-2	-0.142
47.772	4.727E-2	-0.138
47.805	5.622E-2	-0.135
47.838	5.972E-2	-0.133
47.872	5.948E-2	-0.134
47.905	5.411E-2	-0.136
47.938	4.344E-2	-0.140
47.972	2.882E-2	-0.143
48.005	1.108E-2	-0.146
48.038	-2.795E-3	-0.146
48.072	-2.050E-2	-0.145
48.105	-3.667E-2	-0.141
48.138	-4.912E-2	-0.137
48.172	-5.736E-2	-0.134
48.205	-6.071E-2	-0.133
48.238	-5.957E-2	-0.133
48.272	-5.311E-2	-0.136
48.305	-4.224E-2	-0.140
48.338	-2.770E-2	-0.143
48.372	-9.635E-3	-0.146
48.405	9.648E-3	-0.146
48.438	2.489E-2	-0.143
48.472	3.905E-2	-0.140
48.505	5.132E-2	-0.136
48.538	5.889E-2	-0.134
48.572	6.099E-2	-0.130
48.605	5.892E-2	-0.131
48.638	5.216E-2	-0.134
48.672	4.146E-2	-0.141
48.705	2.732E-2	-0.144
48.738	7.472E-3	-0.147
48.772	-1.061E-2	-0.146
48.805	-2.588E-2	-0.144
48.838	-4.063E-2	-0.141
48.872	-5.194E-2	-0.137
48.905	-5.903E-2	-0.134
48.938	-6.125E-2	-0.133
48.972	-5.873E-2	-0.134
49.005	-5.159E-2	-0.137
49.038	-4.010E-2	-0.141
49.072	-2.496E-2	-0.145
49.105	-7.673E-3	-0.147
49.138	8.918E-3	-0.147
49.172	2.739E-2	-0.144
49.205	4.192E-2	-0.141
49.238	5.282E-2	-0.137
49.272	5.950E-2	-0.135
49.305	6.148E-2	-0.134
49.338	5.837E-2	-0.135
49.372	5.045E-2	-0.138
49.405	3.854E-2	-0.142
49.438	2.362E-2	-0.145
49.472	7.452E-3	-0.147
49.505	-1.264E-2	-0.146
49.538	-2.940E-2	-0.144
49.572	-4.349E-2	-0.140
49.605	-5.362E-2	-0.136
49.638	-5.942E-2	-0.134
49.672	-6.050E-2	-0.133
49.705	-5.691E-2	-0.135
49.738	-4.866E-2	-0.138
49.772	-3.609E-2	-0.142
49.805	-2.068E-2	-0.145
49.838	-4.281E-3	-0.147
49.872	1.423E-2	-0.143
49.905	3.036E-2	-0.140
49.938	4.355E-2	-0.136
49.972	5.235E-2	-0.131
50.005	5.862E-2	-0.132
50.038	5.876E-2	-0.132
50.072	5.508E-2	-0.133
50.105	4.678E-2	-0.137
50.138	3.375E-2	-0.141
50.172	1.719E-2	-0.144
50.205	9.053E-4	-0.145
50.238	-1.637E-2	-0.144
50.272	-3.169E-2	-0.142
50.305	-4.489E-2	-0.138
50.338	-5.471E-2	-0.135
50.372	-5.907E-2	-0.133
50.405	-5.911E-2	-0.133
50.439	-5.457E-2	-0.135
50.472	-4.480E-2	-0.138
50.505	-3.146E-2	-0.142
50.539	-1.536E-2	-0.145
50.572	1.211E-3	-0.145
50.605	1.758E-2	-0.144
50.639	3.429E-2	-0.141
50.672	4.662E-2	-0.138
50.705	5.583E-2	-0.135
50.739	5.921E-2	-0.131
50.772	5.857E-2	-0.131
50.805	5.305E-2	-0.134
50.839	4.264E-2	-0.138
50.872	2.964E-2	-0.142
50.905	1.398E-2	-0.144
50.939	-2.796E-3	-0.144
50.972	-2.015E-2	-0.143
51.005	-3.514E-2	-0.140
51.039	-4.751E-2	-0.137
51.072	-5.568E-2	-0.134
51.105	-5.876E-2	-0.133
51.139	-5.737E-2	-0.133
51.172	-5.153E-2	-0.135
51.205	-4.122E-2	-0.139
51.239	-2.720E-2	-0.141
51.272	-1.098E-2	-0.144
51.305	6.189E-3	-0.145
51.339	2.048E-2	-0.142
51.372	3.546E-2	-0.139
51.405	4.645E-2	-0.135
51.439	5.334E-2	-0.132
51.472	5.862E-2	-0.132
51.505	5.651E-2	-0.132
51.539	5.074E-2	-0.135
51.572	3.731E-2	-0.138
51.605	2.792E-2	-0.142
51.639	1.268E-2	-0.143
51.672	-5.339E-3	-0.143
51.705	-2.227E-2	-0.140
51.739	-3.659E-2	-0.137
51.772	-4.690E-2	-0.133
51.805	-5.310E-2	-0.130
51.839	-5.561E-2	-0.131
51.872	-5.354E-2	-0.132
51.905	-4.682E-2	-0.136
51.939	-3.667E-2	-0.138
51.972	-2.260E-2	-0.143
52.005	-5.547E-3	-0.144
52.039	8.693E-3	-0.144
52.072	2.455E-2	-0.143
52.105	3.817E-2	-0.137
52.139	4.849E-2	-0.134
52.172	5.510E-2	-0.130
52.205	5.803E-2	-0.131
52.239	5.472E-2	-0.133
52.272	4.856E-2	-0.137
52.305	3.709E-2	-0.140
52.339	2.209E-2	-0.142
52.372	4.171E-3	-0.146
52.405	-1.227E-2	-0.146
52.439	-2.840E-2	-0.143
52.472	-4.147E-2	-0.140
52.505	-5.143E-2	-0.137
52.539	-5.723E-2	-0.134
52.572	-5.821E-2	-0.134
52.605	-5.438E-2	-0.136
52.639	-4.616E-2	-0.139
52.672	-3.381E-2	-0.142
52.705	-1.900E-2	-0.145
52.739	-1.748E-3	-0.144
52.772	1.458E-2	-0.143
52.805	2.988E-2	-0.141
52.839	4.264E-2	-0.138
52.872	5.278E-2	-0.135
52.905	5.655E-2	-0.130
52.939	5.699E-2	-0.130
52.972	5.325E-2	-0.132
53.005	4.469E-2	-0.137
53.039	3.199E-2	-0.140
53.072	1.698E-2	-0.143
53.105	1.496E-4	-0.144
53.139	-1.672E-2	-0.144
53.172	-3.126E-2	-0.140
53.205	-4.251E-2	-0.135
53.239	-5.206E-2	-0.134
53.272	-5.643E-2	-0.131
53.305	-5.617E-2	-0.131
53.339	-5.143E-2	-0.134
53.372	-4.259E-2	-0.138
53.405	-2.951E-2	-0.141
53.439	-1.358E-2	-0.145
53.472	-5.104E-4	-0.146
53.505	1.686E-2	-0.145
53.539	3.184E-2	-0.142
53.572	4.463E-2	-0.139
53.605	5.219E-2	-0.136
53.639	5.557E-2	-0.135
53.672	5.495E-2	-0.135
53.706	4.968E-2	-0.137
53.739	4.017E-2	-0.140
53.772	2.673E-2	-0.143
53.806	1.028E-2	-0.146
53.839	-5.895E-3	-0.146
53.872	-1.931E-2	-0.144
53.906	-3.424E-2	-0.142
53.939	-4.618E-2	-0.138
53.972	-5.381E-2	-0.135
54.006	-5.692E-2	-0.134
54.039	-5.538E-2	-0.135
54.072	-4.916E-2	-0.137
54.106	-3.858E-2	-0.141
54.139	-2.477E-2	-0.144
54.172	-7.666E-3	-0.144
54.206	9.357E-3	-0.144
54.239	2.063E-2	-0.143
54.272	3.441E-2	-0.138
54.306	4.473E-2	-0.135
54.339	5.131E-2	-0.133
54.372	5.625E-2	-0.132
54.406	5.448E-2	-0.134
54.439	4.856E-2	-0.135
54.472	3.850E-2	-0.139
54.506	2.489E-2	-0.143
54.539	7.130E-3	-0.144
54.572	-7.074E-3	-0.144
54.606	-2.187E-2	-0.142
54.639	-3.903E-2	-0.140
54.672	-4.948E-2	-0.136
54.706	-5.570E-2	-0.134
54.739	-5.730E-2	-0.134
54.772	-5.459E-2	-0.134
54.806	-4.728E-2	-0.137
54.839	-3.564E-2	-0.141
54.872	-2.184E-2	-0.144
54.906	-4.707E-3	-0.145
54.939	1.232E-2	-0.145
54.972	2.712E-2	-0.141
55.006	4.001E-2	-0.137
55.039	4.915E-2	-0.135
55.072	5.549E-2	-0.133
55.106	5.687E-2	-0.133
55.139	5.301E-2	-0.134
55.172	4.457E-2	-0.137
55.206	3.376E-2	-0.140
55.239	1.899E-2	-0.143
55.272	2.027E-3	-0.144
55.306	-1.382E-2	-0.144
55.339	-2.872E-2	-0.141
55.372	-4.064E-2	-0.137
55.406	-4.806E-2	-0.133
55.439	-5.265E-2	-0.133
55.472	-5.293E-2	-0.133
55.506	-4.937E-2	-0.134
55.539	-4.150E-2	-0.138
55.572	-3.075E-2	-0.140
55.606	-1.607E-2	-0.143
55.639	3.946E-4	-0.144
55.672	1.530E-2	-0.143
55.706	2.996E-2	-0.140
55.739	4.137E-2	-0.136
55.772	4.972E-2	-0.133
55.806	5.389E-2	-0.132
55.839	5.385E-2	-0.132
55.872	4.976E-2	-0.135
55.906	4.146E-2	-0.137
55.939	2.866E-2	-0.141
55.972	1.368E-2	-0.143
56.006	-2.753E-3	-0.144
56.039	-1.704E-2	-0.143
56.072	-3.109E-2	-0.140
56.106	-4.181E-2	-0.135
56.139	-4.914E-2	-0.132
56.172	-5.324E-2	-0.133
56.206	-5.264E-2	-0.133
56.239	-4.800E-2	-0.135
56.272	-3.726E-2	-0.138
56.306	-2.488E-2	-0.142
56.339	-9.408E-3	-0.144
56.372	4.763E-3	-0.144
56.406	2.116E-2	-0.142
56.439	3.466E-2	-0.139
56.472	4.391E-2	-0.135
56.506	5.070E-2	-0.132
56.539	5.448E-2	-0.133
56.572	5.318E-2	-0.133
56.606	4.763E-2	-0.136
56.639	3.791E-2	-0.138
56.672	2.467E-2	-0.142
56.706	9.074E-3	-0.144
56.739	-5.875E-3	-0.144
56.772	-2.187E-2	-0.142
56.806	-3.530E-2	-0.139
56.839	-4.456E-2	-0.135
56.872	-4.999E-2	-0.132
56.906	-5.324E-2	-0.132
56.939	-5.191E-2	-0.134
56.973	-4.563E-2	-0.136
57.006	-3.548E-2	-0.139
57.039	-2.172E-2	-0.143
57.073	-6.483E-3	-0.145
57.106	1.040E-2	-0.145
57.139	2.502E-2	-0.143
57.173	3.849E-2	-0.140
57.206	4.849E-2	-0.137
57.239	5.270E-2	-0.134
57.273	5.476E-2	-0.133
57.306	5.154E-2	-0.134
57.339	4.264E-2	-0.137
57.373	3.201E-2	-0.140
57.406	1.828E-2	-0.143
57.439	6.196E-4	-0.146
57.473	-1.526E-2	-0.144
57.506	-2.515E-2	-0.144
57.539	-3.782E-2	-0.141
57.573	-4.783E-2	-0.139
57.606	-5.278E-2	-0.137
57.639	-5.399E-2	-0.136
57.673	-5.045E-2	-0.138
57.706	-4.224E-2	-0.140
57.739	-3.076E-2	-0.143
57.773	-1.583E-2	-0.146
57.806	1.166E-3	-0.146
57.839	1.815E-2	-0.142
57.873	2.922E-2	-0.144
57.906	3.976E-2	-0.142
57.939	4.874E-2	-0.139
57.973	5.349E-2	-0.137
58.006	5.379E-2	-0.137
58.039	4.960E-2	-0.139
58.073	4.094E-2	-0.141
58.106	2.851E-2	-0.144
58.139	1.361E-2	-0.146
58.173	-4.795E-3	-0.146
58.206	-2.116E-2	-0.145
58.239	-3.051E-2	-0.148
58.273	-3.903E-2	-0.139
58.306	-4.969E-2	-0.135
58.339	-5.382E-2	-0.133
58.373	-5.349E-2	-0.133
58.406	-4.842E-2	-0.135
58.439	-3.954E-2	-0.139
58.473	-2.779E-2	-0.142
58.506	-1.316E-2	-0.144
58.539	2.909E-3	-0.145
58.573	1.856E-2	-0.143
58.606	3.268E-2	-0.140
58.639	4.367E-2	-0.136
58.673	5.034E-2	-0.136
58.706	5.383E-2	-0.135
58.739	5.270E-2	-0.135
58.773	4.734E-2	-0.137
58.806	3.731E-2	-0.139
58.839	2.481E-2	-0.142
58.873	9.636E-3	-0.144
58.906	-5.299E-3	-0.145
58.939	-2.061E-2	-0.143
58.973	-3.391E-2	-0.141
59.006	-4.462E-2	-0.138
59.039	-5.153E-2	-0.136
59.073	-5.434E-2	-0.135
59.106	-5.240E-2	-0.136
59.139	-4.641E-2	-0.138
59.173	-3.630E-2	-0.141
59.206	-2.356E-2	-0.143
59.239	-7.074E-3	-0.143
59.273	7.409E-3	-0.143
59.306	2.346E-2	-0.142
59.339	3.566E-2	-0.138
59.373	4.463E-2	-0.134
59.406	5.089E-2	-0.132
59.439	5.211E-2	-0.133
59.473	5.004E-2	-0.134
59.506	4.387E-2	-0.137
59.539	3.317E-2	-0.140
59.573	2.016E-2	-0.143
59.606	5.354E-3	-0.143
59.639	-9.587E-3	-0.142
59.673	-2.399E-2	-0.140
59.706	-3.556E-2	-0.137
59.739	-4.400E-2	-0.134
59.773	-4.969E-2	-0.134
59.806	-5.088E-2	-0.134
59.839	-4.849E-2	-0.135
59.873	-4.176E-2	-0.138
59.906	-3.075E-2	-0.140
59.939	-1.686E-2	-0.143
59.973	-2.838E-3	-0.144
60.006	1.079E-2	-0.144
60.039	2.525E-2	-0.142
60.073	3.704E-2	-0.138
60.106	4.501E-2	-0.136
60.139	5.211E-2	-0.135
60.173	5.334E-2	-0.135
60.206	4.883E-2	-0.136
60.240	4.092E-2	-0.139
60.273	2.962E-2	-0.141
60.306	1.537E-2	-0.144
60.340	1.803E-3	-0.144
60.373	-1.422E-2	-0.143
60.406	-2.766E-2	-0.140
60.440	-3.863E-2	-0.136
60.473	-4.541E-2	-0.133
60.506	-5.087E-2	-0.133
60.540	-5.069E-2	-0.133
60.573	-4.688E-2	-0.136
60.606	-3.667E-2	-0.138
60.640	-2.493E-2	-0.142
60.673	-1.299E-2	-0.144
60.706	2.290E-3	-0.144
60.740	1.818E-2	-0.143
60.773	3.154E-2	-0.140
60.806	4.205E-2	-0.136
60.840	4.901E-2	-0.133
60.873	5.329E-2	-0.133
60.906	5.240E-2	-0.133
60.940	4.678E-2	-0.137
60.973	3.763E-2	-0.139
61.006	2.429E-2	-0.143
61.040	9.854E-3	-0.144
61.073	-2.897E-3	-0.144
61.106	-1.789E-2	-0.142
61.140	-3.098E-2	-0.139
61.173	-4.070E-2	-0.136
61.206	-4.683E-2	-0.133
61.240	-4.910E-2	-0.131
61.273	-4.969E-2	-0.133
61.306	-4.432E-2	-0.135
61.340	-3.667E-2	-0.140
61.373	-2.436E-2	-0.143
61.406	-5.299E-3	-0.144
61.440	5.946E-3	-0.142
61.473	2.028E-2	-0.141
61.506	3.357E-2	-0.138
61.540	4.273E-2	-0.135
61.573	4.842E-2	-0.132
61.606	5.270E-2	-0.134
61.640	5.031E-2	-0.135
61.673	4.264E-2	-0.137
61.706	3.140E-2	-0.141
61.740	1.873E-2	-0.144
61.773	4.091E-3	-0.144
61.806	-7.576E-3	-0.145
61.840	-2.193E-2	-0.142
61.873	-3.374E-2	-0.138
61.906	-4.377E-2	-0.137
61.940	-4.848E-2	-0.134
61.973	-4.997E-2	-0.133
62.006	-4.729E-2	-0.135
62.040	-4.082E-2	-0.138
62.073	-3.075E-2	-0.140
62.106	-1.805E-2	-0.143
62.140	-3.150E-3	-0.144
62.173	1.135E-2	-0.144
62.206	2.515E-2	-0.142
62.240	3.649E-2	-0.138
62.273	4.514E-2	-0.135
62.306	4.988E-2	-0.132
62.340	5.043E-2	-0.132
62.373	4.662E-2	-0.134
62.406	3.896E-2	-0.137
62.440	2.830E-2	-0.140
62.473	1.523E-2	-0.143
62.506	1.211E-3	-0.144
62.540	-1.396E-2	-0.143
62.573	-2.720E-2	-0.140
62.606	-3.733E-2	-0.136
62.640	-4.423E-2	-0.133
62.673	-4.791E-2	-0.134
62.706	-4.784E-2	-0.134
62.740	-4.439E-2	-0.137
62.773	-3.726E-2	-0.138
62.806	-2.610E-2	-0.142
62.840	-1.181E-2	-0.141
62.873	3.765E-3	-0.142
62.906	1.566E-2	-0.141
62.940	2.863E-2	-0.139
62.973	3.899E-2	-0.136
63.006	4.641E-2	-0.133
63.040	4.915E-2	-0.134
63.073	4.857E-2	-0.134
63.106	4.422E-2	-0.137
63.140	3.672E-2	-0.140
63.173	2.418E-2	-0.143
63.206	9.497E-3	-0.143
63.240	-4.889E-3	-0.143
63.273	-1.783E-2	-0.141
63.306	-3.075E-2	-0.139
63.340	-3.985E-2	-0.135
63.373	-4.525E-2	-0.133
63.406	-4.850E-2	-0.134
63.440	-4.730E-2	-0.134
63.473	-4.258E-2	-0.137
63.507	-3.193E-2	-0.140
63.540	-1.989E-2	-0.142
63.573	-8.258E-3	-0.144
63.607	6.980E-3	-0.144
63.640	2.053E-2	-0.142
63.673	3.234E-2	-0.139
63.707	4.174E-2	-0.135
63.740	4.738E-2	-0.136
63.773	4.888E-2	-0.135
63.807	4.703E-2	-0.136
63.840	4.144E-2	-0.138
63.873	2.962E-2	-0.140
63.907	1.695E-2	-0.143
63.940	2.848E-3	-0.144
63.973	-7.240E-3	-0.143
64.007	-2.114E-2	-0.140
64.040	-3.259E-2	-0.138
64.073	-4.118E-2	-0.135
64.107	-4.732E-2	-0.135
64.140	-4.822E-2	-0.134
64.173	-4.560E-2	-0.136
64.207	-3.943E-2	-0.138
64.240	-2.779E-2	-0.142
64.273	-1.495E-2	-0.144
64.307	-2.340E-3	-0.143
64.340	1.174E-2	-0.143
64.373	2.520E-2	-0.140
64.407	3.557E-2	-0.138
64.440	4.396E-2	-0.134
64.473	4.863E-2	-0.132
64.507	5.093E-2	-0.134
64.540	4.765E-2	-0.135
64.573	3.909E-2	-0.139
64.607	2.816E-2	-0.142
64.640	1.423E-2	-0.143
64.673	2.408E-4	-0.144
64.707	-1.375E-2	-0.143
64.740	-2.690E-2	-0.140
64.773	-3.608E-2	-0.138
64.807	-4.309E-2	-0.135
64.840	-4.701E-2	-0.136
64.873	-4.612E-2	-0.134
64.907	-4.227E-2	-0.137
64.940	-3.493E-2	-0.139
64.973	-2.401E-2	-0.141
65.007	-1.181E-2	-0.144
65.040	1.758E-3	-0.144
65.073	1.544E-2	-0.143
