	mass A		
t	x	y	
1.600	-0.179	-1.367
1.633	-0.171	-1.361
1.667	-0.152	-1.359
1.700	-0.120	-1.362
1.733	-7.992E-2	-1.364
1.767	-3.392E-2	-1.366
1.800	1.527E-2	-1.365
1.834	6.356E-2	-1.366
1.867	0.108	-1.363
1.900	0.145	-1.360
1.934	0.175	-1.353
1.967	0.185	-1.353
2.000	0.171	-1.356
2.034	0.152	-1.357
2.067	0.119	-1.362
2.100	7.463E-2	-1.364
2.134	2.311E-2	-1.365
2.167	-2.714E-2	-1.365
2.200	-7.506E-2	-1.365
2.234	-0.118	-1.362
2.267	-0.156	-1.350
2.300	-0.176	-1.348
2.334	-0.178	-1.348
2.367	-0.168	-1.347
2.400	-0.139	-1.361
2.434	-0.106	-1.361
2.467	-5.863E-2	-1.365
2.500	-7.712E-3	-1.363
2.534	4.163E-2	-1.363
2.567	8.832E-2	-1.360
2.600	0.128	-1.359
2.634	0.157	-1.356
2.667	0.171	-1.354
2.700	0.170	-1.354
2.734	0.164	-1.358
2.767	0.135	-1.358
2.800	9.621E-2	-1.362
2.834	4.468E-2	-1.363
2.867	-3.228E-3	-1.365
2.900	-5.286E-2	-1.364
2.934	-9.949E-2	-1.363
2.967	-0.137	-1.358
3.000	-0.165	-1.350
3.034	-0.177	-1.349
3.067	-0.172	-1.350
3.100	-0.155	-1.350
3.134	-0.122	-1.359
3.167	-8.121E-2	-1.361
3.200	-3.147E-2	-1.364
3.234	1.797E-2	-1.364
3.267	6.591E-2	-1.363
3.300	0.110	-1.361
3.334	0.147	-1.356
3.367	0.166	-1.354
3.400	0.171	-1.354
3.434	0.169	-1.352
3.467	0.145	-1.357
3.500	0.111	-1.361
3.534	6.736E-2	-1.363
3.567	1.811E-2	-1.365
3.600	-3.228E-2	-1.364
3.634	-7.762E-2	-1.363
3.667	-0.119	-1.361
3.700	-0.156	-1.356
3.734	-0.169	-1.349
3.767	-0.173	-1.348
3.800	-0.161	-1.350
3.834	-0.136	-1.355
3.867	-9.744E-2	-1.361
3.900	-5.359E-2	-1.364
3.934	-3.178E-3	-1.364
3.967	4.448E-2	-1.363
4.000	9.028E-2	-1.360
4.034	0.130	-1.359
4.067	0.159	-1.356
4.100	0.174	-1.353
4.134	0.173	-1.352
4.167	0.157	-1.354
4.200	0.126	-1.354
4.234	8.666E-2	-1.362
4.267	4.032E-2	-1.364
4.300	-8.679E-3	-1.364
4.334	-5.574E-2	-1.365
4.367	-0.100	-1.358
4.400	-0.142	-1.358
4.434	-0.156	-1.359
4.467	-0.172	-1.347
4.500	-0.167	-1.349
4.534	-0.143	-1.353
4.567	-0.114	-1.355
4.600	-7.276E-2	-1.360
4.634	-2.541E-2	-1.363
4.667	2.220E-2	-1.364
4.700	6.906E-2	-1.363
4.734	0.111	-1.360
4.767	0.146	-1.358
4.800	0.167	-1.356
4.834	0.169	-1.357
4.867	0.165	-1.355
4.900	0.139	-1.358
4.934	0.104	-1.362
4.967	6.022E-2	-1.365
5.000	1.152E-2	-1.365
5.034	-3.548E-2	-1.364
5.067	-8.171E-2	-1.362
5.100	-0.119	-1.361
5.134	-0.152	-1.356
5.167	-0.166	-1.352
5.200	-0.165	-1.349
5.234	-0.156	-1.350
5.267	-0.130	-1.358
5.301	-9.050E-2	-1.361
5.334	-4.666E-2	-1.364
5.367	1.035E-3	-1.366
5.401	4.878E-2	-1.364
5.434	9.291E-2	-1.360
5.467	0.128	-1.360
5.501	0.150	-1.357
5.534	0.162	-1.349
5.567	0.158	-1.349
5.601	0.146	-1.356
5.634	0.119	-1.362
5.667	7.910E-2	-1.361
5.701	3.395E-2	-1.364
5.734	-1.399E-2	-1.364
5.767	-6.040E-2	-1.362
5.801	-0.103	-1.359
5.834	-0.138	-1.360
5.867	-0.156	-1.347
5.901	-0.162	-1.345
5.934	-0.156	-1.347
5.967	-0.141	-1.351
6.001	-0.106	-1.356
6.034	-6.565E-2	-1.361
6.067	-1.844E-2	-1.364
6.101	2.754E-2	-1.364
6.134	7.446E-2	-1.362
6.167	0.115	-1.359
6.201	0.146	-1.357
6.234	0.160	-1.356
6.267	0.167	-1.357
6.301	0.160	-1.355
6.334	0.132	-1.350
6.367	9.587E-2	-1.353
6.401	5.324E-2	-1.362
6.434	7.129E-3	-1.364
6.467	-4.057E-2	-1.364
6.501	-8.487E-2	-1.362
6.534	-0.121	-1.361
6.567	-0.146	-1.356
6.601	-0.161	-1.348
6.634	-0.162	-1.349
6.667	-0.145	-1.358
6.701	-0.121	-1.361
6.734	-8.419E-2	-1.364
6.767	-3.969E-2	-1.364
6.801	5.664E-3	-1.366
6.834	5.170E-2	-1.363
6.867	9.622E-2	-1.364
6.901	0.131	-1.359
6.934	0.149	-1.357
6.967	0.158	-1.355
7.001	0.155	-1.357
7.034	0.143	-1.359
7.067	0.111	-1.361
7.101	7.110E-2	-1.364
7.134	2.749E-2	-1.364
7.167	-1.953E-2	-1.364
7.201	-6.452E-2	-1.362
7.234	-0.107	-1.357
7.267	-0.138	-1.351
7.301	-0.155	-1.350
7.334	-0.161	-1.348
7.367	-0.155	-1.349
7.401	-0.134	-1.352
7.434	-9.951E-2	-1.360
7.467	-5.714E-2	-1.363
7.501	-1.399E-2	-1.365
7.534	3.294E-2	-1.363
7.567	7.729E-2	-1.361
7.601	0.116	-1.359
7.634	0.139	-1.356
7.667	0.161	-1.354
7.701	0.155	-1.355
7.734	0.146	-1.356
7.767	0.122	-1.359
7.801	0.100	-1.361
7.834	4.944E-2	-1.363
7.867	3.917E-3	-1.365
7.901	-4.234E-2	-1.364
7.934	-8.447E-2	-1.358
7.967	-0.118	-1.361
8.001	-0.140	-1.359
8.034	-0.151	-1.358
8.067	-0.149	-1.358
8.101	-0.135	-1.360
8.134	-0.110	-1.361
8.167	-7.471E-2	-1.364
8.201	-3.096E-2	-1.365
8.234	1.278E-2	-1.365
8.267	5.764E-2	-1.364
8.301	0.101	-1.362
8.334	0.134	-1.360
8.367	0.149	-1.358
8.401	0.159	-1.357
8.434	0.150	-1.357
8.467	0.137	-1.361
8.501	0.104	-1.363
8.534	6.478E-2	-1.363
8.567	2.053E-2	-1.364
8.601	-2.481E-2	-1.365
8.634	-7.032E-2	-1.364
8.667	-0.110	-1.361
8.701	-0.137	-1.351
8.734	-0.153	-1.351
8.767	-0.158	-1.350
8.801	-0.149	-1.351
8.834	-0.125	-1.358
8.868	-9.141E-2	-1.361
8.901	-5.094E-2	-1.365
8.934	-7.612E-3	-1.365
8.968	3.770E-2	-1.364
9.001	8.090E-2	-1.362
9.034	0.117	-1.360
9.068	0.136	-1.357
9.101	0.149	-1.356
9.134	0.150	-1.355
9.168	0.141	-1.357
9.201	0.114	-1.358
9.234	7.794E-2	-1.361
9.268	3.731E-2	-1.363
9.301	-6.305E-3	-1.365
9.334	-5.099E-2	-1.364
9.368	-9.253E-2	-1.361
9.401	-0.126	-1.355
9.434	-0.142	-1.356
9.468	-0.152	-1.354
9.501	-0.154	-1.352
9.534	-0.135	-1.353
9.568	-0.105	-1.360
9.601	-6.886E-2	-1.362
9.634	-2.735E-2	-1.364
9.668	1.757E-2	-1.363
9.701	6.263E-2	-1.362
9.734	0.102	-1.360
9.768	0.129	-1.358
9.801	0.144	-1.357
9.834	0.152	-1.355
9.868	0.146	-1.357
9.901	0.125	-1.359
9.934	9.330E-2	-1.362
9.968	5.467E-2	-1.365
10.001	1.294E-2	-1.364
10.034	-3.066E-2	-1.356
10.068	-7.630E-2	-1.363
10.101	-0.110	-1.355
10.134	-0.136	-1.353
10.168	-0.149	-1.350
10.201	-0.147	-1.355
10.234	-0.139	-1.356
10.268	-0.116	-1.360
10.301	-8.322E-2	-1.362
10.334	-4.339E-2	-1.364
10.368	-4.384E-4	-1.364
10.401	4.392E-2	-1.363
10.434	8.434E-2	-1.363
10.468	0.115	-1.353
10.501	0.144	-1.358
10.534	0.147	-1.356
10.568	0.146	-1.357
10.601	0.134	-1.359
10.634	0.108	-1.360
10.668	7.227E-2	-1.363
10.701	3.166E-2	-1.364
10.734	-1.110E-2	-1.365
10.768	-5.508E-2	-1.365
10.801	-9.223E-2	-1.362
10.834	-0.120	-1.359
10.868	-0.137	-1.358
10.901	-0.151	-1.358
10.934	-0.139	-1.358
10.968	-0.121	-1.360
11.001	-9.874E-2	-1.361
11.034	-6.048E-2	-1.365
11.068	-1.961E-2	-1.365
11.101	2.487E-2	-1.365
11.134	6.686E-2	-1.363
11.168	0.103	-1.362
11.201	0.134	-1.358
11.234	0.150	-1.354
11.268	0.154	-1.348
11.301	0.145	-1.355
11.334	0.121	-1.359
11.368	8.744E-2	-1.363
11.401	4.850E-2	-1.365
11.434	7.314E-3	-1.366
11.468	-3.702E-2	-1.365
11.501	-7.623E-2	-1.364
11.534	-0.112	-1.359
11.568	-0.129	-1.360
11.601	-0.143	-1.358
11.634	-0.143	-1.357
11.668	-0.129	-1.359
11.701	-0.105	-1.362
11.734	-7.400E-2	-1.362
11.768	-3.731E-2	-1.367
11.801	4.880E-3	-1.365
11.834	4.843E-2	-1.365
11.868	8.977E-2	-1.362
11.901	0.121	-1.359
11.934	0.143	-1.357
11.968	0.153	-1.355
12.001	0.147	-1.355
12.034	0.124	-1.359
12.068	0.100	-1.361
12.101	6.443E-2	-1.364
12.134	2.368E-2	-1.364
12.168	-1.813E-2	-1.365
12.201	-6.218E-2	-1.364
12.234	-9.561E-2	-1.360
12.268	-0.123	-1.354
12.301	-0.138	-1.358
12.334	-0.143	-1.358
12.368	-0.135	-1.359
12.401	-0.115	-1.359
12.435	-8.637E-2	-1.362
12.468	-5.094E-2	-1.365
12.501	-1.084E-2	-1.366
12.535	3.177E-2	-1.365
12.568	7.310E-2	-1.362
12.601	0.105	-1.362
12.635	0.128	-1.359
12.668	0.141	-1.359
12.701	0.141	-1.358
12.735	0.131	-1.359
12.768	0.106	-1.362
12.801	7.756E-2	-1.364
12.835	4.021E-2	-1.365
12.868	-1.307E-3	-1.367
12.901	-4.640E-2	-1.365
12.935	-8.221E-2	-1.363
12.968	-0.112	-1.361
13.001	-0.132	-1.354
13.035	-0.143	-1.354
13.068	-0.138	-1.361
13.101	-0.124	-1.361
13.135	-9.828E-2	-1.361
13.168	-6.570E-2	-1.364
13.201	-2.800E-2	-1.367
13.235	1.491E-2	-1.365
13.268	5.684E-2	-1.364
13.301	9.348E-2	-1.363
13.335	0.115	-1.359
13.368	0.140	-1.359
13.401	0.140	-1.357
13.435	0.134	-1.357
13.468	0.117	-1.359
13.501	8.752E-2	-1.362
13.535	5.418E-2	-1.364
13.568	1.654E-2	-1.365
13.601	-2.567E-2	-1.363
13.635	-6.590E-2	-1.364
13.668	-9.934E-2	-1.360
13.701	-0.123	-1.357
13.735	-0.134	-1.357
13.768	-0.139	-1.357
13.801	-0.130	-1.358
13.835	-0.107	-1.360
13.868	-7.742E-2	-1.363
13.901	-4.314E-2	-1.365
13.935	-3.539E-3	-1.365
13.968	3.812E-2	-1.364
14.001	7.856E-2	-1.362
14.035	0.110	-1.362
14.068	0.127	-1.360
14.101	0.145	-1.357
14.135	0.145	-1.358
14.168	0.127	-1.360
14.201	0.103	-1.361
14.235	7.220E-2	-1.363
14.268	3.399E-2	-1.365
14.301	-7.776E-3	-1.365
14.335	-4.898E-2	-1.365
14.368	-8.247E-2	-1.363
14.401	-0.112	-1.360
14.435	-0.136	-1.358
14.468	-0.139	-1.358
14.501	-0.134	-1.359
14.535	-0.118	-1.359
14.568	-9.059E-2	-1.361
14.601	-5.943E-2	-1.364
14.635	-1.954E-2	-1.364
14.668	2.065E-2	-1.365
14.701	6.028E-2	-1.363
14.735	9.086E-2	-1.362
14.768	0.116	-1.360
14.801	0.137	-1.358
14.835	0.142	-1.359
14.868	0.134	-1.359
14.901	0.112	-1.361
14.935	8.435E-2	-1.362
14.968	4.955E-2	-1.362
15.001	9.331E-3	-1.365
15.035	-3.106E-2	-1.367
15.068	-7.080E-2	-1.364
15.101	-9.782E-2	-1.361
15.135	-0.124	-1.361
15.168	-0.137	-1.358
15.201	-0.136	-1.358
15.235	-0.124	-1.358
15.268	-0.100	-1.363
15.301	-7.124E-2	-1.364
15.335	-3.563E-2	-1.364
15.368	3.277E-3	-1.360
15.401	4.482E-2	-1.364
15.435	8.099E-2	-1.364
15.468	0.111	-1.362
15.501	0.131	-1.360
15.535	0.137	-1.358
15.568	0.135	-1.359
15.601	0.117	-1.360
15.635	9.622E-2	-1.362
15.668	6.174E-2	-1.364
15.701	2.448E-2	-1.364
15.735	-1.638E-2	-1.360
15.768	-5.564E-2	-1.361
15.801	-8.915E-2	-1.358
15.835	-0.113	-1.353
15.868	-0.133	-1.353
15.902	-0.140	-1.352
15.935	-0.133	-1.353
15.968	-0.110	-1.361
16.002	-8.351E-2	-1.357
16.035	-4.974E-2	-1.361
16.068	-1.259E-2	-1.367
16.102	2.730E-2	-1.363
16.135	6.426E-2	-1.364
16.168	9.424E-2	-1.361
16.202	0.120	-1.361
16.235	0.138	-1.358
16.268	0.138	-1.359
16.302	0.127	-1.361
16.335	0.106	-1.362
16.368	7.796E-2	-1.364
16.402	4.101E-2	-1.367
16.435	1.948E-3	-1.366
16.468	-3.833E-2	-1.365
16.502	-7.248E-2	-1.363
16.535	-0.102	-1.354
16.568	-0.118	-1.361
16.602	-0.128	-1.360
16.635	-0.129	-1.359
16.668	-0.113	-1.360
16.702	-9.234E-2	-1.363
16.735	-6.527E-2	-1.365
16.768	-2.837E-2	-1.364
16.802	1.168E-2	-1.366
16.835	5.140E-2	-1.364
16.868	8.228E-2	-1.364
16.902	0.108	-1.362
16.935	0.126	-1.360
16.968	0.135	-1.361
17.002	0.130	-1.361
17.035	0.113	-1.355
17.068	8.617E-2	-1.362
17.102	5.363E-2	-1.365
17.135	1.597E-2	-1.366
17.168	-2.278E-2	-1.366
17.202	-6.084E-2	-1.359
17.235	-9.238E-2	-1.356
17.268	-0.111	-1.362
17.302	-0.133	-1.356
17.335	-0.133	-1.360
17.368	-0.124	-1.361
17.402	-0.101	-1.361
17.435	-7.624E-2	-1.363
17.468	-4.267E-2	-1.364
17.502	-4.520E-3	-1.364
17.535	3.386E-2	-1.365
17.568	6.820E-2	-1.363
17.602	9.868E-2	-1.351
17.635	0.123	-1.360
17.668	0.127	-1.356
17.702	0.135	-1.359
17.735	0.116	-1.361
17.768	9.825E-2	-1.363
17.802	6.566E-2	-1.363
17.835	2.965E-2	-1.365
17.868	-6.544E-3	-1.361
17.902	-4.498E-2	-1.363
17.935	-7.922E-2	-1.361
17.968	-0.106	-1.360
18.002	-0.118	-1.361
18.035	-0.127	-1.361
18.068	-0.124	-1.361
18.102	-0.111	-1.359
18.135	-8.805E-2	-1.363
18.168	-5.567E-2	-1.365
18.202	-2.059E-2	-1.365
18.235	1.801E-2	-1.364
18.268	5.530E-2	-1.365
18.302	8.427E-2	-1.364
18.335	0.106	-1.359
18.368	0.121	-1.358
18.402	0.129	-1.359
18.435	0.121	-1.360
18.468	0.106	-1.362
18.502	8.028E-2	-1.361
18.535	4.449E-2	-1.364
18.568	7.804E-3	-1.364
18.602	-3.045E-2	-1.365
18.635	-6.391E-2	-1.359
18.668	-9.085E-2	-1.364
18.702	-0.113	-1.361
18.735	-0.124	-1.361
18.768	-0.124	-1.360
18.802	-0.113	-1.361
18.835	-9.230E-2	-1.362
18.868	-6.746E-2	-1.364
18.902	-3.320E-2	-1.364
18.935	4.164E-3	-1.365
18.968	4.130E-2	-1.364
19.002	7.192E-2	-1.362
19.035	9.967E-2	-1.362
19.068	0.119	-1.360
19.102	0.125	-1.359
19.135	0.126	-1.360
19.168	0.113	-1.365
19.202	8.837E-2	-1.362
19.235	6.045E-2	-1.365
19.268	2.456E-2	-1.365
19.302	-1.259E-2	-1.365
19.335	-4.918E-2	-1.365
19.368	-7.856E-2	-1.364
19.402	-0.104	-1.361
19.435	-0.118	-1.361
19.469	-0.121	-1.361
19.502	-0.116	-1.361
19.535	-0.102	-1.361
19.569	-7.902E-2	-1.364
19.602	-4.736E-2	-1.365
19.635	-1.126E-2	-1.365
19.669	2.594E-2	-1.365
19.702	5.882E-2	-1.364
19.735	8.336E-2	-1.360
19.769	0.105	-1.359
19.802	0.119	-1.359
19.835	0.121	-1.358
19.869	0.114	-1.360
19.902	9.836E-2	-1.362
19.935	6.943E-2	-1.365
19.969	3.614E-2	-1.366
20.002	9.677E-4	-1.365
20.035	-3.618E-2	-1.363
20.069	-6.917E-2	-1.363
20.102	-9.474E-2	-1.362
20.135	-0.113	-1.361
20.169	-0.121	-1.360
20.202	-0.118	-1.360
20.235	-0.108	-1.361
20.269	-8.946E-2	-1.360
20.302	-6.103E-2	-1.364
20.335	-2.600E-2	-1.365
20.369	1.016E-2	-1.366
20.402	4.535E-2	-1.365
20.435	7.662E-2	-1.362
20.469	0.100	-1.362
20.502	0.122	-1.356
20.535	0.129	-1.356
20.569	0.124	-1.357
20.602	0.107	-1.358
20.635	8.397E-2	-1.361
20.669	5.412E-2	-1.363
20.702	1.778E-2	-1.363
20.735	-1.815E-2	-1.366
20.769	-5.157E-2	-1.362
20.802	-7.965E-2	-1.363
20.835	-0.102	-1.360
20.869	-0.118	-1.362
20.902	-0.119	-1.361
20.935	-0.110	-1.361
20.969	-9.284E-2	-1.362
21.002	-6.849E-2	-1.362
21.035	-3.810E-2	-1.364
21.069	-4.344E-3	-1.366
21.102	3.407E-2	-1.365
21.135	6.446E-2	-1.363
21.169	9.227E-2	-1.363
21.202	0.116	-1.357
21.235	0.126	-1.355
21.269	0.124	-1.343
21.302	0.115	-1.357
21.335	9.326E-2	-1.361
21.369	6.547E-2	-1.362
21.402	3.236E-2	-1.362
21.435	-4.248E-3	-1.364
21.469	-3.747E-2	-1.364
21.502	-6.857E-2	-1.362
21.535	-9.299E-2	-1.361
21.569	-0.113	-1.359
21.602	-0.121	-1.358
21.635	-0.116	-1.361
21.669	-9.796E-2	-1.362
21.702	-7.676E-2	-1.363
21.735	-5.018E-2	-1.364
21.769	-1.702E-2	-1.365
21.802	1.888E-2	-1.364
21.835	5.325E-2	-1.363
21.869	8.208E-2	-1.363
21.902	0.102	-1.362
21.935	0.118	-1.363
21.969	0.126	-1.357
22.002	0.119	-1.358
22.035	0.101	-1.362
22.069	7.698E-2	-1.363
22.102	4.513E-2	-1.362
22.135	1.034E-2	-1.365
22.169	-2.495E-2	-1.364
22.202	-5.540E-2	-1.364
22.235	-8.151E-2	-1.364
22.269	-0.108	-1.361
22.302	-0.116	-1.360
22.335	-0.112	-1.361
22.369	-0.104	-1.361
22.402	-8.742E-2	-1.362
22.435	-6.276E-2	-1.364
22.469	-3.159E-2	-1.367
22.502	4.020E-3	-1.365
22.535	3.754E-2	-1.365
22.569	6.798E-2	-1.365
22.602	9.378E-2	-1.364
22.635	0.115	-1.362
22.669	0.120	-1.362
22.702	0.121	-1.359
22.735	0.105	-1.363
22.769	8.662E-2	-1.365
22.802	5.668E-2	-1.366
22.835	2.305E-2	-1.367
22.869	-1.136E-2	-1.365
22.902	-4.374E-2	-1.366
22.935	-7.049E-2	-1.366
22.969	-9.355E-2	-1.364
23.002	-0.111	-1.363
23.036	-0.115	-1.361
23.069	-0.109	-1.363
23.102	-9.192E-2	-1.363
23.136	-7.349E-2	-1.364
23.169	-4.256E-2	-1.364
23.202	-9.827E-3	-1.366
23.236	2.381E-2	-1.367
23.269	5.701E-2	-1.364
23.302	8.414E-2	-1.363
23.336	0.106	-1.361
23.369	0.118	-1.362
23.402	0.120	-1.361
23.436	0.111	-1.362
23.469	9.487E-2	-1.362
23.502	6.710E-2	-1.364
23.536	3.717E-2	-1.365
23.569	3.876E-3	-1.364
23.602	-3.153E-2	-1.367
23.636	-5.995E-2	-1.365
23.669	-8.469E-2	-1.361
23.702	-0.101	-1.362
23.736	-0.112	-1.361
23.769	-0.110	-1.361
23.802	-9.875E-2	-1.361
23.836	-8.155E-2	-1.364
23.869	-5.418E-2	-1.365
23.902	-2.359E-2	-1.364
23.936	9.852E-3	-1.366
23.969	4.261E-2	-1.364
24.002	7.378E-2	-1.364
24.036	9.840E-2	-1.362
24.069	0.115	-1.362
24.102	0.120	-1.360
24.136	0.115	-1.362
24.169	0.101	-1.362
24.202	7.900E-2	-1.364
24.236	5.055E-2	-1.365
24.269	1.640E-2	-1.365
24.302	-1.564E-2	-1.367
24.336	-4.895E-2	-1.365
24.369	-7.327E-2	-1.364
24.402	-9.497E-2	-1.364
24.436	-0.106	-1.362
24.469	-0.114	-1.360
24.502	-0.105	-1.360
24.536	-8.750E-2	-1.363
24.569	-6.460E-2	-1.364
24.602	-3.459E-2	-1.365
24.636	-1.583E-3	-1.365
24.669	2.918E-2	-1.365
24.702	5.928E-2	-1.365
24.736	8.437E-2	-1.363
24.769	0.103	-1.362
24.802	0.117	-1.357
24.836	0.111	-1.360
24.869	0.100	-1.361
24.902	8.346E-2	-1.362
24.936	5.769E-2	-1.363
24.969	2.529E-2	-1.365
25.002	-7.268E-3	-1.365
25.036	-3.653E-2	-1.365
25.069	-7.059E-2	-1.358
25.102	-9.152E-2	-1.359
25.136	-0.102	-1.361
25.169	-0.110	-1.361
25.202	-0.104	-1.360
25.236	-9.209E-2	-1.362
25.269	-7.503E-2	-1.364
25.302	-4.947E-2	-1.364
25.336	-1.616E-2	-1.365
25.369	1.666E-2	-1.365
25.402	4.790E-2	-1.364
25.436	7.571E-2	-1.363
25.469	9.692E-2	-1.362
25.502	0.112	-1.360
25.536	0.115	-1.359
25.569	0.110	-1.359
25.602	9.338E-2	-1.361
25.636	6.859E-2	-1.362
25.669	4.124E-2	-1.364
25.702	8.933E-3	-1.364
25.736	-2.409E-2	-1.365
25.769	-5.241E-2	-1.364
25.802	-7.659E-2	-1.362
25.836	-9.515E-2	-1.362
25.869	-0.104	-1.362
25.902	-0.104	-1.362
25.936	-9.585E-2	-1.362
25.969	-7.941E-2	-1.363
26.002	-5.614E-2	-1.364
26.036	-2.833E-2	-1.364
26.069	3.728E-3	-1.364
26.102	3.434E-2	-1.364
26.136	6.463E-2	-1.364
26.169	8.984E-2	-1.362
26.202	0.107	-1.362
26.236	0.114	-1.357
26.269	0.112	-1.362
26.302	0.101	-1.361
26.336	7.861E-2	-1.365
26.369	5.155E-2	-1.365
26.402	2.100E-2	-1.365
26.436	-1.016E-2	-1.366
26.469	-4.063E-2	-1.362
26.503	-6.817E-2	-1.362
26.536	-9.026E-2	-1.361
26.569	-0.102	-1.360
26.603	-0.108	-1.360
26.636	-0.106	-1.356
26.669	-8.769E-2	-1.362
26.703	-6.654E-2	-1.363
26.736	-3.980E-2	-1.361
26.769	-6.785E-3	-1.363
26.803	2.102E-2	-1.363
26.836	5.117E-2	-1.364
26.869	7.870E-2	-1.365
26.903	9.916E-2	-1.362
26.936	0.105	-1.362
26.969	0.105	-1.361
27.003	9.813E-2	-1.362
27.036	8.729E-2	-1.362
27.069	6.085E-2	-1.364
27.103	3.015E-2	-1.365
27.136	9.913E-4	-1.365
27.169	-2.952E-2	-1.366
27.203	-5.718E-2	-1.364
27.236	-8.018E-2	-1.363
27.269	-9.831E-2	-1.361
27.303	-0.104	-1.362
27.336	-0.103	-1.362
27.369	-9.254E-2	-1.363
27.403	-7.346E-2	-1.364
27.436	-5.007E-2	-1.366
27.469	-1.985E-2	-1.365
27.503	1.034E-2	-1.368
27.536	3.929E-2	-1.365
27.569	6.613E-2	-1.362
27.603	9.115E-2	-1.363
27.636	0.105	-1.363
27.669	0.106	-1.361
27.703	0.105	-1.362
27.736	9.395E-2	-1.363
27.769	7.124E-2	-1.364
27.803	4.392E-2	-1.364
27.836	1.416E-2	-1.365
27.869	-1.574E-2	-1.365
27.903	-4.622E-2	-1.364
27.936	-6.957E-2	-1.362
27.969	-9.021E-2	-1.360
28.003	-9.911E-2	-1.357
28.036	-0.102	-1.360
28.069	-9.529E-2	-1.361
28.103	-7.968E-2	-1.362
28.136	-5.841E-2	-1.361
28.169	-3.130E-2	-1.362
28.203	-2.011E-3	-1.364
28.236	2.838E-2	-1.365
28.269	5.840E-2	-1.365
28.303	7.756E-2	-1.362
28.336	9.342E-2	-1.361
28.369	9.887E-2	-1.360
28.403	0.104	-1.363
28.436	9.521E-2	-1.362
28.469	7.916E-2	-1.363
28.503	5.395E-2	-1.364
28.536	2.613E-2	-1.364
28.569	-4.415E-3	-1.364
28.603	-3.458E-2	-1.364
28.636	-6.224E-2	-1.364
28.669	-8.204E-2	-1.362
28.703	-9.839E-2	-1.361
28.736	-0.101	-1.361
28.769	-9.494E-2	-1.361
28.803	-8.739E-2	-1.362
28.836	-6.920E-2	-1.364
28.869	-4.278E-2	-1.365
28.903	-1.319E-2	-1.365
28.936	1.556E-2	-1.365
28.969	4.533E-2	-1.365
29.003	7.268E-2	-1.362
29.036	8.386E-2	-1.361
29.069	9.944E-2	-1.362
29.103	9.994E-2	-1.361
29.136	9.443E-2	-1.362
29.169	8.235E-2	-1.362
29.203	6.198E-2	-1.364
29.236	3.504E-2	-1.364
29.269	7.798E-3	-1.365
29.303	-2.183E-2	-1.366
29.336	-4.914E-2	-1.364
29.369	-7.166E-2	-1.363
29.403	-8.938E-2	-1.363
29.436	-9.797E-2	-1.362
29.469	-9.796E-2	-1.362
29.503	-8.907E-2	-1.361
29.536	-7.359E-2	-1.363
29.569	-5.092E-2	-1.364
29.603	-2.625E-2	-1.365
29.636	2.026E-3	-1.365
29.669	3.392E-2	-1.365
29.703	6.164E-2	-1.364
29.736	8.239E-2	-1.361
29.769	9.587E-2	-1.361
29.803	0.105	-1.361
29.836	0.103	-1.361
29.869	9.029E-2	-1.362
29.903	7.202E-2	-1.363
29.936	4.623E-2	-1.363
29.969	1.782E-2	-1.364
30.003	-9.481E-3	-1.365
30.036	-3.812E-2	-1.365
30.070	-6.286E-2	-1.364
30.103	-8.206E-2	-1.364
30.136	-9.072E-2	-1.362
30.170	-9.367E-2	-1.362
30.203	-8.969E-2	-1.363
30.236	-7.696E-2	-1.363
30.270	-5.949E-2	-1.364
30.303	-3.431E-2	-1.365
30.336	-6.957E-3	-1.366
30.370	2.297E-2	-1.364
30.403	4.899E-2	-1.365
30.436	7.252E-2	-1.363
30.470	8.755E-2	-1.363
30.503	9.563E-2	-1.362
30.536	9.587E-2	-1.362
30.570	9.236E-2	-1.363
30.603	7.624E-2	-1.365
30.636	5.383E-2	-1.365
30.670	2.675E-2	-1.366
30.703	-1.421E-3	-1.366
30.736	-2.922E-2	-1.361
30.770	-5.381E-2	-1.365
30.803	-7.626E-2	-1.359
30.836	-9.077E-2	-1.361
30.870	-9.844E-2	-1.362
30.903	-9.364E-2	-1.361
30.936	-8.961E-2	-1.361
30.970	-7.045E-2	-1.363
31.003	-4.370E-2	-1.364
31.036	-2.030E-2	-1.364
31.070	1.216E-2	-1.365
31.103	4.007E-2	-1.364
31.136	6.111E-2	-1.363
31.170	8.072E-2	-1.361
31.203	9.252E-2	-1.359
31.236	9.768E-2	-1.361
31.270	9.337E-2	-1.362
31.303	7.962E-2	-1.362
31.336	6.082E-2	-1.364
31.370	3.494E-2	-1.364
31.403	9.704E-3	-1.365
31.436	-1.731E-2	-1.365
31.470	-4.559E-2	-1.365
31.503	-6.588E-2	-1.363
31.536	-8.121E-2	-1.364
31.570	-9.360E-2	-1.362
31.603	-9.458E-2	-1.362
31.636	-8.843E-2	-1.362
31.670	-7.299E-2	-1.363
31.703	-5.268E-2	-1.364
31.736	-2.645E-2	-1.365
31.770	1.418E-3	-1.366
31.803	2.901E-2	-1.367
31.836	5.513E-2	-1.366
31.870	7.702E-2	-1.365
31.903	9.178E-2	-1.363
31.936	9.415E-2	-1.363
31.970	9.368E-2	-1.363
32.003	8.627E-2	-1.363
32.036	6.887E-2	-1.364
32.070	4.576E-2	-1.365
32.103	2.082E-2	-1.366
32.136	-8.405E-3	-1.365
32.170	-3.364E-2	-1.364
32.203	-5.641E-2	-1.362
32.236	-7.641E-2	-1.363
32.270	-8.811E-2	-1.361
32.303	-9.030E-2	-1.362
32.336	-8.940E-2	-1.362
32.370	-7.757E-2	-1.362
32.403	-5.983E-2	-1.358
32.436	-3.723E-2	-1.364
32.470	-7.637E-3	-1.364
32.503	1.845E-2	-1.364
32.536	4.537E-2	-1.364
32.570	7.004E-2	-1.362
32.603	8.375E-2	-1.361
32.636	9.592E-2	-1.360
32.670	9.588E-2	-1.361
32.703	8.989E-2	-1.361
32.736	7.532E-2	-1.363
32.770	5.449E-2	-1.364
32.803	3.158E-2	-1.365
32.836	3.509E-3	-1.365
32.870	-2.397E-2	-1.365
32.903	-4.922E-2	-1.363
32.936	-7.085E-2	-1.363
32.970	-8.405E-2	-1.362
33.003	-9.280E-2	-1.361
33.036	-9.343E-2	-1.361
33.070	-8.343E-2	-1.362
33.103	-6.456E-2	-1.364
33.136	-4.681E-2	-1.364
33.170	-2.045E-2	-1.365
33.203	5.623E-3	-1.365
33.236	3.389E-2	-1.365
33.270	5.919E-2	-1.363
33.303	7.828E-2	-1.362
33.336	9.382E-2	-1.362
33.370	9.903E-2	-1.361
33.403	9.558E-2	-1.361
33.436	8.410E-2	-1.363
33.470	6.363E-2	-1.362
33.503	4.002E-2	-1.363
33.536	1.486E-2	-1.364
33.570	-1.150E-2	-1.365
33.603	-4.062E-2	-1.364
33.637	-6.201E-2	-1.363
33.670	-8.391E-2	-1.361
33.703	-8.791E-2	-1.362
33.737	-8.993E-2	-1.361
33.770	-8.399E-2	-1.362
33.803	-7.054E-2	-1.363
33.837	-5.204E-2	-1.364
33.870	-2.655E-2	-1.367
33.903	-2.232E-3	-1.366
33.937	2.593E-2	-1.365
33.970	4.803E-2	-1.364
34.003	7.287E-2	-1.364
34.037	8.310E-2	-1.363
34.070	8.924E-2	-1.362
34.103	9.490E-2	-1.362
34.137	8.233E-2	-1.362
34.170	6.794E-2	-1.364
34.203	4.791E-2	-1.364
34.237	2.319E-2	-1.365
34.270	-1.337E-3	-1.366
34.303	-2.835E-2	-1.365
34.337	-5.204E-2	-1.363
34.370	-6.986E-2	-1.364
34.403	-8.288E-2	-1.363
34.437	-8.885E-2	-1.363
34.470	-8.605E-2	-1.363
34.503	-7.409E-2	-1.364
34.537	-5.850E-2	-1.359
34.570	-3.658E-2	-1.364
34.603	-1.074E-2	-1.366
34.637	1.472E-2	-1.365
34.670	4.048E-2	-1.364
34.703	6.120E-2	-1.366
34.737	8.159E-2	-1.361
34.770	9.234E-2	-1.361
34.803	9.281E-2	-1.363
34.837	8.952E-2	-1.362
34.870	7.688E-2	-1.362
34.903	5.750E-2	-1.363
34.937	3.535E-2	-1.365
34.970	6.942E-3	-1.366
35.003	-2.000E-2	-1.365
35.037	-4.363E-2	-1.364
35.070	-6.925E-2	-1.355
35.103	-7.621E-2	-1.362
35.137	-8.866E-2	-1.361
35.170	-8.886E-2	-1.361
35.203	-8.041E-2	-1.363
35.237	-6.583E-2	-1.363
35.270	-4.551E-2	-1.365
35.303	-2.110E-2	-1.364
35.337	5.121E-3	-1.366
35.370	3.124E-2	-1.366
35.403	5.430E-2	-1.364
35.437	7.586E-2	-1.363
35.470	8.288E-2	-1.362
35.503	8.810E-2	-1.362
35.537	8.610E-2	-1.363
35.570	7.626E-2	-1.364
35.603	6.302E-2	-1.363
35.637	4.114E-2	-1.364
35.670	1.501E-2	-1.365
35.703	-1.150E-2	-1.364
35.737	-3.879E-2	-1.361
35.770	-6.093E-2	-1.363
35.803	-7.459E-2	-1.362
35.837	-8.069E-2	-1.362
35.870	-8.716E-2	-1.361
35.903	-8.298E-2	-1.360
35.937	-7.129E-2	-1.361
35.970	-5.432E-2	-1.361
36.003	-3.156E-2	-1.364
36.037	-5.160E-3	-1.365
36.070	2.154E-2	-1.364
36.103	4.643E-2	-1.363
36.137	6.484E-2	-1.363
36.170	7.615E-2	-1.363
36.203	8.969E-2	-1.362
36.237	9.080E-2	-1.362
36.270	8.395E-2	-1.362
36.303	6.930E-2	-1.364
36.337	5.048E-2	-1.365
36.370	2.634E-2	-1.365
36.403	6.830E-4	-1.364
36.437	-2.417E-2	-1.365
36.470	-4.872E-2	-1.364
36.503	-6.553E-2	-1.364
36.537	-7.970E-2	-1.364
36.570	-8.436E-2	-1.363
36.603	-8.317E-2	-1.363
36.637	-7.386E-2	-1.364
36.670	-5.753E-2	-1.364
36.703	-3.618E-2	-1.364
36.737	-1.231E-2	-1.364
36.770	1.405E-2	-1.364
36.803	3.694E-2	-1.363
36.837	5.649E-2	-1.364
36.870	7.107E-2	-1.362
36.903	8.103E-2	-1.362
36.937	8.336E-2	-1.362
36.970	8.260E-2	-1.362
37.003	7.229E-2	-1.363
37.037	5.459E-2	-1.364
37.070	3.178E-2	-1.365
37.103	8.296E-3	-1.364
37.137	-1.805E-2	-1.366
37.170	-4.169E-2	-1.365
37.204	-6.127E-2	-1.364
37.237	-7.704E-2	-1.363
37.270	-8.355E-2	-1.363
37.304	-8.433E-2	-1.363
37.337	-7.931E-2	-1.364
37.370	-6.601E-2	-1.364
37.404	-4.608E-2	-1.364
37.437	-2.336E-2	-1.365
37.470	2.835E-3	-1.364
37.504	2.625E-2	-1.364
37.537	5.050E-2	-1.364
37.570	6.813E-2	-1.365
37.604	8.264E-2	-1.362
37.637	8.801E-2	-1.362
37.670	8.816E-2	-1.362
37.704	7.900E-2	-1.363
37.737	6.188E-2	-1.364
37.770	4.167E-2	-1.364
37.804	1.800E-2	-1.365
37.837	-7.238E-3	-1.365
37.870	-2.982E-2	-1.365
37.904	-5.000E-2	-1.365
37.937	-6.671E-2	-1.364
37.970	-7.847E-2	-1.363
38.004	-8.128E-2	-1.363
38.037	-7.835E-2	-1.363
38.070	-6.593E-2	-1.364
38.104	-4.918E-2	-1.364
38.137	-3.102E-2	-1.366
38.170	-5.415E-3	-1.365
38.204	1.700E-2	-1.366
38.237	3.992E-2	-1.364
38.270	5.965E-2	-1.364
38.304	7.252E-2	-1.364
38.337	8.351E-2	-1.362
38.370	8.615E-2	-1.362
38.404	8.025E-2	-1.350
38.437	6.648E-2	-1.350
38.470	4.820E-2	-1.352
38.504	2.795E-2	-1.365
38.537	1.186E-3	-1.364
38.570	-2.357E-2	-1.364
38.604	-4.527E-2	-1.365
38.637	-6.297E-2	-1.364
38.670	-7.398E-2	-1.364
38.704	-7.951E-2	-1.364
38.737	-7.781E-2	-1.364
38.770	-7.229E-2	-1.364
38.804	-5.578E-2	-1.363
38.837	-3.777E-2	-1.364
38.870	-1.420E-2	-1.365
38.904	8.784E-3	-1.366
38.937	3.295E-2	-1.366
38.970	5.352E-2	-1.365
39.004	6.972E-2	-1.364
39.037	8.276E-2	-1.362
39.070	8.800E-2	-1.362
39.104	8.482E-2	-1.363
39.137	7.028E-2	-1.364
39.170	5.306E-2	-1.365
39.204	3.341E-2	-1.364
39.237	1.071E-2	-1.365
39.270	-1.313E-2	-1.364
39.304	-3.608E-2	-1.364
39.337	-5.439E-2	-1.364
39.370	-6.842E-2	-1.364
39.404	-7.393E-2	-1.363
39.437	-8.131E-2	-1.363
39.470	-7.075E-2	-1.363
39.504	-6.028E-2	-1.363
39.537	-4.216E-2	-1.364
39.570	-2.324E-2	-1.365
39.604	1.889E-3	-1.366
39.637	2.566E-2	-1.366
39.670	4.866E-2	-1.365
39.704	6.737E-2	-1.364
39.737	7.886E-2	-1.362
39.770	8.461E-2	-1.364
39.804	8.547E-2	-1.363
39.837	7.796E-2	-1.362
39.870	6.004E-2	-1.364
39.904	4.220E-2	-1.364
39.937	1.987E-2	-1.364
39.970	-4.762E-3	-1.364
40.004	-2.830E-2	-1.365
40.037	-4.905E-2	-1.364
40.070	-6.301E-2	-1.364
40.104	-7.308E-2	-1.363
40.137	-7.647E-2	-1.364
40.170	-7.345E-2	-1.364
40.204	-6.219E-2	-1.362
40.237	-5.004E-2	-1.364
40.270	-2.830E-2	-1.364
40.304	-5.852E-3	-1.364
40.337	1.686E-2	-1.364
40.370	3.937E-2	-1.365
40.404	5.816E-2	-1.365
40.437	7.192E-2	-1.365
40.470	8.093E-2	-1.365
40.504	8.197E-2	-1.364
40.537	7.367E-2	-1.363
40.570	6.241E-2	-1.364
40.604	4.519E-2	-1.364
40.637	2.643E-2	-1.365
40.671	3.171E-3	-1.366
40.704	-1.981E-2	-1.365
40.737	-4.040E-2	-1.364
40.771	-5.808E-2	-1.364
40.804	-7.109E-2	-1.364
40.837	-7.648E-2	-1.364
40.871	-7.591E-2	-1.364
40.904	-7.243E-2	-1.364
40.937	-5.540E-2	-1.365
40.971	-3.727E-2	-1.365
41.004	-1.448E-2	-1.367
41.037	6.622E-3	-1.367
41.071	3.199E-2	-1.365
41.104	5.187E-2	-1.363
41.137	6.636E-2	-1.352
41.171	7.135E-2	-1.363
41.204	8.278E-2	-1.364
41.237	8.061E-2	-1.363
41.271	6.964E-2	-1.365
41.304	5.323E-2	-1.365
41.337	3.558E-2	-1.365
41.371	1.319E-2	-1.365
41.404	-1.026E-2	-1.365
41.437	-3.165E-2	-1.365
41.471	-5.159E-2	-1.364
41.504	-6.487E-2	-1.364
41.537	-7.363E-2	-1.364
41.571	-7.379E-2	-1.364
41.604	-7.047E-2	-1.365
41.637	-6.197E-2	-1.364
41.671	-4.314E-2	-1.365
41.704	-2.359E-2	-1.366
41.737	-1.883E-4	-1.366
41.771	2.295E-2	-1.366
41.804	4.318E-2	-1.364
41.837	6.005E-2	-1.364
41.871	7.365E-2	-1.348
41.904	8.138E-2	-1.363
41.937	8.112E-2	-1.362
41.971	7.325E-2	-1.363
42.004	5.952E-2	-1.363
42.037	4.034E-2	-1.364
42.071	2.064E-2	-1.365
42.104	-1.248E-3	-1.364
42.137	-2.438E-2	-1.358
42.171	-4.346E-2	-1.364
42.204	-5.744E-2	-1.364
42.237	-6.795E-2	-1.363
42.271	-7.287E-2	-1.363
42.304	-7.032E-2	-1.364
42.337	-6.050E-2	-1.363
42.371	-4.639E-2	-1.364
42.404	-2.825E-2	-1.364
42.437	-7.173E-3	-1.366
42.471	1.291E-2	-1.365
42.504	3.703E-2	-1.364
42.537	5.494E-2	-1.364
42.571	7.005E-2	-1.364
42.604	7.618E-2	-1.363
42.637	7.245E-2	-1.362
42.671	7.577E-2	-1.362
42.704	5.750E-2	-1.363
42.737	4.337E-2	-1.364
42.771	2.440E-2	-1.365
42.804	2.923E-3	-1.364
42.837	-1.703E-2	-1.365
42.871	-3.996E-2	-1.361
42.904	-5.676E-2	-1.361
42.937	-6.823E-2	-1.362
42.971	-7.530E-2	-1.363
43.004	-7.422E-2	-1.362
43.037	-6.917E-2	-1.362
43.071	-5.325E-2	-1.364
43.104	-3.642E-2	-1.364
43.137	-1.768E-2	-1.365
43.171	5.086E-3	-1.366
43.204	2.650E-2	-1.367
43.237	4.645E-2	-1.365
43.271	6.004E-2	-1.364
43.304	7.287E-2	-1.362
43.337	7.836E-2	-1.363
43.371	7.643E-2	-1.362
43.404	6.546E-2	-1.364
43.437	5.140E-2	-1.363
43.471	3.450E-2	-1.365
43.504	1.277E-2	-1.365
43.537	-7.614E-3	-1.365
43.571	-2.876E-2	-1.365
43.604	-4.657E-2	-1.363
43.637	-6.037E-2	-1.363
43.671	-6.830E-2	-1.363
43.704	-7.125E-2	-1.363
43.737	-6.491E-2	-1.363
43.771	-5.450E-2	-1.363
43.804	-4.061E-2	-1.364
43.837	-2.142E-2	-1.364
43.871	-1.630E-3	-1.365
43.904	2.075E-2	-1.365
43.937	4.054E-2	-1.365
43.971	5.881E-2	-1.364
44.004	6.995E-2	-1.362
44.037	7.724E-2	-1.362
44.071	7.777E-2	-1.363
44.104	7.140E-2	-1.363
44.137	5.886E-2	-1.364
44.171	4.266E-2	-1.364
44.204	2.242E-2	-1.365
44.238	-4.986E-4	-1.364
44.271	-2.083E-2	-1.364
44.304	-3.892E-2	-1.364
44.338	-5.425E-2	-1.364
44.371	-6.181E-2	-1.363
44.404	-6.725E-2	-1.360
44.438	-6.699E-2	-1.364
44.471	-5.643E-2	-1.363
44.504	-4.370E-2	-1.363
44.538	-2.744E-2	-1.365
44.571	-8.404E-3	-1.365
44.604	1.379E-2	-1.363
44.638	3.418E-2	-1.364
44.671	5.104E-2	-1.363
44.704	6.576E-2	-1.363
44.738	7.332E-2	-1.363
44.771	7.359E-2	-1.362
44.804	7.227E-2	-1.363
44.838	6.170E-2	-1.363
44.871	4.273E-2	-1.364
44.904	2.568E-2	-1.364
44.938	4.739E-3	-1.364
44.971	-1.463E-2	-1.365
45.004	-3.493E-2	-1.364
45.038	-5.278E-2	-1.363
45.071	-6.263E-2	-1.365
45.104	-6.831E-2	-1.362
45.138	-7.049E-2	-1.363
45.171	-6.380E-2	-1.363
45.204	-5.054E-2	-1.364
45.238	-3.455E-2	-1.367
45.271	-1.558E-2	-1.365
45.304	1.250E-3	-1.365
45.338	2.438E-2	-1.365
45.371	4.043E-2	-1.363
45.404	5.954E-2	-1.363
45.438	7.008E-2	-1.362
45.471	7.367E-2	-1.363
45.504	7.108E-2	-1.363
45.538	6.462E-2	-1.363
45.571	5.124E-2	-1.365
45.604	3.500E-2	-1.363
45.638	1.473E-2	-1.365
45.671	-6.376E-3	-1.366
45.704	-2.554E-2	-1.365
45.738	-4.312E-2	-1.365
45.771	-5.608E-2	-1.364
45.804	-6.474E-2	-1.364
45.838	-6.734E-2	-1.365
45.871	-6.357E-2	-1.364
45.904	-5.309E-2	-1.365
45.938	-3.891E-2	-1.366
45.971	-2.448E-2	-1.366
46.004	-3.222E-3	-1.366
46.038	1.659E-2	-1.366
46.071	3.803E-2	-1.364
46.104	5.466E-2	-1.363
46.138	6.619E-2	-1.364
46.171	7.311E-2	-1.364
46.204	7.369E-2	-1.364
46.238	6.755E-2	-1.362
46.271	5.614E-2	-1.364
46.304	4.028E-2	-1.365
46.338	2.057E-2	-1.365
46.371	8.981E-4	-1.366
46.404	-1.934E-2	-1.366
46.438	-3.661E-2	-1.365
46.471	-5.121E-2	-1.365
46.504	-6.119E-2	-1.364
46.538	-6.709E-2	-1.355
46.571	-6.259E-2	-1.364
46.604	-5.914E-2	-1.365
46.638	-4.419E-2	-1.366
46.671	-2.756E-2	-1.365
46.704	-8.250E-3	-1.366
46.738	9.930E-3	-1.366
46.771	3.134E-2	-1.365
46.804	4.871E-2	-1.365
46.838	6.220E-2	-1.364
46.871	7.069E-2	-1.364
46.904	7.313E-2	-1.364
46.938	7.023E-2	-1.364
46.971	5.993E-2	-1.365
47.004	4.498E-2	-1.365
47.038	2.844E-2	-1.365
47.071	6.857E-3	-1.365
47.104	-1.274E-2	-1.367
47.138	-3.206E-2	-1.365
47.171	-4.843E-2	-1.365
47.204	-5.764E-2	-1.364
47.238	-6.290E-2	-1.364
47.271	-6.299E-2	-1.365
47.304	-5.629E-2	-1.365
47.338	-4.873E-2	-1.365
47.371	-3.247E-2	-1.365
47.404	-1.538E-2	-1.366
47.438	4.038E-3	-1.366
47.471	2.425E-2	-1.366
47.504	4.276E-2	-1.366
47.538	5.713E-2	-1.365
47.571	6.728E-2	-1.364
47.604	7.291E-2	-1.363
47.638	7.077E-2	-1.364
47.671	6.001E-2	-1.365
47.705	4.828E-2	-1.365
47.738	2.964E-2	-1.366
47.771	1.502E-2	-1.366
47.805	-4.762E-3	-1.366
47.838	-2.357E-2	-1.366
47.871	-4.195E-2	-1.366
47.905	-5.377E-2	-1.366
47.938	-6.003E-2	-1.364
47.971	-6.291E-2	-1.364
48.005	-6.137E-2	-1.364
48.038	-5.506E-2	-1.365
48.071	-3.835E-2	-1.365
48.105	-2.302E-2	-1.366
48.138	-3.725E-3	-1.367
48.171	1.746E-2	-1.365
48.205	3.587E-2	-1.366
48.238	4.981E-2	-1.365
48.271	6.018E-2	-1.365
48.305	6.755E-2	-1.365
48.338	6.962E-2	-1.364
48.371	6.452E-2	-1.364
48.405	5.315E-2	-1.365
48.438	3.854E-2	-1.364
48.471	1.828E-2	-1.365
48.505	8.462E-4	-1.367
48.538	-1.757E-2	-1.366
48.571	-3.503E-2	-1.365
48.605	-4.884E-2	-1.365
48.638	-5.959E-2	-1.365
48.671	-6.277E-2	-1.364
48.705	-6.146E-2	-1.364
48.738	-5.417E-2	-1.365
48.771	-4.238E-2	-1.365
48.805	-2.700E-2	-1.362
48.838	-9.543E-3	-1.362
48.871	1.048E-2	-1.364
48.905	2.986E-2	-1.364
48.938	4.639E-2	-1.364
48.971	5.941E-2	-1.364
49.005	6.758E-2	-1.363
49.038	7.086E-2	-1.363
49.071	6.534E-2	-1.364
49.105	5.504E-2	-1.364
49.138	4.322E-2	-1.366
49.171	2.634E-2	-1.365
49.205	7.491E-3	-1.365
49.238	-1.054E-2	-1.366
49.271	-2.718E-2	-1.366
49.305	-4.340E-2	-1.365
49.338	-5.408E-2	-1.365
49.371	-6.464E-2	-1.365
49.405	-6.038E-2	-1.365
49.438	-5.708E-2	-1.364
49.471	-4.585E-2	-1.365
49.505	-3.148E-2	-1.366
49.538	-1.501E-2	-1.366
49.571	3.959E-3	-1.366
49.605	2.311E-2	-1.366
49.638	3.741E-2	-1.366
49.671	5.382E-2	-1.364
49.705	6.207E-2	-1.365
49.738	6.785E-2	-1.364
49.771	6.728E-2	-1.365
49.805	6.001E-2	-1.364
49.838	4.787E-2	-1.365
49.871	3.282E-2	-1.366
49.905	1.439E-2	-1.362
49.938	-4.515E-3	-1.367
49.971	-2.163E-2	-1.366
50.005	-3.694E-2	-1.365
50.038	-4.916E-2	-1.364
50.071	-5.540E-2	-1.365
50.105	-5.900E-2	-1.364
50.138	-5.517E-2	-1.364
50.171	-4.716E-2	-1.364
50.205	-3.441E-2	-1.366
50.238	-1.841E-2	-1.367
50.271	-1.589E-3	-1.366
50.305	1.789E-2	-1.366
50.338	3.456E-2	-1.364
50.371	4.826E-2	-1.363
50.405	5.959E-2	-1.362
50.438	6.719E-2	-1.363
50.471	6.715E-2	-1.362
50.505	6.191E-2	-1.362
50.538	5.154E-2	-1.363
50.571	3.780E-2	-1.363
50.605	2.077E-2	-1.365
50.638	3.477E-3	-1.364
50.671	-1.570E-2	-1.364
50.705	-3.157E-2	-1.364
50.738	-4.442E-2	-1.364
50.771	-5.324E-2	-1.364
50.805	-5.753E-2	-1.364
50.838	-5.579E-2	-1.365
50.871	-4.860E-2	-1.364
50.905	-3.790E-2	-1.364
50.938	-2.413E-2	-1.365
50.971	-7.373E-3	-1.364
51.005	1.149E-2	-1.365
51.038	2.919E-2	-1.364
51.071	4.398E-2	-1.363
51.105	5.651E-2	-1.363
51.138	6.509E-2	-1.363
51.171	6.746E-2	-1.363
51.205	6.237E-2	-1.363
51.238	5.398E-2	-1.364
51.272	4.262E-2	-1.364
51.305	2.677E-2	-1.363
51.338	5.123E-3	-1.365
51.372	-9.687E-3	-1.365
51.405	-2.643E-2	-1.367
51.438	-4.078E-2	-1.364
51.472	-5.096E-2	-1.365
51.505	-5.697E-2	-1.364
51.538	-5.596E-2	-1.364
51.572	-5.112E-2	-1.364
51.605	-4.206E-2	-1.365
51.638	-2.940E-2	-1.365
51.672	-1.322E-2	-1.364
51.705	4.784E-3	-1.364
51.738	2.234E-2	-1.365
51.772	3.846E-2	-1.365
51.805	5.236E-2	-1.364
51.838	6.150E-2	-1.362
51.872	6.609E-2	-1.362
51.905	6.474E-2	-1.363
51.938	5.772E-2	-1.364
51.972	4.649E-2	-1.364
52.005	3.191E-2	-1.364
52.038	1.483E-2	-1.364
52.072	-3.076E-3	-1.365
52.105	-1.995E-2	-1.365
52.138	-3.407E-2	-1.364
52.172	-4.522E-2	-1.364
52.205	-5.216E-2	-1.364
52.238	-5.468E-2	-1.364
52.272	-5.167E-2	-1.364
52.305	-4.470E-2	-1.365
52.338	-3.210E-2	-1.365
52.372	-1.781E-2	-1.364
52.405	-7.835E-4	-1.367
52.438	1.722E-2	-1.365
52.472	3.386E-2	-1.364
52.505	4.797E-2	-1.364
52.538	5.845E-2	-1.364
52.572	6.399E-2	-1.364
52.605	6.455E-2	-1.364
52.638	5.528E-2	-1.364
52.672	4.953E-2	-1.364
52.705	3.692E-2	-1.364
52.738	2.009E-2	-1.364
52.772	3.233E-3	-1.364
52.805	-1.586E-2	-1.366
52.838	-2.984E-2	-1.364
52.872	-4.379E-2	-1.364
52.905	-5.234E-2	-1.365
52.938	-5.710E-2	-1.364
52.972	-5.428E-2	-1.364
53.005	-4.707E-2	-1.364
53.038	-3.740E-2	-1.365
53.072	-2.377E-2	-1.364
53.105	-7.307E-3	-1.365
53.138	1.028E-2	-1.365
53.172	2.741E-2	-1.365
53.205	3.873E-2	-1.365
53.238	5.475E-2	-1.364
53.272	6.111E-2	-1.364
53.305	6.227E-2	-1.364
53.338	6.052E-2	-1.363
53.372	5.160E-2	-1.365
53.405	4.094E-2	-1.365
53.438	2.490E-2	-1.352
53.472	7.139E-3	-1.365
53.505	-1.024E-2	-1.366
53.538	-2.536E-2	-1.365
53.572	-3.862E-2	-1.366
53.605	-4.856E-2	-1.366
53.638	-5.388E-2	-1.365
53.672	-5.425E-2	-1.365
53.705	-4.859E-2	-1.365
53.738	-4.016E-2	-1.366
53.772	-3.080E-2	-1.365
53.805	-1.260E-2	-1.366
53.838	4.275E-3	-1.366
53.872	2.272E-2	-1.366
53.905	3.714E-2	-1.367
53.938	4.376E-2	-1.364
53.972	5.324E-2	-1.365
54.005	6.254E-2	-1.364
54.038	6.171E-2	-1.364
54.072	5.405E-2	-1.365
54.105	4.438E-2	-1.364
54.138	3.152E-2	-1.366
54.172	1.475E-2	-1.366
54.205	-1.799E-3	-1.367
54.238	-1.835E-2	-1.366
54.272	-3.185E-2	-1.366
54.305	-4.541E-2	-1.365
54.338	-5.091E-2	-1.366
54.372	-5.105E-2	-1.365
54.405	-4.938E-2	-1.365
54.438	-4.205E-2	-1.365
54.472	-3.092E-2	-1.351
54.505	-1.596E-2	-1.366
54.538	8.009E-4	-1.365
54.572	1.738E-2	-1.366
54.605	3.148E-2	-1.365
54.638	4.349E-2	-1.364
54.672	5.394E-2	-1.365
54.705	6.109E-2	-1.364
54.738	6.149E-2	-1.364
54.772	5.650E-2	-1.364
54.805	4.371E-2	-1.365
54.839	2.950E-2	-1.365
54.872	1.727E-2	-1.360
54.905	1.939E-3	-1.364
54.939	-1.536E-2	-1.364
54.972	-2.920E-2	-1.364
55.005	-3.945E-2	-1.364
55.039	-4.789E-2	-1.365
55.072	-5.088E-2	-1.365
55.105	-5.033E-2	-1.365
55.139	-4.341E-2	-1.365
55.172	-3.451E-2	-1.365
55.205	-2.061E-2	-1.365
55.239	-6.160E-3	-1.365
55.272	1.056E-2	-1.365
55.305	2.657E-2	-1.366
55.339	4.037E-2	-1.363
55.372	5.037E-2	-1.364
55.405	5.823E-2	-1.365
55.439	6.161E-2	-1.364
55.472	5.743E-2	-1.364
55.505	4.985E-2	-1.364
55.539	3.824E-2	-1.363
55.572	2.479E-2	-1.364
55.605	8.010E-3	-1.365
55.639	-8.899E-3	-1.365
55.672	-2.354E-2	-1.364
55.705	-3.742E-2	-1.365
55.739	-4.584E-2	-1.365
55.772	-5.184E-2	-1.365
55.805	-5.146E-2	-1.365
55.839	-4.589E-2	-1.364
55.872	-3.754E-2	-1.366
55.905	-2.579E-2	-1.366
55.939	-9.690E-3	-1.365
55.972	4.332E-3	-1.365
56.005	2.160E-2	-1.363
56.039	3.435E-2	-1.366
56.072	4.685E-2	-1.364
56.105	5.613E-2	-1.363
56.139	5.936E-2	-1.364
56.172	5.943E-2	-1.363
56.205	5.250E-2	-1.364
56.239	4.256E-2	-1.365
56.272	2.902E-2	-1.363
56.305	1.317E-2	-1.365
56.339	-4.729E-3	-1.365
56.372	-1.965E-2	-1.365
56.405	-3.111E-2	-1.365
56.439	-4.077E-2	-1.365
56.472	-4.796E-2	-1.364
56.505	-4.943E-2	-1.364
56.539	-4.639E-2	-1.364
56.572	-3.826E-2	-1.364
56.605	-2.812E-2	-1.365
56.639	-1.434E-2	-1.365
56.672	1.451E-3	-1.365
56.705	1.729E-2	-1.365
56.739	3.166E-2	-1.364
56.772	4.408E-2	-1.364
56.805	5.415E-2	-1.364
56.839	5.881E-2	-1.363
56.872	5.891E-2	-1.363
56.905	5.449E-2	-1.364
56.939	4.586E-2	-1.365
56.972	3.389E-2	-1.365
57.005	1.763E-2	-1.365
57.039	3.336E-3	-1.365
57.072	-1.277E-2	-1.365
57.105	-2.641E-2	-1.366
57.139	-3.784E-2	-1.365
57.172	-4.636E-2	-1.365
57.205	-4.913E-2	-1.365
57.239	-4.843E-2	-1.365
57.272	-4.248E-2	-1.366
57.305	-3.641E-2	-1.365
57.339	-2.074E-2	-1.365
57.372	-4.321E-3	-1.366
57.405	1.004E-2	-1.366
57.439	2.581E-2	-1.365
57.472	3.945E-2	-1.364
57.505	5.065E-2	-1.363
57.539	5.704E-2	-1.364
57.572	5.911E-2	-1.364
57.605	5.611E-2	-1.363
57.639	4.820E-2	-1.364
57.672	3.760E-2	-1.365
57.705	2.357E-2	-1.365
57.739	6.925E-3	-1.366
57.772	-9.609E-3	-1.366
57.805	-2.364E-2	-1.364
57.839	-3.448E-2	-1.364
57.872	-4.410E-2	-1.364
57.905	-4.744E-2	-1.365
57.939	-5.061E-2	-1.365
57.972	-4.507E-2	-1.365
58.005	-4.119E-2	-1.365
58.039	-2.372E-2	-1.366
58.072	-1.059E-2	-1.366
58.105	4.045E-3	-1.365
58.139	2.138E-2	-1.364
58.172	3.533E-2	-1.363
58.205	4.704E-2	-1.364
58.239	5.419E-2	-1.363
58.272	5.752E-2	-1.363
58.306	5.502E-2	-1.364
58.339	4.983E-2	-1.364
58.372	4.020E-2	-1.365
58.406	2.639E-2	-1.366
58.439	1.197E-2	-1.365
58.472	-4.573E-3	-1.366
58.506	-1.725E-2	-1.366
58.539	-3.192E-2	-1.364
58.572	-4.186E-2	-1.364
58.606	-4.658E-2	-1.364
58.639	-4.881E-2	-1.363
58.672	-4.610E-2	-1.365
58.706	-3.711E-2	-1.367
58.739	-2.681E-2	-1.365
58.772	-1.310E-2	-1.365
58.806	1.685E-3	-1.365
58.839	1.751E-2	-1.365
58.872	3.131E-2	-1.363
58.906	4.243E-2	-1.364
58.939	5.238E-2	-1.364
58.972	5.665E-2	-1.363
59.006	5.166E-2	-1.363
59.039	4.881E-2	-1.364
59.072	3.853E-2	-1.363
59.106	3.114E-2	-1.364
59.139	1.732E-2	-1.364
59.172	1.403E-3	-1.365
59.206	-1.288E-2	-1.365
59.239	-2.601E-2	-1.364
59.272	-3.798E-2	-1.365
59.306	-4.376E-2	-1.364
59.339	-4.577E-2	-1.364
59.372	-4.632E-2	-1.364
59.406	-4.003E-2	-1.365
59.439	-2.938E-2	-1.366
59.472	-1.842E-2	-1.365
59.506	-2.966E-3	-1.365
59.539	1.210E-2	-1.365
59.572	2.688E-2	-1.364
59.606	3.859E-2	-1.364
59.639	4.780E-2	-1.363
59.672	5.483E-2	-1.364
59.706	5.508E-2	-1.350
59.739	5.292E-2	-1.363
59.772	4.533E-2	-1.363
59.806	3.499E-2	-1.364
59.839	2.058E-2	-1.364
59.872	4.513E-3	-1.365
59.906	-9.424E-3	-1.365
59.939	-2.284E-2	-1.363
59.972	-3.499E-2	-1.363
60.006	-4.082E-2	-1.364
60.039	-4.537E-2	-1.364
60.072	-4.575E-2	-1.364
60.106	-4.071E-2	-1.364
60.139	-3.265E-2	-1.364
60.172	-2.110E-2	-1.365
60.206	-8.022E-3	-1.364
60.239	5.566E-3	-1.366
60.272	2.123E-2	-1.365
60.306	3.412E-2	-1.365
60.339	4.416E-2	-1.365
60.372	5.148E-2	-1.364
60.406	5.480E-2	-1.364
60.439	5.311E-2	-1.363
60.472	4.807E-2	-1.364
60.506	3.804E-2	-1.364
60.539	2.521E-2	-1.364
60.572	1.080E-2	-1.365
60.606	-4.406E-3	-1.364
60.639	-1.804E-2	-1.365
60.672	-2.963E-2	-1.364
60.706	-3.750E-2	-1.364
60.739	-4.330E-2	-1.364
60.772	-4.461E-2	-1.364
60.806	-4.086E-2	-1.364
60.839	-3.390E-2	-1.365
60.872	-2.299E-2	-1.365
60.906	-1.033E-2	-1.363
60.939	3.536E-3	-1.364
60.972	1.765E-2	-1.365
61.006	3.142E-2	-1.364
61.039	4.310E-2	-1.364
61.072	5.059E-2	-1.363
61.106	5.464E-2	-1.363
61.139	5.467E-2	-1.363
61.172	4.954E-2	-1.364
61.206	4.200E-2	-1.364
61.239	3.034E-2	-1.364
61.272	1.576E-2	-1.365
61.306	2.144E-3	-1.364
61.339	-1.279E-2	-1.364
61.372	-2.518E-2	-1.364
61.406	-3.418E-2	-1.364
61.439	-4.081E-2	-1.364
61.472	-4.327E-2	-1.365
61.506	-4.041E-2	-1.364
61.539	-3.624E-2	-1.365
61.572	-2.706E-2	-1.364
61.606	-1.475E-2	-1.365
61.639	-1.270E-3	-1.364
61.672	1.235E-2	-1.365
61.706	2.624E-2	-1.365
61.739	3.790E-2	-1.364
61.772	4.578E-2	-1.364
61.806	5.160E-2	-1.364
61.839	5.267E-2	-1.364
61.873	4.869E-2	-1.364
61.906	4.260E-2	-1.363
61.939	3.112E-2	-1.365
61.973	1.762E-2	-1.364
62.006	4.103E-3	-1.365
62.039	-9.536E-3	-1.366
62.073	-2.345E-2	-1.365
62.106	-3.417E-2	-1.364
62.139	-4.014E-2	-1.365
62.173	-4.328E-2	-1.365
62.206	-4.318E-2	-1.364
62.239	-3.759E-2	-1.364
62.273	-3.164E-2	-1.366
62.306	-1.906E-2	-1.365
62.339	-6.718E-3	-1.365
62.373	6.485E-3	-1.365
62.406	2.105E-2	-1.365
62.439	3.261E-2	-1.365
62.473	4.230E-2	-1.365
62.506	4.880E-2	-1.364
62.539	5.149E-2	-1.364
62.573	4.959E-2	-1.364
62.606	4.306E-2	-1.365
62.639	3.414E-2	-1.365
62.673	2.126E-2	-1.366
62.706	8.970E-3	-1.365
62.739	-5.077E-3	-1.366
62.773	-1.829E-2	-1.366
62.806	-2.948E-2	-1.366
62.839	-3.773E-2	-1.365
62.873	-4.308E-2	-1.364
62.906	-4.441E-2	-1.364
62.939	-4.034E-2	-1.365
62.973	-3.274E-2	-1.365
63.006	-2.446E-2	-1.365
63.039	-9.469E-3	-1.366
63.073	-2.921E-3	-1.365
63.106	1.120E-2	-1.365
63.139	2.973E-2	-1.365
63.173	3.994E-2	-1.363
63.206	4.850E-2	-1.364
63.239	5.150E-2	-1.364
63.273	5.102E-2	-1.364
63.306	4.527E-2	-1.364
63.339	3.702E-2	-1.365
63.373	2.679E-2	-1.365
63.406	1.453E-2	-1.365
63.439	-1.576E-3	-1.365
63.473	-1.280E-2	-1.365
63.506	-2.416E-2	-1.364
63.539	-3.319E-2	-1.366
63.573	-3.921E-2	-1.366
63.606	-4.210E-2	-1.365
63.639	-3.947E-2	-1.365
63.673	-3.273E-2	-1.366
63.706	-2.417E-2	-1.366
63.739	-1.323E-2	-1.366
63.773	-3.488E-4	-1.366
63.806	1.302E-2	-1.367
63.839	2.638E-2	-1.366
63.873	3.665E-2	-1.366
63.906	4.561E-2	-1.366
63.939	4.981E-2	-1.365
63.973	4.979E-2	-1.365
64.006	3.830E-2	-1.365
64.039	4.090E-2	-1.364
64.073	2.464E-2	-1.365
64.106	1.221E-2	-1.365
64.139	3.423E-3	-1.366
64.173	-9.694E-3	-1.366
64.206	-2.128E-2	-1.366
64.239	-3.193E-2	-1.366
64.273	-3.732E-2	-1.365
64.306	-4.042E-2	-1.366
64.339	-4.022E-2	-1.366
64.373	-3.499E-2	-1.366
64.406	-2.705E-2	-1.366
64.439	-1.599E-2	-1.366
64.473	-3.849E-3	-1.366
64.506	9.539E-3	-1.366
64.539	2.139E-2	-1.366
64.573	3.200E-2	-1.365
64.606	4.253E-2	-1.364
64.639	4.855E-2	-1.364
64.673	4.963E-2	-1.364
64.706	4.785E-2	-1.365
64.739	4.225E-2	-1.365
64.773	3.392E-2	-1.364
64.806	2.093E-2	-1.365
64.839	8.918E-3	-1.366
64.873	-4.141E-3	-1.366
64.906	-1.604E-2	-1.366
64.939	-2.661E-2	-1.366
64.973	-3.439E-2	-1.366
65.006	-3.781E-2	-1.366
65.039	-3.795E-2	-1.366
65.073	-3.493E-2	-1.365
65.106	-3.017E-2	-1.366
65.139	-1.949E-2	-1.366
65.173	-8.052E-3	-1.366
65.206	5.594E-3	-1.367
65.239	1.894E-2	-1.365
65.273	2.977E-2	-1.366
65.306	3.885E-2	-1.366
65.339	4.654E-2	-1.366
65.373	4.923E-2	-1.366
65.406	4.832E-2	-1.366
65.440	4.227E-2	-1.366
65.473	3.383E-2	-1.365
65.506	2.333E-2	-1.365
65.540	1.188E-2	-1.366
65.573	-1.271E-3	-1.366
65.606	-1.372E-2	-1.366
65.640	-2.478E-2	-1.366
65.673	-3.347E-2	-1.366
65.706	-3.687E-2	-1.366
65.740	-3.815E-2	-1.352
65.773	-3.617E-2	-1.351
65.806	-3.028E-2	-1.366
65.840	-2.142E-2	-1.366
65.873	-1.001E-2	-1.366
65.906	2.263E-3	-1.366
65.940	1.566E-2	-1.365
65.973	2.692E-2	-1.365
66.006	3.617E-2	-1.366
66.040	4.475E-2	-1.366
66.073	4.723E-2	-1.350
66.106	4.816E-2	-1.365
66.140	4.557E-2	-1.365
66.173	3.735E-2	-1.365
66.206	2.751E-2	-1.365
66.240	1.587E-2	-1.366
66.273	2.682E-3	-1.366
66.306	-9.005E-3	-1.366
66.340	-1.997E-2	-1.366
66.373	-2.854E-2	-1.366
66.406	-3.505E-2	-1.366
66.440	-3.743E-2	-1.366
66.473	-3.657E-2	-1.366
66.506	-3.136E-2	-1.366
66.540	-2.421E-2	-1.366
66.573	-1.311E-2	-1.366
66.606	-2.272E-3	-1.366
66.640	1.057E-2	-1.365
66.673	2.319E-2	-1.366
66.706	3.358E-2	-1.367
66.740	3.758E-2	-1.365
66.773	4.289E-2	-1.365
66.806	4.164E-2	-1.365
66.840	3.877E-2	-1.365
66.873	3.689E-2	-1.365
66.906	2.942E-2	-1.365
66.940	1.739E-2	-1.365
66.973	4.892E-3	-1.366
67.006	-7.023E-3	-1.364
67.040	-1.733E-2	-1.365
67.073	-2.722E-2	-1.365
67.106	-3.587E-2	-1.366
67.140	-3.807E-2	-1.363
67.173	-3.797E-2	-1.364
67.206	-3.392E-2	-1.365
67.240	-2.706E-2	-1.365
67.273	-1.729E-2	-1.366
67.306	-5.558E-3	-1.366
67.340	7.950E-3	-1.364
67.373	1.975E-2	-1.365
67.406	3.001E-2	-1.365
67.440	3.828E-2	-1.364
67.473	4.496E-2	-1.363
67.506	4.778E-2	-1.364
67.540	4.574E-2	-1.365
67.573	4.082E-2	-1.365
67.606	3.252E-2	-1.365
67.640	2.303E-2	-1.365
67.673	1.075E-2	-1.364
67.706	-1.656E-3	-1.364
67.740	-1.327E-2	-1.364
67.773	-2.281E-2	-1.364
67.806	-3.087E-2	-1.366
67.840	-3.465E-2	-1.365
67.873	-3.623E-2	-1.365
67.906	-3.322E-2	-1.365
67.940	-2.848E-2	-1.365
67.973	-2.007E-2	-1.365
68.006	-8.354E-3	-1.365
68.040	2.659E-3	-1.366
68.073	1.487E-2	-1.366
68.106	2.512E-2	-1.366
68.140	3.660E-2	-1.365
68.173	4.361E-2	-1.364
68.206	4.644E-2	-1.366
68.240	4.526E-2	-1.366
68.273	4.272E-2	-1.366
68.306	3.450E-2	-1.366
68.340	2.556E-2	-1.366
68.373	1.339E-2	-1.351
68.406	1.763E-3	-1.366
68.440	-9.221E-3	-1.366
68.473	-2.018E-2	-1.365
68.506	-2.747E-2	-1.366
68.540	-3.361E-2	-1.366
68.573	-3.523E-2	-1.367
68.606	-3.333E-2	-1.366
68.640	-2.921E-2	-1.366
68.673	-2.179E-2	-1.365
68.706	-1.175E-2	-1.366
68.740	7.602E-4	-1.365
68.773	1.217E-2	-1.365
68.806	2.394E-2	-1.365
68.840	3.358E-2	-1.365
68.873	4.097E-2	-1.365
68.906	4.573E-2	-1.365
68.940	4.491E-2	-1.366
68.973	4.263E-2	-1.365
69.007	3.665E-2	-1.365
69.040	2.779E-2	-1.364
69.073	1.498E-2	-1.365
69.107	3.837E-3	-1.365
69.140	-7.535E-3	-1.365
69.173	-2.060E-2	-1.365
69.207	-2.819E-2	-1.364
69.240	-3.366E-2	-1.365
69.273	-3.655E-2	-1.365
69.307	-3.525E-2	-1.365
69.340	-3.164E-2	-1.364
69.373	-2.434E-2	-1.364
69.407	-1.606E-2	-1.365
69.440	-4.679E-3	-1.363
69.473	7.681E-3	-1.365
69.507	2.036E-2	-1.365
69.540	2.961E-2	-1.365
69.573	3.727E-2	-1.365
69.607	4.384E-2	-1.363
69.640	4.561E-2	-1.365
69.673	4.287E-2	-1.364
69.707	3.793E-2	-1.365
69.740	2.987E-2	-1.364
69.773	1.858E-2	-1.365
69.807	8.364E-3	-1.365
69.840	-3.522E-3	-1.365
69.873	-1.869E-2	-1.365
69.907	-2.655E-2	-1.364
69.940	-2.978E-2	-1.364
69.973	-3.383E-2	-1.364
70.007	-3.543E-2	-1.365
70.040	-3.325E-2	-1.364
70.073	-2.799E-2	-1.364
70.107	-1.710E-2	-1.365
70.140	-1.165E-2	-1.365
70.173	4.756E-4	-1.365
70.207	1.205E-2	-1.365
70.240	2.238E-2	-1.364
70.273	3.291E-2	-1.363
70.307	3.968E-2	-1.364
70.340	4.128E-2	-1.365
70.373	4.134E-2	-1.364
70.407	3.573E-2	-1.366
70.440	3.017E-2	-1.365
70.473	2.283E-2	-1.365
70.507	1.182E-2	-1.365
70.540	6.461E-4	-1.365
70.573	-1.031E-2	-1.365
70.607	-1.865E-2	-1.365
70.640	-2.842E-2	-1.365
70.673	-3.531E-2	-1.364
