	mass A		
t	x	y	
2.067	-8.736E-2	-0.107
2.100	-8.709E-2	-0.107
2.134	-8.445E-2	-0.108
2.167	-7.873E-2	-0.113
2.200	-6.784E-2	-0.120
2.234	-4.894E-2	-0.129
2.267	-2.620E-2	-0.137
2.300	9.041E-4	-0.140
2.334	3.056E-2	-0.136
2.367	5.189E-2	-0.132
2.400	7.070E-2	-0.123
2.434	8.384E-2	-0.115
2.467	9.085E-2	-0.109
2.500	9.158E-2	-0.109
2.534	8.607E-2	-0.113
2.567	7.442E-2	-0.121
2.600	5.682E-2	-0.130
2.634	3.241E-2	-0.137
2.667	5.883E-3	-0.141
2.700	-2.087E-2	-0.140
2.734	-4.445E-2	-0.133
2.767	-6.377E-2	-0.124
2.800	-7.430E-2	-0.112
2.834	-8.446E-2	-0.108
2.867	-8.618E-2	-0.106
2.900	-8.089E-2	-0.110
2.934	-6.899E-2	-0.118
2.967	-5.248E-2	-0.128
3.000	-3.232E-2	-0.136
3.034	-4.825E-3	-0.141
3.067	2.441E-2	-0.140
3.100	4.502E-2	-0.134
3.134	6.450E-2	-0.125
3.167	7.939E-2	-0.115
3.200	8.798E-2	-0.108
3.234	9.068E-2	-0.106
3.267	8.576E-2	-0.109
3.300	7.710E-2	-0.115
3.334	6.106E-2	-0.127
3.367	3.929E-2	-0.135
3.400	1.408E-2	-0.140
3.434	-1.484E-2	-0.138
3.467	-3.805E-2	-0.134
3.500	-5.868E-2	-0.126
3.534	-7.472E-2	-0.118
3.567	-8.159E-2	-0.110
3.600	-8.309E-2	-0.107
3.634	-8.107E-2	-0.110
3.667	-7.243E-2	-0.115
3.700	-5.843E-2	-0.125
3.734	-3.920E-2	-0.134
3.767	-1.399E-2	-0.138
3.800	1.293E-2	-0.139
3.834	3.837E-2	-0.134
3.867	5.914E-2	-0.126
3.900	7.435E-2	-0.116
3.934	8.287E-2	-0.109
3.967	8.579E-2	-0.106
4.000	8.349E-2	-0.108
4.034	7.561E-2	-0.114
4.067	6.184E-2	-0.123
4.100	4.191E-2	-0.132
4.134	1.892E-2	-0.137
4.167	-6.544E-3	-0.140
4.200	-3.223E-2	-0.136
4.234	-5.328E-2	-0.127
4.267	-6.830E-2	-0.118
4.300	-7.987E-2	-0.112
4.334	-8.441E-2	-0.109
4.367	-8.126E-2	-0.109
4.400	-7.357E-2	-0.117
4.434	-6.040E-2	-0.126
4.467	-4.092E-2	-0.132
4.500	-1.686E-2	-0.137
4.534	8.179E-3	-0.139
4.567	3.528E-2	-0.134
4.600	5.819E-2	-0.128
4.634	7.252E-2	-0.121
4.667	8.226E-2	-0.112
4.700	8.667E-2	-0.106
4.734	8.627E-2	-0.109
4.767	7.882E-2	-0.115
4.800	6.564E-2	-0.124
4.834	4.616E-2	-0.132
4.867	2.422E-2	-0.139
4.900	-2.533E-3	-0.139
4.934	-2.807E-2	-0.137
4.967	-4.904E-2	-0.129
5.000	-6.493E-2	-0.119
5.034	-7.481E-2	-0.111
5.067	-8.102E-2	-0.108
5.100	-8.069E-2	-0.108
5.134	-7.586E-2	-0.114
5.167	-6.326E-2	-0.122
5.200	-4.493E-2	-0.132
5.234	-2.218E-2	-0.138
5.267	3.196E-3	-0.140
5.301	2.913E-2	-0.137
5.334	5.057E-2	-0.130
5.367	6.808E-2	-0.121
5.401	7.882E-2	-0.114
5.434	8.477E-2	-0.111
5.467	8.452E-2	-0.111
5.501	7.885E-2	-0.116
5.534	6.679E-2	-0.124
5.567	4.784E-2	-0.133
5.601	2.611E-2	-0.139
5.634	1.556E-3	-0.141
5.667	-2.398E-2	-0.138
5.701	-4.507E-2	-0.132
5.734	-6.368E-2	-0.124
5.767	-7.622E-2	-0.117
5.801	-8.217E-2	-0.112
5.834	-8.271E-2	-0.112
5.867	-7.669E-2	-0.116
5.901	-6.383E-2	-0.126
5.934	-4.951E-2	-0.130
5.967	-2.602E-2	-0.138
6.001	-1.352E-3	-0.140
6.034	2.437E-2	-0.138
6.067	4.828E-2	-0.133
6.101	6.656E-2	-0.125
6.134	7.923E-2	-0.118
6.167	8.455E-2	-0.110
6.201	8.508E-2	-0.109
6.234	7.996E-2	-0.113
6.267	7.022E-2	-0.120
6.301	5.361E-2	-0.129
6.334	3.069E-2	-0.137
6.367	6.815E-3	-0.141
6.401	-2.087E-2	-0.139
6.434	-4.298E-2	-0.133
6.467	-6.102E-2	-0.125
6.501	-7.103E-2	-0.115
6.534	-7.873E-2	-0.110
6.567	-8.110E-2	-0.109
6.601	-7.588E-2	-0.112
6.634	-6.555E-2	-0.121
6.667	-5.008E-2	-0.129
6.701	-2.831E-2	-0.136
6.734	-4.403E-3	-0.140
6.767	2.129E-2	-0.139
6.801	4.355E-2	-0.134
6.834	6.145E-2	-0.125
6.867	7.423E-2	-0.116
6.901	8.113E-2	-0.110
6.934	8.252E-2	-0.109
6.967	7.847E-2	-0.112
7.001	6.884E-2	-0.119
7.034	5.304E-2	-0.126
7.067	3.305E-2	-0.134
7.101	1.236E-2	-0.138
7.134	-1.285E-2	-0.140
7.167	-3.863E-2	-0.135
7.201	-5.810E-2	-0.124
7.234	-7.128E-2	-0.116
7.267	-7.644E-2	-0.113
7.301	-7.866E-2	-0.112
7.334	-7.533E-2	-0.115
7.367	-6.566E-2	-0.121
7.401	-5.352E-2	-0.128
7.434	-3.381E-2	-0.135
7.467	-8.835E-3	-0.141
7.501	1.640E-2	-0.141
7.534	4.174E-2	-0.135
7.567	6.278E-2	-0.128
7.601	7.876E-2	-0.125
7.634	8.465E-2	-0.116
7.667	8.141E-2	-0.107
7.701	7.326E-2	-0.103
7.734	7.137E-2	-0.118
7.767	5.934E-2	-0.128
7.801	3.585E-2	-0.134
7.834	1.408E-2	-0.139
7.867	-1.113E-2	-0.139
7.901	-3.519E-2	-0.134
7.934	-5.467E-2	-0.127
7.967	-6.899E-2	-0.118
8.001	-7.538E-2	-0.112
8.034	-7.816E-2	-0.110
8.067	-7.586E-2	-0.112
8.101	-6.784E-2	-0.118
8.134	-5.352E-2	-0.129
8.167	-3.576E-2	-0.137
8.201	-9.981E-3	-0.138
8.234	1.424E-2	-0.138
8.267	3.642E-2	-0.134
8.301	5.762E-2	-0.128
8.334	7.194E-2	-0.120
8.367	8.055E-2	-0.112
8.401	8.226E-2	-0.110
8.434	7.939E-2	-0.114
8.467	7.194E-2	-0.122
8.501	5.681E-2	-0.130
8.534	3.617E-2	-0.137
8.567	1.278E-2	-0.141
8.601	-1.069E-2	-0.141
8.634	-3.185E-2	-0.137
8.667	-5.213E-2	-0.130
8.701	-6.696E-2	-0.123
8.734	-7.620E-2	-0.117
8.768	-7.968E-2	-0.115
8.801	-7.699E-2	-0.116
8.834	-6.835E-2	-0.122
8.868	-5.422E-2	-0.129
8.901	-3.421E-2	-0.136
8.934	-1.038E-2	-0.141
8.968	1.393E-2	-0.141
9.001	3.294E-2	-0.138
9.034	5.418E-2	-0.130
9.068	6.908E-2	-0.122
9.101	7.996E-2	-0.116
9.134	8.407E-2	-0.113
9.168	8.171E-2	-0.115
9.201	7.300E-2	-0.120
9.234	5.819E-2	-0.127
9.268	3.880E-2	-0.135
9.301	1.579E-2	-0.139
9.334	-6.406E-3	-0.139
9.368	-3.118E-2	-0.137
9.401	-5.103E-2	-0.130
9.434	-6.593E-2	-0.123
9.468	-7.603E-2	-0.117
9.501	-8.009E-2	-0.115
9.534	-7.822E-2	-0.116
9.568	-7.006E-2	-0.121
9.601	-5.623E-2	-0.128
9.634	-3.756E-2	-0.135
9.668	-1.574E-2	-0.140
9.701	8.951E-3	-0.142
9.734	3.268E-2	-0.138
9.768	5.318E-2	-0.132
9.801	6.888E-2	-0.125
9.834	7.897E-2	-0.119
9.868	8.336E-2	-0.116
9.901	8.141E-2	-0.117
9.934	7.368E-2	-0.122
9.968	6.000E-2	-0.129
10.001	4.091E-2	-0.136
10.034	1.787E-2	-0.141
10.068	-6.072E-3	-0.141
10.101	-2.883E-2	-0.138
10.134	-4.896E-2	-0.131
10.168	-6.428E-2	-0.125
10.201	-7.455E-2	-0.119
10.234	-7.924E-2	-0.116
10.268	-7.772E-2	-0.117
10.301	-6.994E-2	-0.121
10.334	-5.666E-2	-0.128
10.368	-3.846E-2	-0.135
10.401	-1.621E-2	-0.140
10.434	6.268E-3	-0.142
10.468	3.022E-2	-0.139
10.501	5.093E-2	-0.133
10.534	6.705E-2	-0.126
10.568	7.771E-2	-0.119
10.601	8.218E-2	-0.116
10.634	8.091E-2	-0.117
10.668	7.361E-2	-0.122
10.701	6.054E-2	-0.129
10.734	4.187E-2	-0.136
10.768	1.912E-2	-0.141
10.801	-2.580E-3	-0.142
10.834	-2.488E-2	-0.137
10.868	-4.551E-2	-0.132
10.901	-6.015E-2	-0.123
10.934	-6.913E-2	-0.116
10.968	-7.325E-2	-0.112
11.001	-7.241E-2	-0.113
11.034	-6.611E-2	-0.118
11.068	-5.445E-2	-0.125
11.101	-3.685E-2	-0.133
11.134	-1.494E-2	-0.139
11.168	5.487E-3	-0.141
11.201	2.898E-2	-0.138
11.234	4.903E-2	-0.132
11.268	6.450E-2	-0.125
11.301	7.539E-2	-0.120
11.334	8.066E-2	-0.117
11.368	7.911E-2	-0.117
11.401	7.261E-2	-0.121
11.434	5.990E-2	-0.128
11.468	4.155E-2	-0.135
11.501	1.914E-2	-0.139
11.534	-1.023E-3	-0.140
11.568	-2.380E-2	-0.137
11.601	-4.398E-2	-0.132
11.634	-5.962E-2	-0.124
11.668	-6.850E-2	-0.117
11.701	-7.294E-2	-0.113
11.734	-7.211E-2	-0.113
11.768	-6.638E-2	-0.118
11.801	-5.524E-2	-0.126
11.834	-3.856E-2	-0.134
11.868	-1.915E-2	-0.140
11.901	3.802E-3	-0.141
11.934	2.684E-2	-0.139
11.968	4.811E-2	-0.133
12.001	6.458E-2	-0.126
12.034	7.423E-2	-0.119
12.068	7.903E-2	-0.117
12.101	7.829E-2	-0.117
12.134	7.224E-2	-0.120
12.168	5.968E-2	-0.127
12.201	4.215E-2	-0.135
12.235	2.010E-2	-0.140
12.268	-3.267E-3	-0.140
12.301	-2.192E-2	-0.137
12.335	-4.321E-2	-0.130
12.368	-5.853E-2	-0.123
12.401	-6.814E-2	-0.116
12.435	-7.252E-2	-0.112
12.468	-7.188E-2	-0.113
12.501	-6.619E-2	-0.117
12.535	-5.548E-2	-0.124
12.568	-3.873E-2	-0.131
12.601	-1.854E-2	-0.136
12.635	2.623E-3	-0.139
12.668	2.727E-2	-0.137
12.701	4.646E-2	-0.131
12.735	6.190E-2	-0.124
12.768	7.195E-2	-0.117
12.801	7.646E-2	-0.113
12.835	7.612E-2	-0.114
12.868	7.058E-2	-0.117
12.901	5.916E-2	-0.124
12.935	4.209E-2	-0.132
12.968	2.153E-2	-0.138
13.001	-2.179E-3	-0.139
13.035	-2.354E-2	-0.138
13.068	-4.240E-2	-0.131
13.101	-5.757E-2	-0.124
13.135	-6.735E-2	-0.117
13.168	-7.173E-2	-0.113
13.201	-7.136E-2	-0.113
13.235	-6.595E-2	-0.117
13.268	-5.512E-2	-0.124
13.301	-3.881E-2	-0.131
13.335	-1.874E-2	-0.136
13.368	2.495E-3	-0.138
13.401	2.551E-2	-0.136
13.435	4.501E-2	-0.131
13.468	6.101E-2	-0.124
13.501	7.090E-2	-0.117
13.535	7.574E-2	-0.113
13.568	7.550E-2	-0.114
13.601	6.990E-2	-0.118
13.635	5.888E-2	-0.124
13.668	4.230E-2	-0.132
13.701	2.144E-2	-0.137
13.735	-7.978E-4	-0.139
13.768	-2.361E-2	-0.137
13.801	-4.197E-2	-0.131
13.835	-5.689E-2	-0.124
13.868	-6.658E-2	-0.117
13.901	-7.110E-2	-0.113
13.935	-7.077E-2	-0.113
13.968	-6.532E-2	-0.117
14.001	-5.461E-2	-0.124
14.035	-3.860E-2	-0.131
14.068	-1.894E-2	-0.136
14.101	2.822E-3	-0.138
14.135	2.401E-2	-0.136
14.168	4.450E-2	-0.131
14.201	6.009E-2	-0.124
14.235	7.029E-2	-0.118
14.268	7.495E-2	-0.114
14.301	7.489E-2	-0.114
14.335	6.927E-2	-0.118
14.368	5.819E-2	-0.125
14.401	4.175E-2	-0.132
14.435	2.115E-2	-0.137
14.468	-1.608E-3	-0.139
14.501	-2.225E-2	-0.137
14.535	-4.138E-2	-0.131
14.568	-5.605E-2	-0.124
14.601	-6.561E-2	-0.118
14.635	-7.040E-2	-0.114
14.668	-7.022E-2	-0.114
14.701	-6.480E-2	-0.118
14.735	-5.420E-2	-0.124
14.768	-3.818E-2	-0.131
14.801	-1.903E-2	-0.136
14.835	2.050E-3	-0.140
14.868	2.329E-2	-0.137
14.901	4.403E-2	-0.132
14.935	5.937E-2	-0.125
14.968	6.957E-2	-0.119
15.001	7.435E-2	-0.115
15.035	7.417E-2	-0.115
15.068	6.866E-2	-0.119
15.101	5.742E-2	-0.125
15.135	4.108E-2	-0.132
15.168	2.077E-2	-0.137
15.201	-2.513E-3	-0.140
15.235	-1.888E-2	-0.138
15.268	-4.038E-2	-0.132
15.301	-5.578E-2	-0.125
15.335	-6.510E-2	-0.118
15.368	-6.966E-2	-0.114
15.401	-6.926E-2	-0.115
15.435	-6.354E-2	-0.119
15.468	-5.326E-2	-0.125
15.501	-3.769E-2	-0.132
15.535	-1.733E-2	-0.138
15.568	5.534E-3	-0.140
15.601	2.518E-2	-0.137
15.635	4.371E-2	-0.131
15.668	5.927E-2	-0.125
15.702	6.913E-2	-0.119
15.735	7.380E-2	-0.115
15.768	7.346E-2	-0.115
15.802	6.780E-2	-0.119
15.835	5.632E-2	-0.125
15.868	4.022E-2	-0.132
15.902	1.968E-2	-0.137
15.935	-2.662E-3	-0.139
15.968	-2.124E-2	-0.136
16.002	-4.030E-2	-0.131
16.035	-5.514E-2	-0.124
16.068	-6.459E-2	-0.118
16.102	-6.902E-2	-0.115
16.135	-6.843E-2	-0.115
16.168	-6.285E-2	-0.119
16.202	-5.241E-2	-0.125
16.235	-3.648E-2	-0.132
16.268	-1.665E-2	-0.137
16.302	6.744E-3	-0.138
16.335	2.831E-2	-0.138
16.368	4.425E-2	-0.131
16.402	6.106E-2	-0.127
16.435	7.194E-2	-0.120
16.468	7.755E-2	-0.118
16.502	7.738E-2	-0.119
16.535	7.065E-2	-0.121
16.568	5.965E-2	-0.128
16.602	4.215E-2	-0.134
16.635	2.385E-2	-0.139
16.668	-5.511E-5	-0.139
16.702	-2.368E-2	-0.137
16.735	-4.208E-2	-0.132
16.768	-5.776E-2	-0.127
16.802	-6.502E-2	-0.118
16.835	-6.923E-2	-0.115
16.868	-6.836E-2	-0.115
16.902	-6.279E-2	-0.119
16.935	-5.243E-2	-0.126
16.968	-3.695E-2	-0.132
17.002	-1.902E-2	-0.137
17.035	2.623E-3	-0.139
17.068	2.532E-2	-0.137
17.102	4.423E-2	-0.132
17.135	5.895E-2	-0.125
17.168	6.866E-2	-0.119
17.202	7.272E-2	-0.116
17.235	7.218E-2	-0.116
17.268	6.631E-2	-0.120
17.302	5.464E-2	-0.127
17.335	3.855E-2	-0.133
17.368	1.826E-2	-0.138
17.402	-3.681E-3	-0.139
17.435	-2.226E-2	-0.137
17.468	-4.093E-2	-0.131
17.502	-5.523E-2	-0.125
17.535	-6.396E-2	-0.119
17.568	-6.794E-2	-0.115
17.602	-6.707E-2	-0.116
17.635	-6.125E-2	-0.120
17.668	-5.052E-2	-0.127
17.702	-3.476E-2	-0.133
17.735	-1.422E-2	-0.138
17.768	8.468E-3	-0.139
17.802	2.760E-2	-0.138
17.835	4.469E-2	-0.131
17.868	5.892E-2	-0.125
17.902	6.833E-2	-0.119
17.935	7.222E-2	-0.116
17.968	7.113E-2	-0.117
18.002	6.509E-2	-0.121
18.035	5.349E-2	-0.127
18.068	3.681E-2	-0.133
18.102	1.691E-2	-0.137
18.135	-5.860E-3	-0.139
18.168	-2.431E-2	-0.136
18.202	-4.144E-2	-0.131
18.235	-5.530E-2	-0.124
18.268	-6.381E-2	-0.119
18.302	-6.726E-2	-0.116
18.335	-6.627E-2	-0.117
18.368	-6.019E-2	-0.121
18.402	-4.909E-2	-0.127
18.435	-3.296E-2	-0.134
18.468	-1.312E-2	-0.138
18.502	9.610E-3	-0.138
18.535	2.959E-2	-0.137
18.568	4.490E-2	-0.131
18.602	5.913E-2	-0.125
18.635	6.805E-2	-0.119
18.668	7.150E-2	-0.116
18.702	7.035E-2	-0.117
18.735	6.394E-2	-0.121
18.768	5.216E-2	-0.127
18.802	3.498E-2	-0.133
18.835	1.539E-2	-0.138
18.868	-6.987E-3	-0.138
18.902	-2.545E-2	-0.136
18.935	-4.278E-2	-0.130
18.968	-5.586E-2	-0.124
19.002	-6.393E-2	-0.119
19.035	-6.740E-2	-0.116
19.068	-6.585E-2	-0.117
19.102	-5.959E-2	-0.121
19.135	-4.844E-2	-0.127
19.169	-3.230E-2	-0.133
19.202	-1.356E-2	-0.137
19.235	7.779E-3	-0.140
19.269	2.855E-2	-0.137
19.302	4.788E-2	-0.134
19.335	6.106E-2	-0.128
19.369	7.046E-2	-0.123
19.402	7.416E-2	-0.121
19.435	7.217E-2	-0.122
19.469	6.481E-2	-0.126
19.502	5.198E-2	-0.132
19.535	3.467E-2	-0.137
19.569	1.413E-2	-0.140
19.602	-7.745E-3	-0.140
19.635	-2.545E-2	-0.138
19.669	-4.321E-2	-0.133
19.702	-5.581E-2	-0.126
19.735	-6.310E-2	-0.120
19.769	-6.842E-2	-0.118
19.802	-6.704E-2	-0.121
19.835	-6.097E-2	-0.126
19.869	-4.806E-2	-0.131
19.902	-2.946E-2	-0.134
19.935	-8.911E-3	-0.138
19.969	1.313E-2	-0.139
20.002	3.334E-2	-0.136
20.035	4.789E-2	-0.134
20.069	6.144E-2	-0.129
20.102	7.034E-2	-0.124
20.135	7.366E-2	-0.122
20.169	7.122E-2	-0.124
20.202	6.323E-2	-0.128
20.235	5.012E-2	-0.133
20.269	3.238E-2	-0.139
20.302	1.152E-2	-0.142
20.335	-1.025E-2	-0.141
20.369	-2.649E-2	-0.139
20.402	-4.451E-2	-0.134
20.435	-5.824E-2	-0.128
20.469	-6.649E-2	-0.124
20.502	-6.952E-2	-0.122
20.535	-6.715E-2	-0.124
20.569	-5.879E-2	-0.128
20.602	-4.576E-2	-0.133
20.635	-2.805E-2	-0.139
20.669	-7.522E-3	-0.141
20.702	1.466E-2	-0.141
20.735	3.511E-2	-0.137
20.769	5.001E-2	-0.134
20.802	6.204E-2	-0.129
20.835	7.047E-2	-0.125
20.869	7.336E-2	-0.123
20.902	7.045E-2	-0.125
20.935	6.198E-2	-0.129
20.969	4.874E-2	-0.134
21.002	3.051E-2	-0.140
21.035	9.712E-3	-0.142
21.069	-1.187E-2	-0.141
21.102	-2.854E-2	-0.139
21.135	-4.579E-2	-0.133
21.169	-5.867E-2	-0.128
21.202	-6.667E-2	-0.124
21.235	-6.929E-2	-0.123
21.269	-6.619E-2	-0.124
21.302	-5.765E-2	-0.129
21.335	-4.410E-2	-0.134
21.369	-2.647E-2	-0.139
21.402	-5.662E-3	-0.142
21.435	1.623E-2	-0.141
21.469	3.366E-2	-0.139
21.502	5.017E-2	-0.133
21.535	6.275E-2	-0.127
21.569	7.025E-2	-0.124
21.602	7.255E-2	-0.123
21.635	6.943E-2	-0.124
21.669	6.050E-2	-0.129
21.702	4.700E-2	-0.134
21.735	2.900E-2	-0.139
21.769	8.604E-3	-0.141
21.802	-1.292E-2	-0.141
21.835	-3.078E-2	-0.137
21.869	-4.725E-2	-0.132
21.902	-5.948E-2	-0.127
21.935	-6.665E-2	-0.124
21.969	-6.886E-2	-0.123
22.002	-6.535E-2	-0.124
22.035	-5.641E-2	-0.129
22.069	-4.272E-2	-0.134
22.102	-2.586E-2	-0.139
22.135	-3.106E-3	-0.140
22.169	2.001E-2	-0.139
22.202	3.820E-2	-0.135
22.235	5.076E-2	-0.133
22.269	6.263E-2	-0.128
22.302	6.979E-2	-0.124
22.335	7.171E-2	-0.123
22.369	6.775E-2	-0.125
22.402	5.828E-2	-0.130
22.435	4.404E-2	-0.135
22.469	2.584E-2	-0.140
22.502	4.943E-3	-0.142
22.535	-1.090E-2	-0.141
22.569	-3.109E-2	-0.137
22.602	-4.738E-2	-0.132
22.636	-5.934E-2	-0.127
22.669	-6.612E-2	-0.124
22.702	-6.734E-2	-0.123
22.736	-6.316E-2	-0.126
22.769	-5.385E-2	-0.130
22.802	-3.953E-2	-0.135
22.836	-2.131E-2	-0.140
22.869	-3.413E-4	-0.142
22.902	2.124E-2	-0.138
22.936	3.585E-2	-0.136
22.969	5.191E-2	-0.131
23.002	6.324E-2	-0.127
23.036	6.946E-2	-0.124
23.069	6.851E-2	-0.122
23.102	6.454E-2	-0.125
23.136	5.705E-2	-0.128
23.169	4.343E-2	-0.134
23.202	2.382E-2	-0.139
23.236	3.251E-3	-0.140
23.269	-1.643E-2	-0.139
23.302	-3.344E-2	-0.135
23.336	-4.834E-2	-0.129
23.369	-5.783E-2	-0.123
23.402	-6.498E-2	-0.122
23.436	-6.588E-2	-0.122
23.469	-6.100E-2	-0.124
23.502	-5.066E-2	-0.131
23.536	-3.748E-2	-0.134
23.569	-2.087E-2	-0.138
23.602	5.921E-4	-0.141
23.636	2.119E-2	-0.139
23.669	3.810E-2	-0.135
23.702	5.195E-2	-0.128
23.736	6.237E-2	-0.123
23.769	6.750E-2	-0.119
23.802	6.781E-2	-0.119
23.836	6.279E-2	-0.122
23.869	5.334E-2	-0.127
23.902	3.913E-2	-0.133
23.936	2.136E-2	-0.139
23.969	3.312E-4	-0.141
24.002	-1.743E-2	-0.138
24.036	-3.523E-2	-0.134
24.069	-4.951E-2	-0.131
24.102	-5.925E-2	-0.124
24.136	-6.554E-2	-0.123
24.169	-6.549E-2	-0.123
24.202	-5.988E-2	-0.125
24.236	-4.951E-2	-0.129
24.269	-3.474E-2	-0.135
24.302	-1.637E-2	-0.139
24.336	3.857E-4	-0.140
24.369	2.094E-2	-0.139
24.402	3.893E-2	-0.135
24.436	5.293E-2	-0.128
24.469	6.269E-2	-0.123
24.502	6.749E-2	-0.119
24.536	6.710E-2	-0.120
24.569	6.127E-2	-0.124
24.602	5.090E-2	-0.129
24.636	3.641E-2	-0.135
24.669	1.866E-2	-0.138
24.702	-2.417E-4	-0.140
24.736	-1.972E-2	-0.137
24.769	-3.696E-2	-0.133
24.802	-5.009E-2	-0.127
24.836	-5.830E-2	-0.122
24.869	-6.198E-2	-0.119
24.902	-6.143E-2	-0.120
24.936	-5.624E-2	-0.123
24.969	-4.629E-2	-0.128
25.002	-3.136E-2	-0.133
25.036	-1.371E-2	-0.137
25.069	3.745E-3	-0.138
25.102	2.592E-2	-0.137
25.136	4.237E-2	-0.132
25.169	5.412E-2	-0.127
25.202	6.281E-2	-0.122
25.236	6.608E-2	-0.120
25.269	6.534E-2	-0.120
25.302	5.937E-2	-0.124
25.336	4.865E-2	-0.129
25.369	3.381E-2	-0.134
25.402	1.487E-2	-0.137
25.436	-5.720E-3	-0.138
25.469	-2.144E-2	-0.136
25.502	-3.823E-2	-0.132
25.536	-5.095E-2	-0.126
25.569	-5.867E-2	-0.122
25.602	-6.174E-2	-0.119
25.636	-6.034E-2	-0.120
25.669	-5.443E-2	-0.124
25.702	-4.374E-2	-0.129
25.736	-2.859E-2	-0.134
25.769	-1.048E-2	-0.137
25.802	9.903E-3	-0.138
25.836	3.046E-2	-0.136
25.869	4.535E-2	-0.133
25.902	5.530E-2	-0.126
25.936	6.321E-2	-0.122
25.969	6.564E-2	-0.124
26.002	6.564E-2	-0.124
26.036	5.762E-2	-0.128
26.069	4.609E-2	-0.132
26.103	2.974E-2	-0.137
26.136	1.090E-2	-0.140
26.169	-8.960E-3	-0.140
26.203	-2.338E-2	-0.138
26.236	-4.000E-2	-0.134
26.269	-5.199E-2	-0.127
26.303	-5.839E-2	-0.122
26.336	-6.269E-2	-0.122
26.369	-6.098E-2	-0.124
26.403	-5.295E-2	-0.129
26.436	-4.078E-2	-0.133
26.469	-2.423E-2	-0.137
26.503	-5.363E-3	-0.140
26.536	1.017E-2	-0.140
26.569	2.725E-2	-0.139
26.603	4.362E-2	-0.135
26.636	5.631E-2	-0.130
26.669	6.360E-2	-0.127
26.703	6.851E-2	-0.123
26.736	6.562E-2	-0.125
26.769	5.705E-2	-0.127
26.803	4.468E-2	-0.133
26.836	2.726E-2	-0.138
26.869	8.062E-3	-0.140
26.903	-6.842E-3	-0.140
26.936	-2.628E-2	-0.138
26.969	-4.177E-2	-0.132
27.003	-5.256E-2	-0.126
27.036	-5.828E-2	-0.122
27.069	-6.154E-2	-0.123
27.103	-5.954E-2	-0.125
27.136	-5.147E-2	-0.129
27.169	-3.748E-2	-0.133
27.203	-2.134E-2	-0.138
27.236	-3.106E-3	-0.141
27.269	1.229E-2	-0.141
27.303	3.094E-2	-0.138
27.336	4.697E-2	-0.134
27.369	5.828E-2	-0.130
27.403	6.516E-2	-0.127
27.436	6.706E-2	-0.126
27.469	6.276E-2	-0.127
27.503	5.449E-2	-0.131
27.536	4.091E-2	-0.136
27.569	2.380E-2	-0.140
27.603	4.532E-3	-0.141
27.636	-7.358E-3	-0.141
27.669	-2.483E-2	-0.135
27.703	-4.196E-2	-0.130
27.736	-5.423E-2	-0.129
27.769	-6.113E-2	-0.126
27.803	-6.236E-2	-0.126
27.836	-5.828E-2	-0.128
27.869	-4.900E-2	-0.132
27.903	-3.543E-2	-0.136
27.936	-1.820E-2	-0.140
27.969	1.257E-3	-0.141
28.003	2.075E-2	-0.140
28.036	3.467E-2	-0.138
28.069	4.834E-2	-0.134
28.103	5.896E-2	-0.130
28.136	6.531E-2	-0.127
28.169	6.618E-2	-0.126
28.203	6.119E-2	-0.129
28.236	5.170E-2	-0.133
28.269	3.762E-2	-0.137
28.303	2.003E-2	-0.141
28.336	3.666E-4	-0.142
28.369	-1.713E-2	-0.140
28.403	-3.180E-2	-0.137
28.436	-4.638E-2	-0.133
28.469	-5.673E-2	-0.129
28.503	-6.214E-2	-0.126
28.536	-6.248E-2	-0.126
28.569	-5.744E-2	-0.128
28.603	-4.762E-2	-0.132
28.636	-3.338E-2	-0.137
28.669	-1.585E-2	-0.141
28.703	3.715E-3	-0.141
28.736	1.973E-2	-0.141
28.769	3.814E-2	-0.137
28.803	5.171E-2	-0.133
28.836	6.142E-2	-0.128
28.869	6.620E-2	-0.126
28.903	6.608E-2	-0.127
28.936	6.084E-2	-0.129
28.969	5.049E-2	-0.133
29.003	3.616E-2	-0.138
29.036	1.799E-2	-0.141
29.069	-1.417E-3	-0.142
29.103	-1.800E-2	-0.140
29.136	-3.488E-2	-0.136
29.169	-4.839E-2	-0.131
29.203	-5.785E-2	-0.128
29.236	-6.235E-2	-0.126
29.269	-6.160E-2	-0.126
29.303	-5.601E-2	-0.129
29.336	-4.543E-2	-0.133
29.369	-3.103E-2	-0.137
29.403	-1.278E-2	-0.140
29.436	4.664E-3	-0.141
29.469	2.325E-2	-0.139
29.503	3.966E-2	-0.136
29.536	5.276E-2	-0.132
29.570	6.106E-2	-0.127
29.603	6.574E-2	-0.125
29.636	6.433E-2	-0.126
29.670	5.769E-2	-0.128
29.703	4.731E-2	-0.134
29.736	3.182E-2	-0.138
29.770	1.408E-2	-0.141
29.803	-2.533E-3	-0.140
29.836	-2.105E-2	-0.138
29.870	-3.686E-2	-0.133
29.903	-4.815E-2	-0.128
29.936	-5.550E-2	-0.123
29.970	-5.925E-2	-0.124
30.003	-5.838E-2	-0.125
30.036	-5.209E-2	-0.128
30.070	-4.092E-2	-0.134
30.103	-2.568E-2	-0.138
30.136	-7.472E-3	-0.140
30.170	1.184E-2	-0.140
30.203	2.661E-2	-0.139
30.236	4.129E-2	-0.136
30.270	5.320E-2	-0.132
30.303	6.081E-2	-0.128
30.336	6.308E-2	-0.127
30.370	6.149E-2	-0.128
30.403	5.462E-2	-0.131
30.436	4.288E-2	-0.135
30.470	2.716E-2	-0.139
30.503	8.867E-3	-0.141
30.536	-5.632E-3	-0.141
30.570	-2.307E-2	-0.139
30.603	-3.864E-2	-0.135
30.636	-5.093E-2	-0.131
30.670	-5.786E-2	-0.128
30.703	-6.069E-2	-0.127
30.736	-5.785E-2	-0.128
30.770	-5.052E-2	-0.131
30.803	-3.828E-2	-0.135
30.836	-2.221E-2	-0.139
30.870	-3.739E-3	-0.141
30.903	1.153E-2	-0.141
30.936	2.765E-2	-0.139
30.970	4.344E-2	-0.135
31.003	5.457E-2	-0.131
31.036	6.091E-2	-0.128
31.070	6.406E-2	-0.127
31.103	6.006E-2	-0.129
31.136	5.234E-2	-0.132
31.170	3.979E-2	-0.136
31.203	2.328E-2	-0.140
31.236	5.082E-3	-0.141
31.270	-8.154E-3	-0.141
31.303	-2.603E-2	-0.138
31.336	-4.108E-2	-0.134
31.370	-5.153E-2	-0.130
31.403	-5.701E-2	-0.128
31.436	-5.868E-2	-0.126
31.470	-5.558E-2	-0.127
31.503	-4.779E-2	-0.130
31.536	-3.525E-2	-0.135
31.570	-1.906E-2	-0.139
31.603	-1.960E-3	-0.141
31.636	1.592E-2	-0.140
31.670	3.289E-2	-0.137
31.703	4.581E-2	-0.130
31.736	5.550E-2	-0.126
31.770	6.037E-2	-0.123
31.803	6.163E-2	-0.125
31.836	5.850E-2	-0.128
31.870	5.075E-2	-0.132
31.903	3.748E-2	-0.136
31.936	2.096E-2	-0.140
31.970	2.307E-3	-0.141
32.003	-1.402E-2	-0.140
32.036	-3.043E-2	-0.137
32.070	-4.451E-2	-0.133
32.103	-5.441E-2	-0.130
32.136	-5.949E-2	-0.127
32.170	-5.993E-2	-0.127
32.203	-5.544E-2	-0.129
32.236	-4.616E-2	-0.133
32.270	-3.243E-2	-0.137
32.303	-1.620E-2	-0.140
32.336	3.034E-3	-0.142
32.370	1.960E-2	-0.140
32.403	3.519E-2	-0.138
32.436	4.858E-2	-0.134
32.470	5.785E-2	-0.130
32.503	6.250E-2	-0.128
32.536	6.248E-2	-0.128
32.570	5.735E-2	-0.130
32.603	4.741E-2	-0.134
32.636	3.348E-2	-0.138
32.670	1.618E-2	-0.141
32.703	-2.194E-3	-0.141
32.736	-1.683E-2	-0.140
32.770	-3.309E-2	-0.137
32.803	-4.605E-2	-0.133
32.836	-5.540E-2	-0.129
32.870	-5.935E-2	-0.128
32.903	-5.824E-2	-0.128
32.936	-5.294E-2	-0.131
32.970	-4.246E-2	-0.134
33.003	-2.831E-2	-0.138
33.037	-1.098E-2	-0.141
33.070	3.801E-3	-0.142
33.103	2.156E-2	-0.141
33.137	3.766E-2	-0.137
33.170	5.048E-2	-0.133
33.203	5.882E-2	-0.130
33.237	6.258E-2	-0.128
33.270	6.116E-2	-0.129
33.303	5.483E-2	-0.132
33.337	4.402E-2	-0.135
33.370	2.939E-2	-0.139
33.403	1.202E-2	-0.141
33.437	-6.239E-3	-0.141
33.470	-2.034E-2	-0.140
33.503	-3.648E-2	-0.136
33.537	-4.836E-2	-0.132
33.570	-5.603E-2	-0.129
33.603	-5.883E-2	-0.128
33.637	-5.721E-2	-0.129
33.670	-5.025E-2	-0.132
33.703	-3.923E-2	-0.135
33.737	-2.430E-2	-0.139
33.770	-7.283E-3	-0.141
33.803	6.315E-3	-0.142
33.837	2.519E-2	-0.140
33.870	4.079E-2	-0.136
33.903	5.240E-2	-0.133
33.937	5.962E-2	-0.130
33.970	6.227E-2	-0.129
34.003	5.966E-2	-0.130
34.037	5.246E-2	-0.133
34.070	4.049E-2	-0.137
34.103	2.511E-2	-0.140
34.137	7.184E-3	-0.142
34.170	8.586E-4	-0.141
34.203	-2.488E-2	-0.138
34.237	-3.691E-2	-0.133
34.270	-4.779E-2	-0.128
34.303	-5.342E-2	-0.125
34.337	-5.524E-2	-0.127
34.370	-5.215E-2	-0.127
34.403	-4.607E-2	-0.130
34.437	-3.455E-2	-0.135
34.470	-1.924E-2	-0.138
34.503	-3.679E-3	-0.140
34.537	1.391E-2	-0.140
34.570	2.966E-2	-0.136
34.603	4.294E-2	-0.131
34.637	5.301E-2	-0.127
34.670	5.870E-2	-0.124
34.703	6.106E-2	-0.126
34.737	5.767E-2	-0.128
34.770	4.960E-2	-0.131
34.803	3.700E-2	-0.136
34.837	2.116E-2	-0.139
34.870	3.921E-3	-0.140
34.903	-1.010E-2	-0.139
34.937	-2.677E-2	-0.136
34.970	-3.993E-2	-0.132
35.003	-4.900E-2	-0.127
35.037	-5.364E-2	-0.124
35.070	-5.639E-2	-0.127
35.103	-5.254E-2	-0.128
35.137	-4.321E-2	-0.133
35.170	-3.091E-2	-0.136
35.203	-1.456E-2	-0.138
35.237	3.353E-3	-0.140
35.270	2.038E-2	-0.140
35.303	3.542E-2	-0.137
35.337	4.674E-2	-0.133
35.370	5.616E-2	-0.130
35.403	6.092E-2	-0.128
35.437	6.119E-2	-0.128
35.470	5.664E-2	-0.130
35.503	4.752E-2	-0.133
35.537	3.440E-2	-0.137
35.570	1.695E-2	-0.140
35.603	-1.423E-3	-0.140
35.637	-1.405E-2	-0.140
35.670	-3.003E-2	-0.135
35.703	-4.191E-2	-0.130
35.737	-5.001E-2	-0.126
35.770	-5.696E-2	-0.128
35.803	-5.639E-2	-0.127
35.837	-5.097E-2	-0.129
35.870	-4.092E-2	-0.132
35.903	-2.787E-2	-0.136
35.937	-1.175E-2	-0.139
35.970	5.487E-3	-0.139
36.003	2.186E-2	-0.137
36.037	3.586E-2	-0.134
36.070	4.751E-2	-0.130
36.103	5.519E-2	-0.126
36.137	5.991E-2	-0.125
36.170	5.904E-2	-0.127
36.203	5.340E-2	-0.130
36.237	4.330E-2	-0.133
36.270	2.959E-2	-0.137
36.303	1.122E-2	-0.140
36.337	-6.173E-3	-0.140
36.370	-1.813E-2	-0.140
36.403	-3.320E-2	-0.137
36.437	-4.304E-2	-0.129
36.470	-5.238E-2	-0.126
36.503	-5.524E-2	-0.129
36.537	-5.352E-2	-0.129
36.570	-4.837E-2	-0.130
36.604	-3.863E-2	-0.134
36.637	-2.545E-2	-0.137
36.670	-7.116E-3	-0.138
36.704	1.075E-2	-0.140
36.737	2.446E-2	-0.137
36.770	3.866E-2	-0.133
36.804	4.931E-2	-0.129
36.837	5.608E-2	-0.125
36.870	5.991E-2	-0.126
36.904	5.788E-2	-0.128
36.937	5.189E-2	-0.130
36.970	4.099E-2	-0.134
37.004	2.497E-2	-0.137
37.037	8.200E-3	-0.139
37.070	-5.687E-3	-0.139
37.104	-2.291E-2	-0.137
37.137	-3.566E-2	-0.133
37.170	-4.599E-2	-0.128
37.204	-5.147E-2	-0.125
37.237	-5.467E-2	-0.127
37.270	-5.224E-2	-0.128
37.304	-4.493E-2	-0.132
37.337	-3.392E-2	-0.136
37.370	-1.972E-2	-0.137
37.404	-3.286E-3	-0.139
37.437	1.177E-2	-0.138
37.470	2.782E-2	-0.136
37.504	4.141E-2	-0.132
37.537	5.084E-2	-0.128
37.570	5.657E-2	-0.125
37.604	5.991E-2	-0.128
37.637	5.632E-2	-0.130
37.670	4.731E-2	-0.132
37.704	3.642E-2	-0.135
37.737	2.167E-2	-0.139
37.770	6.273E-3	-0.140
37.804	-1.177E-2	-0.140
37.837	-2.719E-2	-0.137
37.870	-3.932E-2	-0.132
37.904	-4.722E-2	-0.130
37.937	-5.143E-2	-0.126
37.970	-5.237E-2	-0.126
38.004	-4.921E-2	-0.129
38.037	-4.150E-2	-0.133
38.070	-3.003E-2	-0.137
38.104	-1.480E-2	-0.139
38.137	1.952E-4	-0.140
38.170	1.602E-2	-0.140
38.204	3.171E-2	-0.138
38.237	4.437E-2	-0.134
38.270	5.194E-2	-0.131
38.304	5.762E-2	-0.128
38.337	5.790E-2	-0.128
38.370	5.351E-2	-0.130
38.404	4.387E-2	-0.134
38.437	3.129E-2	-0.138
38.470	1.595E-2	-0.140
38.504	3.297E-3	-0.141
38.537	-1.432E-2	-0.139
38.570	-2.940E-2	-0.137
38.604	-4.183E-2	-0.134
38.637	-5.086E-2	-0.131
38.670	-5.466E-2	-0.129
38.704	-5.399E-2	-0.130
38.737	-4.895E-2	-0.132
38.770	-3.920E-2	-0.135
38.804	-2.606E-2	-0.138
38.837	-1.113E-2	-0.140
38.870	4.525E-3	-0.141
38.904	2.091E-2	-0.140
38.937	3.356E-2	-0.136
38.970	4.497E-2	-0.132
39.004	5.232E-2	-0.129
39.037	5.762E-2	-0.128
39.070	5.662E-2	-0.128
39.104	5.110E-2	-0.131
39.137	4.101E-2	-0.133
39.170	2.770E-2	-0.138
39.204	1.207E-2	-0.140
39.237	-2.533E-3	-0.140
39.270	-1.934E-2	-0.139
39.304	-3.256E-2	-0.134
39.337	-4.313E-2	-0.130
39.370	-4.906E-2	-0.126
39.404	-5.295E-2	-0.128
39.437	-5.158E-2	-0.128
39.470	-4.568E-2	-0.131
39.504	-3.462E-2	-0.135
39.537	-2.096E-2	-0.138
39.570	-5.398E-3	-0.142
39.604	1.212E-2	-0.142
39.637	2.598E-2	-0.140
39.670	3.881E-2	-0.138
39.704	4.959E-2	-0.134
39.737	5.624E-2	-0.132
39.770	5.853E-2	-0.131
39.804	5.593E-2	-0.132
39.837	4.893E-2	-0.134
39.870	3.777E-2	-0.138
39.904	2.324E-2	-0.141
39.937	6.360E-3	-0.143
39.970	-1.133E-2	-0.142
40.004	-2.358E-2	-0.140
40.037	-3.731E-2	-0.137
40.071	-4.746E-2	-0.133
40.104	-5.316E-2	-0.131
40.137	-5.470E-2	-0.130
40.171	-5.189E-2	-0.132
40.204	-4.397E-2	-0.135
40.237	-3.233E-2	-0.138
40.271	-1.760E-2	-0.141
40.304	-4.971E-4	-0.142
40.337	1.732E-2	-0.141
40.371	2.954E-2	-0.140
40.404	4.195E-2	-0.137
40.437	5.147E-2	-0.134
40.471	5.688E-2	-0.132
40.504	5.778E-2	-0.131
40.537	5.394E-2	-0.133
40.571	4.579E-2	-0.136
40.604	3.378E-2	-0.139
40.637	1.854E-2	-0.141
40.671	1.637E-3	-0.143
40.704	-1.200E-2	-0.142
40.737	-2.743E-2	-0.139
40.771	-3.966E-2	-0.136
40.804	-4.889E-2	-0.133
40.837	-5.380E-2	-0.131
40.871	-5.400E-2	-0.131
40.904	-4.958E-2	-0.133
40.937	-4.041E-2	-0.136
40.971	-2.832E-2	-0.139
41.004	-1.296E-2	-0.142
41.037	4.428E-3	-0.142
41.071	1.830E-2	-0.142
41.104	3.220E-2	-0.139
41.137	4.449E-2	-0.136
41.171	5.293E-2	-0.133
41.204	5.721E-2	-0.131
41.237	5.672E-2	-0.132
41.271	5.169E-2	-0.134
41.304	4.228E-2	-0.137
41.337	2.964E-2	-0.140
41.371	1.392E-2	-0.142
41.404	-3.224E-3	-0.143
41.437	-1.678E-2	-0.141
41.471	-3.128E-2	-0.139
41.504	-4.269E-2	-0.135
41.537	-5.021E-2	-0.133
41.571	-5.384E-2	-0.131
41.604	-5.292E-2	-0.131
41.637	-4.720E-2	-0.134
41.671	-3.724E-2	-0.137
41.704	-2.410E-2	-0.140
41.737	-9.058E-3	-0.142
41.771	9.500E-3	-0.142
41.804	2.626E-2	-0.139
41.837	3.736E-2	-0.138
41.871	4.727E-2	-0.135
41.904	5.437E-2	-0.133
41.937	5.707E-2	-0.131
41.971	5.536E-2	-0.132
42.004	4.914E-2	-0.135
42.037	3.880E-2	-0.138
42.071	2.517E-2	-0.141
42.104	9.338E-3	-0.143
42.137	-5.071E-3	-0.142
42.171	-2.101E-2	-0.141
42.204	-3.438E-2	-0.138
42.237	-4.500E-2	-0.135
42.271	-5.148E-2	-0.132
42.304	-5.353E-2	-0.131
42.337	-5.119E-2	-0.132
42.371	-4.437E-2	-0.135
42.404	-3.329E-2	-0.138
42.437	-1.960E-2	-0.141
42.471	-2.759E-3	-0.143
42.504	1.463E-2	-0.141
42.537	2.641E-2	-0.141
42.571	3.936E-2	-0.138
42.604	4.913E-2	-0.135
42.637	5.485E-2	-0.133
42.671	5.639E-2	-0.132
42.704	5.322E-2	-0.133
42.737	4.590E-2	-0.136
42.771	3.463E-2	-0.139
42.804	1.983E-2	-0.142
42.837	3.796E-3	-0.143
42.871	-8.254E-3	-0.142
42.904	-2.392E-2	-0.140
42.937	-3.761E-2	-0.137
42.971	-4.668E-2	-0.134
43.004	-5.199E-2	-0.132
43.037	-5.266E-2	-0.131
43.071	-4.893E-2	-0.133
43.104	-4.074E-2	-0.136
43.137	-2.910E-2	-0.139
43.171	-1.410E-2	-0.141
43.204	2.597E-3	-0.142
43.237	1.545E-2	-0.142
43.271	2.975E-2	-0.140
43.304	4.220E-2	-0.137
43.337	5.078E-2	-0.134
43.371	5.522E-2	-0.132
43.404	5.536E-2	-0.132
43.437	5.086E-2	-0.134
43.471	4.238E-2	-0.137
43.504	3.018E-2	-0.140
43.538	1.533E-2	-0.142
43.571	-1.096E-3	-0.143
43.604	-1.413E-2	-0.142
43.638	-2.856E-2	-0.139
43.671	-3.996E-2	-0.136
43.704	-4.810E-2	-0.133
43.738	-5.212E-2	-0.132
43.771	-5.151E-2	-0.132
43.804	-4.625E-2	-0.134
43.838	-3.674E-2	-0.137
43.871	-2.443E-2	-0.140
43.904	-8.866E-3	-0.142
43.938	7.806E-3	-0.142
43.971	2.001E-2	-0.141
44.004	3.363E-2	-0.139
44.038	4.469E-2	-0.136
44.071	5.190E-2	-0.134
44.104	5.542E-2	-0.132
44.138	5.393E-2	-0.133
44.171	4.832E-2	-0.135
44.204	3.873E-2	-0.138
44.238	2.574E-2	-0.141
44.271	9.703E-3	-0.142
44.304	-5.964E-3	-0.142
44.338	-1.805E-2	-0.141
44.371	-3.199E-2	-0.138
44.404	-4.228E-2	-0.135
44.438	-4.925E-2	-0.133
44.471	-5.187E-2	-0.132
44.504	-4.974E-2	-0.133
44.538	-4.328E-2	-0.135
44.571	-3.300E-2	-0.138
44.604	-1.969E-2	-0.141
44.638	-3.580E-3	-0.142
44.671	1.353E-2	-0.141
44.704	2.598E-2	-0.140
44.738	3.708E-2	-0.138
44.771	4.699E-2	-0.135
44.804	5.290E-2	-0.133
44.838	5.503E-2	-0.133
44.871	5.227E-2	-0.134
44.904	4.505E-2	-0.136
44.938	3.467E-2	-0.139
44.971	2.075E-2	-0.141
45.004	4.405E-3	-0.143
45.038	-9.371E-3	-0.142
45.071	-2.246E-2	-0.141
45.104	-3.567E-2	-0.137
45.138	-4.475E-2	-0.135
45.171	-5.010E-2	-0.133
45.204	-5.137E-2	-0.132
45.238	-4.801E-2	-0.133
45.271	-4.031E-2	-0.136
45.304	-2.911E-2	-0.139
45.338	-1.558E-2	-0.141
45.371	1.478E-3	-0.142
45.404	1.797E-2	-0.141
45.438	2.883E-2	-0.140
45.471	4.021E-2	-0.138
45.504	4.896E-2	-0.135
45.538	5.381E-2	-0.133
45.571	5.421E-2	-0.133
45.604	5.013E-2	-0.134
45.638	4.206E-2	-0.137
45.671	3.072E-2	-0.140
45.704	1.653E-2	-0.142
45.738	-3.634E-5	-0.143
45.771	-1.308E-2	-0.142
45.804	-2.690E-2	-0.139
45.838	-3.847E-2	-0.137
45.871	-4.655E-2	-0.134
45.904	-5.028E-2	-0.133
45.938	-4.999E-2	-0.133
45.971	-4.573E-2	-0.134
46.004	-3.644E-2	-0.137
46.038	-2.459E-2	-0.140
46.071	-9.773E-3	-0.142
46.104	2.888E-3	-0.143
46.138	1.818E-2	-0.142
46.171	3.206E-2	-0.139
46.204	4.317E-2	-0.137
46.238	5.044E-2	-0.134
46.271	5.403E-2	-0.133
46.304	5.288E-2	-0.133
46.338	4.770E-2	-0.135
46.371	3.834E-2	-0.138
46.404	2.629E-2	-0.141
46.438	1.124E-2	-0.142
46.471	-3.746E-3	-0.142
46.504	-1.735E-2	-0.141
46.538	-3.094E-2	-0.139
46.571	-4.109E-2	-0.136
46.604	-4.783E-2	-0.133
46.638	-5.035E-2	-0.132
46.671	-4.880E-2	-0.133
46.704	-4.268E-2	-0.135
46.738	-3.262E-2	-0.138
46.771	-2.001E-2	-0.141
46.804	-4.158E-3	-0.142
46.838	1.160E-2	-0.142
46.871	2.382E-2	-0.139
46.904	3.657E-2	-0.136
46.938	4.500E-2	-0.131
46.971	5.060E-2	-0.128
47.005	5.017E-2	-0.129
47.038	4.793E-2	-0.130
47.071	4.226E-2	-0.131
47.105	3.471E-2	-0.138
47.138	2.167E-2	-0.141
47.171	7.008E-3	-0.142
47.205	-7.434E-3	-0.142
47.238	-2.205E-2	-0.140
47.271	-3.373E-2	-0.138
47.305	-4.289E-2	-0.135
47.338	-4.883E-2	-0.133
47.371	-4.982E-2	-0.133
47.405	-4.685E-2	-0.134
47.438	-3.933E-2	-0.136
47.471	-2.856E-2	-0.139
47.505	-1.566E-2	-0.141
47.538	-1.359E-3	-0.142
47.571	1.391E-2	-0.142
47.605	2.696E-2	-0.140
47.638	3.893E-2	-0.138
47.671	4.763E-2	-0.135
47.705	5.216E-2	-0.133
47.738	5.278E-2	-0.133
47.771	4.910E-2	-0.134
47.805	4.145E-2	-0.137
47.838	3.011E-2	-0.140
47.871	1.730E-2	-0.142
47.905	1.683E-3	-0.143
47.938	-1.273E-2	-0.142
47.971	-2.661E-2	-0.139
48.005	-3.761E-2	-0.137
48.038	-4.546E-2	-0.134
48.071	-4.930E-2	-0.133
48.105	-4.891E-2	-0.133
48.138	-4.458E-2	-0.135
48.171	-3.610E-2	-0.137
48.205	-2.460E-2	-0.140
48.238	-1.115E-2	-0.142
48.271	5.859E-3	-0.142
48.305	2.187E-2	-0.141
48.338	3.221E-2	-0.139
48.371	4.205E-2	-0.137
48.405	4.937E-2	-0.135
48.438	5.261E-2	-0.133
48.471	5.175E-2	-0.134
48.505	4.676E-2	-0.135
48.538	3.790E-2	-0.138
48.571	2.618E-2	-0.141
48.605	1.252E-2	-0.142
48.638	-8.710E-4	-0.142
48.671	-1.788E-2	-0.141
48.705	-3.030E-2	-0.139
48.738	-4.002E-2	-0.136
48.771	-4.654E-2	-0.134
48.805	-4.931E-2	-0.133
48.838	-4.751E-2	-0.134
48.871	-4.161E-2	-0.136
48.905	-3.250E-2	-0.138
48.938	-2.026E-2	-0.141
48.971	-5.760E-3	-0.142
49.005	8.771E-3	-0.142
49.038	2.194E-2	-0.141
49.071	3.504E-2	-0.139
49.105	4.427E-2	-0.136
49.138	5.036E-2	-0.134
49.171	5.210E-2	-0.134
49.205	4.976E-2	-0.134
49.238	4.358E-2	-0.136
49.271	3.361E-2	-0.139
49.305	2.066E-2	-0.141
49.338	6.189E-3	-0.143
49.371	-8.242E-3	-0.142
49.405	-2.095E-2	-0.141
49.438	-3.340E-2	-0.138
49.471	-4.199E-2	-0.136
49.505	-4.747E-2	-0.134
49.538	-4.855E-2	-0.133
49.571	-4.558E-2	-0.134
49.605	-3.853E-2	-0.137
49.638	-2.802E-2	-0.139
49.671	-1.471E-2	-0.141
49.705	-6.282E-4	-0.142
49.738	1.302E-2	-0.142
49.771	2.671E-2	-0.140
49.805	3.808E-2	-0.138
49.838	4.611E-2	-0.136
49.871	5.091E-2	-0.134
49.905	5.140E-2	-0.134
49.938	4.792E-2	-0.135
49.971	4.013E-2	-0.137
50.005	2.901E-2	-0.140
50.038	1.617E-2	-0.142
50.071	3.196E-3	-0.142
50.105	-1.316E-2	-0.141
50.138	-2.607E-2	-0.139
50.171	-3.568E-2	-0.137
50.205	-4.419E-2	-0.134
50.238	-4.757E-2	-0.133
50.271	-4.739E-2	-0.133
50.305	-4.299E-2	-0.135
50.338	-3.478E-2	-0.137
50.371	-2.373E-2	-0.140
50.405	-9.797E-3	-0.141
50.438	4.338E-3	-0.142
50.472	1.679E-2	-0.141
50.505	3.053E-2	-0.139
50.538	4.089E-2	-0.137
50.572	4.729E-2	-0.135
50.605	5.070E-2	-0.134
50.638	4.981E-2	-0.134
50.672	4.454E-2	-0.136
50.705	3.596E-2	-0.138
50.738	2.413E-2	-0.140
50.772	1.107E-2	-0.142
50.805	-9.951E-4	-0.142
50.838	-1.571E-2	-0.141
50.872	-2.909E-2	-0.139
50.905	-3.904E-2	-0.136
50.938	-4.521E-2	-0.134
50.972	-4.734E-2	-0.133
51.005	-4.572E-2	-0.134
51.038	-4.018E-2	-0.136
51.072	-3.067E-2	-0.138
51.105	-1.876E-2	-0.141
51.138	-3.893E-3	-0.142
51.172	8.766E-3	-0.142
51.205	2.183E-2	-0.141
51.238	3.420E-2	-0.139
51.272	4.266E-2	-0.136
51.305	4.743E-2	-0.134
51.338	5.040E-2	-0.134
51.372	4.785E-2	-0.135
51.405	4.212E-2	-0.137
51.438	3.204E-2	-0.139
51.472	1.940E-2	-0.141
51.505	4.930E-3	-0.142
51.538	-7.179E-3	-0.142
51.572	-2.120E-2	-0.140
51.605	-3.241E-2	-0.138
51.638	-4.072E-2	-0.136
51.672	-4.584E-2	-0.134
51.705	-4.710E-2	-0.133
51.738	-4.388E-2	-0.135
51.772	-3.629E-2	-0.137
51.805	-2.602E-2	-0.139
51.838	-1.336E-2	-0.141
51.872	6.635E-4	-0.142
51.905	1.212E-2	-0.142
51.938	2.575E-2	-0.140
51.972	3.671E-2	-0.138
52.005	4.477E-2	-0.136
52.038	4.916E-2	-0.134
52.072	4.940E-2	-0.134
52.105	4.577E-2	-0.135
52.138	3.806E-2	-0.138
52.172	2.717E-2	-0.140
52.205	1.458E-2	-0.142
52.238	2.992E-4	-0.142
52.272	-1.183E-2	-0.141
52.305	-2.431E-2	-0.140
52.338	-3.514E-2	-0.137
52.372	-4.135E-2	-0.135
52.405	-4.616E-2	-0.134
52.438	-4.580E-2	-0.134
52.472	-4.206E-2	-0.133
52.505	-3.290E-2	-0.135
52.538	-2.243E-2	-0.138
52.572	-9.682E-3	-0.140
52.605	5.418E-3	-0.140
52.638	1.771E-2	-0.139
52.672	2.950E-2	-0.136
52.705	3.891E-2	-0.133
52.738	4.456E-2	-0.132
52.772	4.845E-2	-0.132
52.805	4.786E-2	-0.132
52.838	4.285E-2	-0.134
52.872	3.413E-2	-0.136
52.905	2.252E-2	-0.139
52.938	9.498E-3	-0.140
52.972	-3.875E-3	-0.139
53.005	-1.708E-2	-0.138
53.038	-2.822E-2	-0.135
53.072	-3.625E-2	-0.132
53.105	-4.435E-2	-0.132
53.138	-4.625E-2	-0.132
53.172	-4.464E-2	-0.132
53.205	-3.890E-2	-0.134
53.238	-2.985E-2	-0.137
53.272	-1.800E-2	-0.140
53.305	-4.612E-3	-0.141
53.338	1.005E-2	-0.141
53.372	2.329E-2	-0.139
53.405	3.474E-2	-0.137
53.438	4.330E-2	-0.133
53.472	4.869E-2	-0.131
53.505	4.903E-2	-0.132
53.538	4.623E-2	-0.133
53.572	4.002E-2	-0.135
53.605	2.955E-2	-0.137
53.638	1.759E-2	-0.139
53.672	4.289E-3	-0.140
53.705	-8.621E-3	-0.140
53.738	-2.137E-2	-0.138
53.772	-3.159E-2	-0.135
53.805	-3.782E-2	-0.132
53.838	-4.264E-2	-0.132
53.872	-4.295E-2	-0.131
53.905	-4.036E-2	-0.132
53.939	-3.418E-2	-0.135
53.972	-2.258E-2	-0.137
54.005	-1.012E-2	-0.140
54.039	9.041E-4	-0.140
54.072	1.491E-2	-0.139
54.105	2.738E-2	-0.137
54.139	3.681E-2	-0.134
54.172	4.399E-2	-0.131
54.205	4.788E-2	-0.132
54.239	4.786E-2	-0.132
54.272	4.380E-2	-0.133
54.305	3.658E-2	-0.136
54.339	2.554E-2	-0.138
54.372	1.305E-2	-0.140
54.405	-6.194E-4	-0.140
54.439	-1.220E-2	-0.140
54.472	-2.499E-2	-0.136
54.505	-3.319E-2	-0.133
54.539	-3.902E-2	-0.131
54.572	-4.435E-2	-0.132
54.605	-4.368E-2	-0.132
54.639	-4.034E-2	-0.133
54.672	-3.235E-2	-0.136
54.705	-2.184E-2	-0.138
54.739	-8.835E-3	-0.140
54.772	4.802E-3	-0.141
54.805	2.004E-2	-0.139
54.839	3.123E-2	-0.135
54.872	3.911E-2	-0.132
54.905	4.547E-2	-0.130
54.939	4.731E-2	-0.130
54.972	4.592E-2	-0.131
55.005	4.103E-2	-0.134
55.039	3.184E-2	-0.137
55.072	2.069E-2	-0.139
55.105	7.961E-3	-0.140
55.139	-3.883E-3	-0.140
55.172	-1.770E-2	-0.139
55.205	-2.905E-2	-0.136
55.239	-3.757E-2	-0.133
55.272	-4.342E-2	-0.133
55.305	-4.497E-2	-0.133
55.339	-4.272E-2	-0.134
55.372	-3.668E-2	-0.135
55.405	-2.746E-2	-0.138
55.439	-1.567E-2	-0.138
55.472	-1.387E-3	-0.140
55.505	1.189E-2	-0.140
55.539	2.174E-2	-0.137
55.572	3.265E-2	-0.135
55.605	4.215E-2	-0.134
55.639	4.698E-2	-0.132
55.672	4.837E-2	-0.132
55.705	4.499E-2	-0.133
55.739	3.819E-2	-0.135
55.772	2.726E-2	-0.137
55.805	1.558E-2	-0.139
55.839	2.534E-3	-0.140
55.872	-1.010E-2	-0.140
55.905	-2.077E-2	-0.137
55.939	-3.250E-2	-0.135
55.972	-4.012E-2	-0.134
56.005	-4.409E-2	-0.133
56.039	-4.433E-2	-0.133
56.072	-4.059E-2	-0.134
56.105	-3.347E-2	-0.136
56.139	-2.349E-2	-0.138
56.172	-1.135E-2	-0.140
56.205	2.050E-3	-0.140
56.239	1.673E-2	-0.139
56.272	2.807E-2	-0.136
56.305	3.702E-2	-0.133
56.339	4.353E-2	-0.131
56.372	4.731E-2	-0.131
56.405	4.674E-2	-0.131
56.439	4.251E-2	-0.134
56.472	3.503E-2	-0.136
56.505	2.497E-2	-0.138
56.539	1.252E-2	-0.140
56.572	-1.601E-3	-0.140
56.605	-1.376E-2	-0.138
56.639	-2.574E-2	-0.136
56.672	-3.339E-2	-0.133
56.705	-3.860E-2	-0.131
56.739	-4.206E-2	-0.132
56.772	-4.130E-2	-0.133
56.805	-3.669E-2	-0.134
56.839	-2.889E-2	-0.137
56.872	-1.809E-2	-0.139
56.905	-6.053E-3	-0.140
56.939	6.633E-3	-0.138
56.972	1.904E-2	-0.137
57.005	2.984E-2	-0.135
57.039	3.840E-2	-0.132
57.072	4.381E-2	-0.130
57.105	4.731E-2	-0.131
57.139	4.504E-2	-0.131
57.172	4.043E-2	-0.134
57.205	3.188E-2	-0.137
57.239	1.924E-2	-0.139
57.272	7.529E-3	-0.140
57.305	-6.130E-3	-0.140
57.339	-1.886E-2	-0.139
57.372	-2.869E-2	-0.135
57.406	-3.755E-2	-0.134
57.439	-4.261E-2	-0.133
57.472	-4.363E-2	-0.133
57.506	-4.081E-2	-0.133
57.539	-3.463E-2	-0.136
57.572	-2.538E-2	-0.137
57.606	-1.405E-2	-0.139
57.639	-8.146E-4	-0.140
57.672	1.349E-2	-0.139
57.706	2.521E-2	-0.137
57.739	3.442E-2	-0.134
57.772	4.159E-2	-0.131
57.806	4.674E-2	-0.131
57.839	4.704E-2	-0.131
57.872	4.364E-2	-0.132
57.906	3.528E-2	-0.134
57.939	2.622E-2	-0.138
57.972	1.443E-2	-0.139
58.006	2.197E-3	-0.140
58.039	-1.079E-2	-0.139
58.072	-2.223E-2	-0.137
58.106	-3.183E-2	-0.134
58.139	-3.928E-2	-0.133
58.172	-4.213E-2	-0.131
58.206	-4.202E-2	-0.132
58.239	-3.755E-2	-0.133
58.272	-3.036E-2	-0.135
58.306	-2.054E-2	-0.138
58.339	-7.689E-3	-0.141
58.372	5.253E-3	-0.141
58.406	1.589E-2	-0.140
58.439	2.755E-2	-0.139
58.472	3.589E-2	-0.137
58.506	4.165E-2	-0.135
58.539	4.559E-2	-0.132
58.572	4.451E-2	-0.133
58.606	3.992E-2	-0.134
58.639	3.241E-2	-0.137
58.672	2.188E-2	-0.139
58.706	9.290E-3	-0.140
58.739	-3.449E-3	-0.140
58.772	-1.538E-2	-0.139
58.806	-2.651E-2	-0.137
58.839	-3.360E-2	-0.133
58.872	-3.785E-2	-0.131
58.906	-4.034E-2	-0.132
58.939	-3.889E-2	-0.132
58.972	-3.436E-2	-0.135
59.006	-2.610E-2	-0.137
59.039	-1.514E-2	-0.140
59.072	-3.296E-3	-0.140
59.106	9.038E-3	-0.140
59.139	2.050E-2	-0.140
59.172	3.011E-2	-0.137
59.206	3.787E-2	-0.136
59.239	4.502E-2	-0.134
59.272	4.600E-2	-0.134
59.306	4.273E-2	-0.133
59.339	3.702E-2	-0.135
59.372	2.898E-2	-0.138
59.406	1.792E-2	-0.140
59.439	5.642E-3	-0.141
59.472	-7.462E-3	-0.141
59.506	-2.020E-2	-0.140
59.539	-2.841E-2	-0.138
59.572	-3.523E-2	-0.136
59.606	-3.977E-2	-0.133
59.639	-4.024E-2	-0.133
59.672	-3.739E-2	-0.134
59.706	-3.125E-2	-0.136
59.739	-2.144E-2	-0.138
59.772	-1.031E-2	-0.140
59.806	1.617E-3	-0.140
59.839	1.379E-2	-0.140
59.872	2.503E-2	-0.139
59.906	3.380E-2	-0.137
59.939	4.101E-2	-0.135
59.972	4.417E-2	-0.134
60.006	4.372E-2	-0.134
60.039	4.020E-2	-0.135
60.072	3.337E-2	-0.137
60.106	2.325E-2	-0.138
60.139	1.213E-2	-0.140
60.172	-1.022E-3	-0.140
60.206	-1.274E-2	-0.139
60.239	-2.410E-2	-0.138
60.272	-3.128E-2	-0.134
60.306	-3.631E-2	-0.132
60.339	-4.034E-2	-0.133
60.372	-3.943E-2	-0.133
60.406	-3.576E-2	-0.136
60.439	-2.816E-2	-0.137
60.472	-1.686E-2	-0.139
60.506	-5.467E-3	-0.140
60.539	6.314E-3	-0.140
60.572	1.816E-2	-0.139
60.606	2.809E-2	-0.138
60.639	3.632E-2	-0.137
60.672	4.118E-2	-0.135
60.706	4.444E-2	-0.132
60.739	4.271E-2	-0.133
60.772	3.814E-2	-0.136
60.806	2.992E-2	-0.137
60.839	1.695E-2	-0.141
60.873	5.039E-3	-0.142
60.906	-4.825E-3	-0.141
60.939	-1.797E-2	-0.140
60.973	-2.807E-2	-0.138
61.006	-3.588E-2	-0.136
61.039	-4.062E-2	-0.135
61.073	-4.142E-2	-0.135
61.106	-3.911E-2	-0.135
61.139	-3.312E-2	-0.137
61.173	-2.432E-2	-0.139
61.206	-1.369E-2	-0.140
61.239	-1.578E-3	-0.141
61.273	1.082E-2	-0.141
61.306	2.202E-2	-0.140
61.339	3.176E-2	-0.138
61.373	3.834E-2	-0.136
61.406	4.210E-2	-0.135
61.439	4.248E-2	-0.135
61.473	3.938E-2	-0.136
61.506	3.343E-2	-0.138
61.539	2.462E-2	-0.139
61.573	1.361E-2	-0.141
61.606	1.111E-3	-0.141
61.639	-9.436E-3	-0.141
61.673	-2.160E-2	-0.139
61.706	-3.103E-2	-0.137
61.739	-3.754E-2	-0.136
61.773	-4.069E-2	-0.135
61.806	-4.015E-2	-0.135
61.839	-3.658E-2	-0.136
61.873	-2.933E-2	-0.138
61.906	-1.956E-2	-0.140
61.939	-7.689E-3	-0.138
61.973	3.735E-3	-0.139
62.006	1.602E-2	-0.138
62.039	2.645E-2	-0.136
62.073	3.498E-2	-0.133
62.106	4.106E-2	-0.131
62.139	4.387E-2	-0.133
62.173	4.269E-2	-0.133
62.206	3.818E-2	-0.135
62.239	3.085E-2	-0.137
62.273	2.096E-2	-0.138
62.306	9.663E-3	-0.140
62.339	-2.661E-3	-0.140
62.373	-1.464E-2	-0.138
62.406	-2.431E-2	-0.136
62.439	-3.143E-2	-0.133
62.473	-3.609E-2	-0.132
62.506	-3.977E-2	-0.132
62.539	-3.800E-2	-0.132
62.573	-3.294E-2	-0.134
62.606	-2.373E-2	-0.137
62.639	-1.408E-2	-0.139
62.673	-2.684E-3	-0.140
62.706	9.208E-3	-0.140
62.739	2.042E-2	-0.139
62.773	3.013E-2	-0.136
62.806	3.772E-2	-0.133
62.839	4.215E-2	-0.131
62.873	4.327E-2	-0.131
62.906	4.085E-2	-0.132
62.939	3.500E-2	-0.134
62.973	2.675E-2	-0.138
63.006	1.627E-2	-0.139
63.039	4.934E-3	-0.140
63.073	-7.510E-3	-0.140
63.106	-1.848E-2	-0.138
63.139	-2.743E-2	-0.135
63.173	-3.337E-2	-0.133
63.206	-3.805E-2	-0.134
63.239	-3.839E-2	-0.134
63.273	-3.562E-2	-0.135
63.306	-2.942E-2	-0.136
63.339	-1.972E-2	-0.139
63.373	-8.866E-3	-0.140
63.406	1.876E-3	-0.141
63.439	1.359E-2	-0.140
63.473	2.346E-2	-0.139
63.506	3.210E-2	-0.138
63.539	3.835E-2	-0.136
63.573	4.444E-2	-0.133
63.606	4.464E-2	-0.134
63.639	3.814E-2	-0.134
63.673	3.223E-2	-0.136
63.706	2.222E-2	-0.139
63.739	1.179E-2	-0.139
63.773	-7.223E-4	-0.139
63.806	-1.211E-2	-0.138
63.839	-2.192E-2	-0.136
63.873	-2.953E-2	-0.134
63.906	-3.466E-2	-0.132
63.939	-3.691E-2	-0.133
63.973	-3.603E-2	-0.134
64.006	-3.232E-2	-0.136
64.039	-2.526E-2	-0.137
64.073	-1.571E-2	-0.138
64.106	-4.561E-3	-0.140
64.139	7.034E-3	-0.140
64.173	1.841E-2	-0.139
64.206	2.800E-2	-0.136
64.239	3.477E-2	-0.136
64.273	4.101E-2	-0.134
64.306	4.247E-2	-0.134
64.340	4.070E-2	-0.134
64.373	3.558E-2	-0.135
64.406	2.792E-2	-0.138
64.440	1.637E-2	-0.140
64.473	4.938E-3	-0.141
64.506	-6.705E-3	-0.141
64.540	-1.780E-2	-0.140
64.573	-2.735E-2	-0.138
64.606	-3.463E-2	-0.136
64.640	-3.883E-2	-0.135
64.673	-3.969E-2	-0.135
64.706	-3.736E-2	-0.135
64.740	-3.145E-2	-0.137
64.773	-2.292E-2	-0.139
64.806	-1.268E-2	-0.140
64.840	-9.619E-4	-0.141
64.873	1.071E-2	-0.140
64.906	2.149E-2	-0.140
64.940	3.034E-2	-0.138
64.973	3.660E-2	-0.137
65.006	3.994E-2	-0.135
65.040	4.003E-2	-0.135
65.073	3.712E-2	-0.136
65.106	3.114E-2	-0.138
65.140	2.234E-2	-0.139
65.173	1.181E-2	-0.141
65.206	-1.244E-4	-0.140
65.240	-1.120E-2	-0.140
65.273	-2.181E-2	-0.139
65.306	-3.036E-2	-0.137
65.340	-3.638E-2	-0.136
65.373	-3.923E-2	-0.135
65.406	-3.875E-2	-0.135
65.440	-3.467E-2	-0.136
65.473	-2.773E-2	-0.138
65.506	-1.848E-2	-0.140
65.540	-7.689E-3	-0.140
65.573	3.728E-3	-0.141
65.606	1.530E-2	-0.140
65.640	2.524E-2	-0.139
65.673	3.297E-2	-0.137
65.706	3.796E-2	-0.136
65.740	4.101E-2	-0.134
65.773	3.991E-2	-0.135
65.806	3.602E-2	-0.136
65.840	2.860E-2	-0.137
65.873	1.924E-2	-0.138
65.906	7.708E-3	-0.140
65.940	-3.585E-3	-0.140
65.973	-1.441E-2	-0.138
66.006	-2.384E-2	-0.136
66.040	-3.064E-2	-0.134
66.073	-3.519E-2	-0.133
66.106	-3.633E-2	-0.133
66.140	-3.462E-2	-0.134
66.173	-3.026E-2	-0.136
66.206	-2.268E-2	-0.138
66.240	-1.227E-2	-0.138
66.273	-1.144E-3	-0.140
66.306	1.017E-2	-0.139
66.340	2.060E-2	-0.137
66.373	3.000E-2	-0.135
66.406	3.683E-2	-0.133
66.440	4.069E-2	-0.132
66.473	4.101E-2	-0.134
66.506	3.849E-2	-0.135
66.540	3.272E-2	-0.137
66.573	2.442E-2	-0.138
66.606	1.408E-2	-0.138
66.640	3.005E-3	-0.139
66.673	-8.173E-3	-0.138
66.706	-1.880E-2	-0.137
66.740	-2.640E-2	-0.135
66.773	-3.208E-2	-0.133
66.806	-3.691E-2	-0.133
66.840	-3.688E-2	-0.133
66.873	-3.326E-2	-0.135
66.906	-2.723E-2	-0.137
66.940	-1.857E-2	-0.138
66.973	-8.317E-3	-0.139
67.006	3.081E-3	-0.140
67.040	1.424E-2	-0.140
67.073	2.423E-2	-0.137
67.106	3.247E-2	-0.135
67.140	3.827E-2	-0.133
67.173	3.960E-2	-0.133
67.206	3.881E-2	-0.134
67.240	3.509E-2	-0.135
67.273	2.881E-2	-0.137
67.306	1.997E-2	-0.139
67.340	8.925E-3	-0.140
67.373	-2.659E-3	-0.140
67.406	-1.273E-2	-0.138
67.440	-2.186E-2	-0.136
67.473	-2.896E-2	-0.134
67.506	-3.325E-2	-0.133
67.540	-3.633E-2	-0.134
67.573	-3.506E-2	-0.135
67.606	-2.946E-2	-0.136
67.640	-2.263E-2	-0.138
67.673	-1.320E-2	-0.139
67.706	-2.681E-3	-0.140
67.740	7.779E-3	-0.139
67.773	1.776E-2	-0.138
67.807	2.651E-2	-0.137
67.840	3.343E-2	-0.136
67.873	3.872E-2	-0.134
67.907	3.960E-2	-0.134
67.940	3.789E-2	-0.135
67.973	3.299E-2	-0.136
68.007	2.515E-2	-0.138
68.040	1.580E-2	-0.137
68.073	5.019E-3	-0.138
68.107	-6.377E-3	-0.138
68.140	-1.643E-2	-0.137
68.173	-2.488E-2	-0.135
68.207	-3.035E-2	-0.133
68.240	-3.404E-2	-0.133
68.273	-3.494E-2	-0.134
68.307	-3.260E-2	-0.135
68.340	-2.732E-2	-0.137
68.373	-1.894E-2	-0.138
68.407	-8.835E-3	-0.140
68.440	1.722E-3	-0.140
68.473	1.257E-2	-0.140
68.507	2.302E-2	-0.138
68.540	3.131E-2	-0.136
68.573	3.736E-2	-0.133
68.607	3.997E-2	-0.132
68.640	3.967E-2	-0.132
68.673	3.612E-2	-0.134
68.707	2.961E-2	-0.136
68.740	2.108E-2	-0.139
68.773	1.066E-2	-0.140
68.807	-2.417E-4	-0.140
68.840	-1.096E-2	-0.139
68.873	-2.032E-2	-0.137
68.907	-2.751E-2	-0.135
68.940	-3.217E-2	-0.133
68.973	-3.633E-2	-0.134
69.007	-3.516E-2	-0.135
69.040	-3.186E-2	-0.140
69.073	-2.386E-2	-0.138
69.107	-1.489E-2	-0.139
69.140	-4.252E-3	-0.141
69.173	6.636E-3	-0.141
69.207	1.739E-2	-0.140
69.240	2.572E-2	-0.139
69.273	3.319E-2	-0.138
69.307	3.727E-2	-0.137
69.340	3.986E-2	-0.134
69.373	3.810E-2	-0.135
69.407	3.326E-2	-0.136
69.440	2.578E-2	-0.138
69.473	1.695E-2	-0.140
69.507	6.180E-3	-0.141
69.540	-4.966E-3	-0.141
