	mass A		
t	x	y	
3.034	-0.232	-1.365
3.067	-0.194	-1.373
3.100	-0.137	-1.382
3.134	-7.083E-2	-1.385
3.167	7.058E-3	-1.388
3.200	8.536E-2	-1.394
3.234	0.155	-1.388
3.267	0.205	-1.383
3.300	0.246	-1.375
3.334	0.266	-1.372
3.367	0.263	-1.373
3.400	0.238	-1.378
3.434	0.189	-1.386
3.467	0.130	-1.392
3.500	5.878E-2	-1.396
3.534	-2.184E-2	-1.396
3.567	-9.783E-2	-1.393
3.600	-0.159	-1.387
3.634	-0.206	-1.379
3.667	-0.240	-1.374
3.700	-0.258	-1.373
3.734	-0.244	-1.374
3.767	-0.212	-1.379
3.800	-0.164	-1.387
3.834	-0.104	-1.393
3.867	-3.023E-2	-1.397
3.900	4.482E-2	-1.397
3.934	0.120	-1.391
3.967	0.180	-1.386
4.000	0.225	-1.380
4.034	0.255	-1.375
4.067	0.263	-1.374
4.100	0.246	-1.377
4.134	0.208	-1.383
4.167	0.160	-1.389
4.200	9.471E-2	-1.394
4.234	1.884E-2	-1.397
4.267	-6.039E-2	-1.396
4.300	-0.129	-1.391
4.334	-0.184	-1.384
4.367	-0.226	-1.379
4.400	-0.251	-1.374
4.434	-0.250	-1.374
4.467	-0.227	-1.377
4.500	-0.185	-1.383
4.534	-0.133	-1.390
4.567	-6.774E-2	-1.396
4.600	1.011E-2	-1.397
4.634	8.671E-2	-1.394
4.667	0.153	-1.389
4.700	0.202	-1.383
4.734	0.240	-1.377
4.767	0.259	-1.375
4.800	0.255	-1.375
4.834	0.226	-1.381
4.867	0.178	-1.388
4.900	0.119	-1.394
4.934	5.100E-2	-1.397
4.967	-2.519E-2	-1.397
5.000	-9.611E-2	-1.394
5.034	-0.158	-1.387
5.067	-0.206	-1.381
5.100	-0.239	-1.376
5.134	-0.257	-1.374
5.167	-0.240	-1.376
5.201	-0.208	-1.382
5.234	-0.158	-1.388
5.267	-9.941E-2	-1.394
5.301	-2.843E-2	-1.397
5.334	4.860E-2	-1.397
5.367	0.121	-1.391
5.401	0.179	-1.386
5.434	0.220	-1.380
5.467	0.252	-1.375
5.501	0.258	-1.374
5.534	0.240	-1.378
5.567	0.203	-1.383
5.601	0.153	-1.389
5.634	8.808E-2	-1.394
5.667	1.260E-2	-1.397
5.701	-6.317E-2	-1.396
5.734	-0.128	-1.391
5.767	-0.181	-1.385
5.801	-0.225	-1.379
5.834	-0.249	-1.376
5.867	-0.246	-1.376
5.901	-0.224	-1.379
5.934	-0.180	-1.385
5.967	-0.128	-1.391
6.001	-6.147E-2	-1.396
6.034	1.492E-2	-1.397
6.067	8.817E-2	-1.394
6.101	0.147	-1.391
6.134	0.202	-1.383
6.167	0.239	-1.378
6.201	0.256	-1.375
6.234	0.247	-1.377
6.267	0.222	-1.381
6.301	0.173	-1.388
6.334	0.117	-1.394
6.367	4.566E-2	-1.397
6.401	-2.899E-2	-1.397
6.434	-9.654E-2	-1.394
6.467	-0.155	-1.388
6.501	-0.203	-1.382
6.534	-0.233	-1.377
6.567	-0.250	-1.376
6.601	-0.236	-1.379
6.634	-0.198	-1.382
6.667	-0.152	-1.388
6.701	-9.329E-2	-1.394
6.734	-2.133E-2	-1.396
6.767	4.963E-2	-1.396
6.801	0.122	-1.392
6.834	0.178	-1.386
6.867	0.222	-1.380
6.901	0.250	-1.375
6.934	0.253	-1.375
6.967	0.232	-1.380
7.001	0.196	-1.386
7.034	0.146	-1.391
7.067	8.220E-2	-1.394
7.101	7.031E-3	-1.397
7.134	-6.464E-2	-1.396
7.167	-0.125	-1.391
7.201	-0.178	-1.385
7.234	-0.219	-1.379
7.267	-0.238	-1.376
7.301	-0.234	-1.377
7.334	-0.212	-1.379
7.367	-0.173	-1.385
7.401	-0.122	-1.393
7.434	-5.421E-2	-1.396
7.467	1.959E-2	-1.397
7.501	8.849E-2	-1.394
7.534	0.147	-1.391
7.567	0.200	-1.383
7.601	0.237	-1.378
7.634	0.248	-1.377
7.667	0.239	-1.378
7.701	0.211	-1.383
7.734	0.168	-1.389
7.767	0.109	-1.394
7.801	3.986E-2	-1.397
7.834	-3.239E-2	-1.396
7.867	-9.597E-2	-1.394
7.901	-0.155	-1.388
7.934	-0.203	-1.382
7.967	-0.228	-1.377
8.001	-0.238	-1.376
8.034	-0.220	-1.377
8.067	-0.189	-1.382
8.101	-0.144	-1.388
8.134	-8.577E-2	-1.394
8.167	-1.533E-2	-1.396
8.201	5.695E-2	-1.397
8.234	0.122	-1.392
8.267	0.177	-1.386
8.301	0.220	-1.380
8.334	0.243	-1.378
8.367	0.244	-1.377
8.401	0.224	-1.380
8.434	0.190	-1.386
8.467	0.138	-1.391
8.501	7.347E-2	-1.394
8.534	1.516E-3	-1.397
8.567	-6.554E-2	-1.394
8.601	-0.127	-1.390
8.634	-0.178	-1.384
8.668	-0.215	-1.379
8.701	-0.231	-1.376
8.734	-0.227	-1.377
8.768	-0.202	-1.380
8.801	-0.164	-1.385
8.834	-0.113	-1.391
8.868	-4.647E-2	-1.396
8.901	2.369E-2	-1.396
8.934	9.158E-2	-1.394
8.968	0.151	-1.389
9.001	0.200	-1.383
9.034	0.235	-1.378
9.068	0.245	-1.377
9.101	0.235	-1.378
9.134	0.207	-1.383
9.168	0.163	-1.388
9.201	0.104	-1.394
9.234	3.450E-2	-1.397
9.268	-3.451E-2	-1.397
9.301	-9.753E-2	-1.393
9.334	-0.153	-1.387
9.368	-0.200	-1.382
9.401	-0.225	-1.379
9.434	-0.229	-1.377
9.468	-0.215	-1.379
9.501	-0.185	-1.384
9.534	-0.139	-1.390
9.568	-7.724E-2	-1.394
9.601	-9.037E-3	-1.396
9.634	6.065E-2	-1.397
9.668	0.123	-1.392
9.701	0.177	-1.386
9.734	0.217	-1.383
9.768	0.238	-1.380
9.801	0.236	-1.380
9.834	0.217	-1.383
9.868	0.180	-1.388
9.901	0.128	-1.394
9.934	6.610E-2	-1.397
9.968	-6.188E-3	-1.399
10.001	-6.993E-2	-1.396
10.034	-0.127	-1.391
10.068	-0.178	-1.385
10.101	-0.214	-1.382
10.134	-0.228	-1.379
10.168	-0.221	-1.379
10.201	-0.197	-1.382
10.234	-0.160	-1.388
10.268	-0.105	-1.394
10.301	-3.806E-2	-1.397
10.334	3.173E-2	-1.397
10.368	9.507E-2	-1.394
10.401	0.150	-1.391
10.434	0.200	-1.383
10.468	0.230	-1.380
10.501	0.238	-1.380
10.534	0.227	-1.381
10.568	0.202	-1.384
10.601	0.155	-1.391
10.634	9.640E-2	-1.394
10.668	2.891E-2	-1.397
10.701	-3.729E-2	-1.397
10.734	-9.941E-2	-1.393
10.768	-0.155	-1.388
10.801	-0.195	-1.382
10.834	-0.220	-1.379
10.868	-0.225	-1.379
10.901	-0.206	-1.380
10.934	-0.177	-1.385
10.968	-0.130	-1.391
11.001	-7.183E-2	-1.396
11.034	-1.603E-3	-1.397
11.068	6.358E-2	-1.397
11.101	0.125	-1.392
11.134	0.174	-1.388
11.168	0.215	-1.383
11.201	0.233	-1.380
11.234	0.231	-1.380
11.268	0.212	-1.383
11.301	0.175	-1.389
11.334	0.124	-1.392
11.368	5.799E-2	-1.397
11.401	-9.829E-3	-1.399
11.434	-7.268E-2	-1.396
11.468	-0.130	-1.391
11.501	-0.178	-1.385
11.534	-0.214	-1.382
11.568	-0.223	-1.379
11.601	-0.214	-1.379
11.634	-0.194	-1.385
11.668	-0.155	-1.390
11.701	-9.866E-2	-1.394
11.734	-3.336E-2	-1.397
11.768	3.296E-2	-1.397
11.801	9.604E-2	-1.394
11.834	0.154	-1.389
11.868	0.200	-1.383
11.901	0.225	-1.380
11.934	0.231	-1.380
11.968	0.221	-1.380
12.001	0.192	-1.386
12.035	0.147	-1.391
12.068	8.792E-2	-1.394
12.101	2.101E-2	-1.399
12.135	-4.224E-2	-1.397
12.168	-0.105	-1.393
12.201	-0.155	-1.388
12.235	-0.200	-1.384
12.268	-0.217	-1.380
12.301	-0.217	-1.379
12.335	-0.203	-1.382
12.368	-0.173	-1.387
12.401	-0.121	-1.391
12.435	-6.328E-2	-1.396
12.468	4.217E-3	-1.397
12.501	6.629E-2	-1.397
12.535	0.128	-1.392
12.568	0.178	-1.386
12.601	0.212	-1.383
12.635	0.230	-1.378
12.668	0.225	-1.380
12.701	0.206	-1.383
12.735	0.168	-1.388
12.768	0.113	-1.394
12.801	5.166E-2	-1.397
12.835	-1.289E-2	-1.397
12.868	-7.465E-2	-1.396
12.901	-0.132	-1.391
12.935	-0.177	-1.385
12.968	-0.205	-1.382
13.001	-0.219	-1.380
13.035	-0.206	-1.380
13.068	-0.184	-1.384
13.101	-0.144	-1.390
13.135	-8.840E-2	-1.394
13.168	-2.616E-2	-1.397
13.201	3.754E-2	-1.397
13.235	9.927E-2	-1.394
13.268	0.152	-1.391
13.301	0.195	-1.386
13.335	0.219	-1.383
13.368	0.226	-1.381
13.401	0.213	-1.383
13.435	0.183	-1.388
13.468	0.139	-1.391
13.501	7.630E-2	-1.396
13.535	1.327E-2	-1.399
13.568	-4.539E-2	-1.397
13.601	-0.105	-1.394
13.635	-0.156	-1.388
13.668	-0.190	-1.382
13.701	-0.209	-1.379
13.735	-0.210	-1.379
13.768	-0.194	-1.382
13.801	-0.161	-1.388
13.835	-0.110	-1.391
13.868	-5.213E-2	-1.396
13.901	1.293E-2	-1.397
13.935	7.080E-2	-1.396
13.968	0.131	-1.391
14.001	0.177	-1.388
14.035	0.209	-1.383
14.068	0.224	-1.381
14.101	0.221	-1.381
14.135	0.201	-1.383
14.168	0.162	-1.389
14.201	0.107	-1.394
14.235	4.555E-2	-1.397
14.268	-1.609E-2	-1.397
14.301	-7.554E-2	-1.394
14.335	-0.133	-1.390
14.368	-0.175	-1.385
14.401	-0.200	-1.382
14.435	-0.208	-1.379
14.468	-0.201	-1.382
14.501	-0.177	-1.385
14.535	-0.135	-1.390
14.568	-7.888E-2	-1.394
14.601	-1.819E-2	-1.397
14.635	4.067E-2	-1.397
14.668	0.103	-1.394
14.701	0.157	-1.389
14.735	0.197	-1.383
14.768	0.217	-1.381
14.801	0.220	-1.381
14.835	0.208	-1.383
14.868	0.179	-1.386
14.901	0.131	-1.391
14.935	7.351E-2	-1.394
14.968	1.209E-2	-1.396
15.001	-4.870E-2	-1.396
15.035	-0.105	-1.391
15.068	-0.156	-1.388
15.101	-0.187	-1.382
15.135	-0.207	-1.382
15.168	-0.207	-1.382
15.201	-0.186	-1.382
15.235	-0.152	-1.388
15.268	-0.105	-1.393
15.301	-4.644E-2	-1.396
15.335	1.462E-2	-1.397
15.368	7.660E-2	-1.394
15.401	0.131	-1.391
15.435	0.179	-1.386
15.468	0.206	-1.383
15.502	0.218	-1.381
15.535	0.211	-1.383
15.568	0.189	-1.386
15.602	0.152	-1.389
15.635	9.829E-2	-1.394
15.668	4.011E-2	-1.397
15.702	-2.147E-2	-1.396
15.735	-8.186E-2	-1.394
15.768	-0.135	-1.390
15.802	-0.173	-1.385
15.835	-0.197	-1.382
15.868	-0.208	-1.382
15.902	-0.195	-1.382
15.935	-0.170	-1.387
15.968	-0.126	-1.391
16.002	-7.384E-2	-1.396
16.035	-1.204E-2	-1.397
16.068	4.680E-2	-1.397
16.102	0.105	-1.394
16.135	0.158	-1.389
16.168	0.192	-1.386
16.202	0.209	-1.383
16.235	0.213	-1.383
16.268	0.200	-1.384
16.302	0.168	-1.389
16.335	0.119	-1.394
16.368	6.523E-2	-1.397
16.402	2.060E-3	-1.399
16.435	-5.583E-2	-1.396
16.468	-0.113	-1.393
16.502	-0.159	-1.390
16.535	-0.186	-1.384
16.568	-0.201	-1.382
16.602	-0.199	-1.382
16.635	-0.182	-1.385
16.668	-0.147	-1.390
16.702	-9.643E-2	-1.393
16.735	-3.961E-2	-1.397
16.768	1.700E-2	-1.399
16.802	7.762E-2	-1.397
16.835	0.130	-1.394
16.868	0.175	-1.389
16.902	0.200	-1.386
16.935	0.210	-1.385
16.968	0.205	-1.386
17.002	0.181	-1.389
17.035	0.142	-1.392
17.068	8.857E-2	-1.396
17.102	2.956E-2	-1.399
17.135	-2.908E-2	-1.399
17.168	-8.626E-2	-1.396
17.202	-0.138	-1.393
17.235	-0.176	-1.388
17.268	-0.196	-1.385
17.302	-0.205	-1.385
17.335	-0.189	-1.385
17.368	-0.166	-1.390
17.402	-0.118	-1.393
17.435	-6.598E-2	-1.397
17.468	-8.976E-3	-1.399
17.502	4.821E-2	-1.399
17.535	0.106	-1.396
17.568	0.155	-1.391
17.602	0.187	-1.389
17.635	0.205	-1.386
17.668	0.207	-1.386
17.702	0.191	-1.388
17.735	0.158	-1.391
17.768	0.114	-1.395
17.802	5.682E-2	-1.399
17.835	-3.805E-3	-1.400
17.868	-5.804E-2	-1.397
17.902	-0.113	-1.393
17.935	-0.156	-1.390
17.968	-0.183	-1.385
18.002	-0.200	-1.385
18.035	-0.197	-1.385
18.068	-0.173	-1.387
18.102	-0.136	-1.391
18.135	-9.038E-2	-1.396
18.168	-3.709E-2	-1.399
18.202	2.162E-2	-1.399
18.235	8.245E-2	-1.397
18.268	0.133	-1.394
18.302	0.175	-1.389
18.335	0.199	-1.386
18.368	0.207	-1.386
18.402	0.200	-1.386
18.435	0.176	-1.389
18.468	0.133	-1.394
18.502	8.334E-2	-1.397
18.535	2.476E-2	-1.399
18.568	-3.319E-2	-1.399
18.602	-9.014E-2	-1.396
18.635	-0.138	-1.393
18.668	-0.171	-1.388
18.702	-0.190	-1.385
18.735	-0.196	-1.385
18.768	-0.186	-1.387
18.802	-0.154	-1.390
18.835	-0.108	-1.394
18.869	-5.929E-2	-1.399
18.902	-4.041E-3	-1.399
18.935	5.442E-2	-1.399
18.969	0.114	-1.395
19.002	0.156	-1.391
19.035	0.186	-1.389
19.069	0.203	-1.386
19.102	0.202	-1.386
19.135	0.186	-1.389
19.169	0.147	-1.394
19.202	0.103	-1.396
19.235	4.981E-2	-1.399
19.269	-4.831E-3	-1.399
19.302	-6.597E-2	-1.399
19.335	-0.115	-1.394
19.369	-0.158	-1.391
19.402	-0.179	-1.385
19.435	-0.195	-1.385
19.469	-0.188	-1.385
19.502	-0.164	-1.388
19.535	-0.127	-1.391
19.569	-8.295E-2	-1.396
19.602	-2.671E-2	-1.399
19.635	2.965E-2	-1.399
19.669	8.817E-2	-1.397
19.702	0.136	-1.394
19.735	0.175	-1.389
19.769	0.196	-1.386
19.802	0.203	-1.386
19.835	0.194	-1.386
19.869	0.165	-1.391
19.902	0.125	-1.394
19.935	7.417E-2	-1.397
19.969	1.794E-2	-1.399
20.002	-3.688E-2	-1.397
20.035	-9.430E-2	-1.396
20.069	-0.136	-1.390
20.102	-0.168	-1.388
20.135	-0.189	-1.385
20.169	-0.193	-1.385
20.202	-0.176	-1.387
20.235	-0.144	-1.391
20.269	-0.101	-1.394
20.302	-5.016E-2	-1.397
20.335	2.344E-3	-1.399
20.369	6.290E-2	-1.397
20.402	0.114	-1.394
20.435	0.154	-1.391
20.469	0.183	-1.388
20.502	0.199	-1.386
20.535	0.197	-1.386
20.569	0.177	-1.389
20.602	0.144	-1.392
20.635	9.659E-2	-1.396
20.669	4.584E-2	-1.397
20.702	-1.460E-2	-1.399
20.735	-6.808E-2	-1.397
20.769	-0.116	-1.393
20.802	-0.155	-1.390
20.835	-0.177	-1.385
20.869	-0.190	-1.385
20.902	-0.181	-1.385
20.935	-0.155	-1.388
20.969	-0.119	-1.391
21.002	-7.457E-2	-1.396
21.035	-1.779E-2	-1.397
21.069	3.866E-2	-1.397
21.102	9.457E-2	-1.394
21.135	0.139	-1.391
21.169	0.171	-1.388
21.202	0.192	-1.386
21.235	0.197	-1.386
21.269	0.186	-1.386
21.302	0.159	-1.389
21.335	0.117	-1.394
21.369	6.797E-2	-1.397
21.402	1.263E-2	-1.397
21.435	-4.389E-2	-1.396
21.469	-9.387E-2	-1.394
21.502	-0.138	-1.390
21.535	-0.166	-1.387
21.569	-0.183	-1.385
21.602	-0.185	-1.385
21.635	-0.167	-1.387
21.669	-0.136	-1.391
21.702	-9.301E-2	-1.394
21.735	-4.304E-2	-1.396
21.769	1.490E-2	-1.397
21.802	6.829E-2	-1.396
21.835	0.116	-1.394
21.869	0.155	-1.391
21.902	0.180	-1.388
21.935	0.195	-1.386
21.969	0.191	-1.386
22.002	0.170	-1.389
22.035	0.136	-1.392
22.069	9.124E-2	-1.395
22.102	3.795E-2	-1.397
22.135	-1.825E-2	-1.397
22.169	-7.083E-2	-1.394
22.202	-0.117	-1.391
22.235	-0.152	-1.388
22.269	-0.175	-1.385
22.302	-0.184	-1.385
22.336	-0.172	-1.385
22.369	-0.147	-1.388
22.402	-0.113	-1.393
22.436	-6.559E-2	-1.396
22.469	-9.848E-3	-1.397
22.502	4.589E-2	-1.397
22.536	9.662E-2	-1.394
22.569	0.139	-1.391
22.602	0.172	-1.389
22.636	0.191	-1.386
22.669	0.193	-1.386
22.702	0.179	-1.388
22.736	0.150	-1.391
22.769	0.110	-1.394
22.802	6.127E-2	-1.397
22.836	7.133E-3	-1.397
22.869	-4.898E-2	-1.396
22.902	-9.625E-2	-1.394
22.936	-0.138	-1.390
22.969	-0.166	-1.387
23.002	-0.180	-1.385
23.036	-0.176	-1.385
23.069	-0.158	-1.388
23.102	-0.128	-1.391
23.136	-8.445E-2	-1.394
23.169	-3.348E-2	-1.397
23.202	2.027E-2	-1.397
23.236	7.328E-2	-1.396
23.269	0.120	-1.394
23.302	0.159	-1.389
23.336	0.184	-1.386
23.369	0.191	-1.386
23.402	0.183	-1.388
23.436	0.160	-1.391
23.469	0.125	-1.394
23.502	8.130E-2	-1.397
23.536	2.583E-2	-1.399
23.569	-2.782E-2	-1.399
23.602	-7.870E-2	-1.396
23.636	-0.118	-1.391
23.669	-0.151	-1.388
23.702	-0.177	-1.388
23.736	-0.177	-1.385
23.769	-0.165	-1.387
23.802	-0.141	-1.390
23.836	-0.103	-1.394
23.869	-5.588E-2	-1.396
23.902	-2.476E-3	-1.397
23.936	5.060E-2	-1.397
23.969	0.101	-1.394
24.002	0.139	-1.391
24.036	0.171	-1.389
24.069	0.186	-1.388
24.102	0.186	-1.388
24.136	0.171	-1.389
24.169	0.142	-1.391
24.202	0.103	-1.394
24.236	5.331E-2	-1.397
24.269	-4.629E-3	-1.399
24.302	-5.363E-2	-1.397
24.336	-0.101	-1.394
24.369	-0.138	-1.391
24.402	-0.166	-1.388
24.436	-0.178	-1.386
24.469	-0.173	-1.387
24.502	-0.154	-1.390
24.536	-0.118	-1.391
24.569	-7.823E-2	-1.396
24.602	-2.561E-2	-1.397
24.636	2.846E-2	-1.397
24.669	7.803E-2	-1.396
24.702	0.121	-1.394
24.736	0.157	-1.391
24.769	0.179	-1.389
24.802	0.185	-1.388
24.836	0.176	-1.389
24.869	0.153	-1.391
24.902	0.119	-1.394
24.936	7.281E-2	-1.397
24.969	1.649E-2	-1.399
25.002	-3.283E-2	-1.399
25.036	-8.019E-2	-1.396
25.069	-0.122	-1.393
25.102	-0.153	-1.391
25.136	-0.170	-1.388
25.169	-0.177	-1.388
25.202	-0.158	-1.388
25.236	-0.131	-1.391
25.269	-9.607E-2	-1.396
25.302	-4.662E-2	-1.397
25.336	3.950E-3	-1.399
25.369	5.429E-2	-1.399
25.402	0.100	-1.397
25.436	0.139	-1.394
25.469	0.171	-1.389
25.502	0.183	-1.388
25.536	0.180	-1.389
25.569	0.162	-1.391
25.602	0.132	-1.394
25.636	9.154E-2	-1.397
25.669	4.123E-2	-1.399
25.702	-1.042E-2	-1.399
25.736	-6.249E-2	-1.399
25.769	-0.108	-1.396
25.803	-0.142	-1.393
25.836	-0.168	-1.390
25.869	-0.173	-1.388
25.903	-0.167	-1.390
25.936	-0.144	-1.391
25.969	-0.110	-1.394
26.003	-6.756E-2	-1.397
26.036	-1.852E-2	-1.399
26.069	3.227E-2	-1.399
26.103	8.205E-2	-1.397
26.136	0.125	-1.394
26.169	0.157	-1.391
26.203	0.177	-1.389
26.236	0.180	-1.389
26.269	0.170	-1.389
26.303	0.147	-1.392
26.336	0.112	-1.394
26.369	6.409E-2	-1.397
26.403	1.200E-2	-1.399
26.436	-3.936E-2	-1.399
26.469	-8.222E-2	-1.394
26.503	-0.122	-1.391
26.536	-0.150	-1.388
26.569	-0.169	-1.388
26.603	-0.167	-1.387
26.636	-0.150	-1.388
26.669	-0.122	-1.391
26.703	-8.404E-2	-1.394
26.736	-3.756E-2	-1.397
26.769	1.326E-2	-1.397
26.803	6.283E-2	-1.397
26.836	0.107	-1.394
26.869	0.145	-1.391
26.903	0.170	-1.389
26.936	0.180	-1.388
26.969	0.174	-1.389
27.003	0.155	-1.391
27.036	0.124	-1.394
27.069	8.370E-2	-1.396
27.103	3.768E-2	-1.397
27.136	-1.744E-2	-1.399
27.169	-6.217E-2	-1.396
27.203	-0.105	-1.393
27.236	-0.139	-1.390
27.269	-0.158	-1.388
27.303	-0.164	-1.388
27.336	-0.155	-1.388
27.369	-0.135	-1.391
27.403	-0.102	-1.394
27.436	-5.835E-2	-1.397
27.469	-7.233E-3	-1.397
27.503	4.203E-2	-1.397
27.536	8.997E-2	-1.394
27.569	0.130	-1.392
27.603	0.161	-1.389
27.636	0.175	-1.388
27.669	0.175	-1.389
27.703	0.165	-1.389
27.736	0.139	-1.391
27.769	0.101	-1.394
27.803	5.571E-2	-1.397
27.836	6.958E-3	-1.397
27.869	-4.390E-2	-1.396
27.903	-8.597E-2	-1.393
27.936	-0.124	-1.391
27.969	-0.150	-1.388
28.003	-0.162	-1.387
28.036	-0.158	-1.388
28.069	-0.142	-1.388
28.103	-0.115	-1.391
28.136	-7.470E-2	-1.394
28.169	-2.916E-2	-1.397
28.203	2.121E-2	-1.397
28.236	6.644E-2	-1.397
28.269	0.108	-1.394
28.303	0.144	-1.391
28.336	0.168	-1.389
28.369	0.174	-1.389
28.403	0.168	-1.388
28.436	0.148	-1.391
28.469	0.116	-1.394
28.503	7.345E-2	-1.397
28.536	2.362E-2	-1.399
28.569	-2.446E-2	-1.399
28.603	-7.052E-2	-1.396
28.636	-0.109	-1.394
28.669	-0.139	-1.391
28.703	-0.162	-1.390
28.736	-0.159	-1.388
28.769	-0.155	-1.390
28.803	-0.128	-1.391
28.836	-9.130E-2	-1.394
28.869	-4.920E-2	-1.397
28.903	-2.194E-3	-1.399
28.936	4.561E-2	-1.399
28.969	8.992E-2	-1.397
29.003	0.129	-1.394
29.036	0.157	-1.391
29.069	0.171	-1.389
29.103	0.170	-1.389
29.136	0.156	-1.391
29.170	0.130	-1.394
29.203	9.253E-2	-1.396
29.236	4.472E-2	-1.399
29.270	-3.479E-3	-1.399
29.303	-4.791E-2	-1.397
29.336	-9.359E-2	-1.396
29.370	-0.130	-1.393
29.403	-0.151	-1.390
29.436	-0.162	-1.390
29.470	-0.157	-1.390
29.503	-0.136	-1.391
29.536	-0.107	-1.394
29.570	-6.791E-2	-1.397
29.603	-2.281E-2	-1.399
29.636	2.447E-2	-1.399
29.670	7.414E-2	-1.397
29.703	0.114	-1.394
29.736	0.147	-1.392
29.770	0.163	-1.391
29.803	0.170	-1.389
29.836	0.160	-1.391
29.870	0.142	-1.392
29.903	0.109	-1.394
29.936	6.550E-2	-1.397
29.970	1.853E-2	-1.399
30.003	-3.182E-2	-1.399
30.036	-7.323E-2	-1.396
30.070	-0.113	-1.393
30.103	-0.140	-1.391
30.136	-0.156	-1.390
30.170	-0.157	-1.390
30.203	-0.143	-1.391
30.236	-0.121	-1.393
30.270	-8.561E-2	-1.396
30.303	-4.223E-2	-1.399
30.336	5.278E-3	-1.399
30.370	5.116E-2	-1.399
30.403	9.467E-2	-1.397
30.436	0.132	-1.394
30.470	0.156	-1.392
30.503	0.165	-1.391
30.536	0.163	-1.391
30.570	0.147	-1.394
30.603	0.122	-1.394
30.636	8.389E-2	-1.397
30.670	3.729E-2	-1.399
30.703	-8.956E-3	-1.399
30.736	-5.555E-2	-1.399
30.770	-9.627E-2	-1.396
30.803	-0.129	-1.393
30.836	-0.148	-1.391
30.870	-0.157	-1.391
30.903	-0.151	-1.391
30.936	-0.128	-1.391
30.970	-9.735E-2	-1.394
31.003	-5.842E-2	-1.397
31.036	-1.418E-2	-1.399
31.070	3.323E-2	-1.399
31.103	7.747E-2	-1.397
31.136	0.113	-1.396
31.170	0.147	-1.392
31.203	0.161	-1.391
31.236	0.164	-1.391
31.270	0.155	-1.392
31.303	0.133	-1.394
31.336	9.651E-2	-1.396
31.370	5.432E-2	-1.399
31.403	9.593E-3	-1.399
31.436	-3.512E-2	-1.399
31.470	-7.796E-2	-1.397
31.503	-0.113	-1.394
31.536	-0.139	-1.391
31.570	-0.154	-1.390
31.603	-0.152	-1.391
31.636	-0.136	-1.391
31.670	-0.111	-1.394
31.703	-7.694E-2	-1.396
31.736	-3.372E-2	-1.399
31.770	1.232E-2	-1.399
31.803	5.627E-2	-1.399
31.836	9.791E-2	-1.396
31.870	0.132	-1.394
31.903	0.154	-1.391
31.936	0.161	-1.391
31.970	0.157	-1.391
32.003	0.142	-1.392
32.036	0.113	-1.394
32.070	7.338E-2	-1.397
32.103	2.769E-2	-1.399
32.136	-1.852E-2	-1.399
32.170	-5.981E-2	-1.397
32.203	-0.102	-1.396
32.236	-0.132	-1.393
32.270	-0.149	-1.391
32.303	-0.152	-1.391
32.336	-0.146	-1.391
32.370	-0.125	-1.393
32.403	-9.313E-2	-1.396
32.436	-5.222E-2	-1.399
32.470	-6.784E-3	-1.399
32.503	3.777E-2	-1.399
32.536	8.259E-2	-1.397
32.570	0.119	-1.394
32.603	0.147	-1.392
32.637	0.158	-1.391
32.670	0.159	-1.391
32.703	0.150	-1.392
32.737	0.125	-1.395
32.770	8.829E-2	-1.397
32.803	4.596E-2	-1.399
32.837	1.828E-3	-1.399
32.870	-4.366E-2	-1.399
32.903	-8.347E-2	-1.396
32.937	-0.117	-1.394
32.970	-0.143	-1.393
33.003	-0.150	-1.391
33.037	-0.149	-1.391
33.070	-0.129	-1.391
33.103	-0.103	-1.394
33.137	-6.668E-2	-1.396
33.170	-2.244E-2	-1.397
33.203	2.237E-2	-1.397
33.237	6.656E-2	-1.397
33.270	0.106	-1.394
33.303	0.137	-1.392
33.337	0.153	-1.391
33.370	0.158	-1.391
33.403	0.153	-1.391
33.437	0.136	-1.392
33.470	0.105	-1.394
33.503	6.557E-2	-1.397
33.537	2.214E-2	-1.397
33.570	-2.101E-2	-1.397
33.603	-6.530E-2	-1.396
33.637	-0.100	-1.394
33.670	-0.127	-1.391
33.703	-0.146	-1.390
33.737	-0.146	-1.390
33.770	-0.137	-1.391
33.803	-0.114	-1.393
33.837	-8.338E-2	-1.396
33.870	-3.888E-2	-1.397
33.903	4.269E-3	-1.397
33.937	4.762E-2	-1.397
33.970	8.890E-2	-1.394
34.003	0.122	-1.394
34.037	0.146	-1.391
34.070	0.155	-1.391
34.103	0.155	-1.391
34.137	0.142	-1.391
34.170	0.117	-1.394
34.203	8.084E-2	-1.397
34.237	3.889E-2	-1.399
34.270	-4.507E-3	-1.399
34.303	-4.632E-2	-1.397
34.337	-8.596E-2	-1.396
34.370	-0.118	-1.393
34.403	-0.134	-1.391
34.437	-0.145	-1.391
34.470	-0.140	-1.391
34.503	-0.126	-1.393
34.537	-9.472E-2	-1.396
34.570	-5.542E-2	-1.397
34.603	-1.631E-2	-1.399
34.637	2.872E-2	-1.397
34.670	7.060E-2	-1.397
34.703	0.108	-1.394
34.737	0.134	-1.394
34.770	0.150	-1.391
34.803	0.154	-1.391
34.837	0.147	-1.392
34.870	0.125	-1.394
34.903	9.357E-2	-1.396
34.937	5.185E-2	-1.399
34.970	1.030E-2	-1.399
35.003	-3.234E-2	-1.399
35.037	-7.107E-2	-1.397
35.070	-0.108	-1.396
35.103	-0.132	-1.393
35.137	-0.144	-1.393
35.170	-0.145	-1.393
35.203	-0.134	-1.393
35.237	-0.110	-1.396
35.270	-7.380E-2	-1.397
35.303	-3.330E-2	-1.399
35.337	9.224E-3	-1.399
35.370	5.134E-2	-1.399
35.403	9.056E-2	-1.397
35.437	0.120	-1.396
35.470	0.142	-1.394
35.503	0.151	-1.392
35.537	0.149	-1.392
35.570	0.131	-1.394
35.603	0.105	-1.396
35.637	6.823E-2	-1.399
35.670	2.984E-2	-1.400
35.703	-1.256E-2	-1.400
35.737	-5.670E-2	-1.399
35.770	-9.148E-2	-1.396
35.803	-0.120	-1.394
35.837	-0.138	-1.393
35.870	-0.143	-1.393
35.903	-0.137	-1.393
35.937	-0.117	-1.394
35.970	-8.755E-2	-1.396
36.004	-5.120E-2	-1.399
36.037	-9.282E-3	-1.400
36.070	3.363E-2	-1.399
36.104	7.557E-2	-1.397
36.137	0.108	-1.397
36.170	0.133	-1.394
36.204	0.147	-1.392
36.237	0.149	-1.392
36.270	0.138	-1.394
36.304	0.118	-1.394
36.337	8.431E-2	-1.397
36.370	4.470E-2	-1.399
36.404	3.190E-3	-1.399
36.437	-3.935E-2	-1.399
36.470	-7.450E-2	-1.396
36.504	-0.106	-1.394
36.537	-0.125	-1.391
36.570	-0.138	-1.391
36.604	-0.136	-1.391
36.637	-0.122	-1.393
36.670	-9.400E-2	-1.394
36.704	-6.078E-2	-1.396
36.737	-2.368E-2	-1.399
36.770	1.764E-2	-1.399
36.804	6.043E-2	-1.397
36.837	9.604E-2	-1.397
36.870	0.126	-1.394
36.904	0.144	-1.392
36.937	0.148	-1.391
36.970	0.143	-1.392
37.004	0.126	-1.394
37.037	9.997E-2	-1.394
37.070	6.369E-2	-1.397
37.104	2.361E-2	-1.397
37.137	-2.137E-2	-1.399
37.170	-5.939E-2	-1.396
37.204	-9.363E-2	-1.396
37.237	-0.119	-1.393
37.270	-0.132	-1.391
37.304	-0.138	-1.391
37.337	-0.126	-1.391
37.370	-0.107	-1.393
37.404	-7.733E-2	-1.396
37.437	-3.820E-2	-1.397
37.470	-2.647E-4	-1.399
37.504	4.353E-2	-1.397
37.537	8.014E-2	-1.397
37.570	0.113	-1.394
37.604	0.135	-1.392
37.637	0.144	-1.391
37.670	0.145	-1.391
37.704	0.134	-1.392
37.737	0.109	-1.394
37.770	7.551E-2	-1.396
37.804	3.944E-2	-1.397
37.837	-9.729E-4	-1.397
37.870	-4.248E-2	-1.396
37.904	-7.752E-2	-1.394
37.937	-0.107	-1.393
37.970	-0.123	-1.391
38.004	-0.133	-1.391
38.037	-0.129	-1.391
38.070	-0.110	-1.391
38.104	-8.508E-2	-1.394
38.137	-5.238E-2	-1.396
38.170	-1.305E-2	-1.397
38.204	2.787E-2	-1.397
38.237	6.592E-2	-1.396
38.270	0.102	-1.394
38.304	0.129	-1.391
38.337	0.141	-1.391
38.370	0.145	-1.391
38.404	0.138	-1.391
38.437	0.119	-1.394
38.470	8.801E-2	-1.396
38.504	5.421E-2	-1.397
38.537	1.564E-2	-1.397
38.570	-2.534E-2	-1.397
38.604	-6.452E-2	-1.396
38.637	-9.467E-2	-1.394
38.670	-0.115	-1.391
38.704	-0.131	-1.391
38.737	-0.130	-1.391
38.770	-0.119	-1.391
38.804	-9.707E-2	-1.393
38.837	-6.690E-2	-1.396
38.870	-2.935E-2	-1.397
38.904	1.073E-2	-1.397
38.937	5.027E-2	-1.396
38.970	8.839E-2	-1.394
39.004	0.114	-1.394
39.037	0.136	-1.392
39.070	0.143	-1.391
39.104	0.140	-1.391
39.137	0.128	-1.392
39.170	0.102	-1.394
39.204	6.740E-2	-1.396
39.237	2.989E-2	-1.397
39.270	-9.247E-3	-1.397
39.304	-5.025E-2	-1.396
39.337	-8.084E-2	-1.394
39.370	-0.105	-1.391
39.404	-0.123	-1.391
39.437	-0.130	-1.390
39.471	-0.122	-1.391
39.504	-0.108	-1.393
39.537	-7.688E-2	-1.394
39.571	-4.397E-2	-1.396
39.604	-7.557E-3	-1.399
39.637	3.106E-2	-1.399
39.671	7.025E-2	-1.397
39.704	0.104	-1.394
39.737	0.127	-1.392
39.771	0.138	-1.391
39.804	0.140	-1.391
39.837	0.131	-1.392
39.871	0.110	-1.394
39.904	7.891E-2	-1.397
39.937	4.447E-2	-1.397
39.971	5.079E-3	-1.397
40.004	-3.379E-2	-1.397
40.037	-7.035E-2	-1.396
40.071	-9.829E-2	-1.394
40.104	-0.121	-1.393
40.137	-0.127	-1.391
40.171	-0.126	-1.391
40.204	-0.114	-1.393
40.237	-9.197E-2	-1.396
40.271	-5.889E-2	-1.396
40.304	-2.085E-2	-1.397
40.337	1.429E-2	-1.399
40.371	5.676E-2	-1.397
40.404	9.224E-2	-1.394
40.437	0.115	-1.394
40.471	0.131	-1.394
40.504	0.139	-1.392
40.537	0.133	-1.394
40.571	0.117	-1.394
40.604	8.877E-2	-1.396
40.637	5.730E-2	-1.397
40.671	1.858E-2	-1.399
40.704	-2.096E-2	-1.399
40.737	-5.518E-2	-1.396
40.771	-9.015E-2	-1.396
40.804	-0.111	-1.394
40.837	-0.128	-1.393
40.871	-0.131	-1.393
40.904	-0.121	-1.394
40.937	-0.102	-1.396
40.971	-7.156E-2	-1.397
41.004	-3.838E-2	-1.399
41.037	-4.659E-4	-1.399
41.071	3.937E-2	-1.399
41.104	7.472E-2	-1.397
41.137	0.103	-1.396
41.171	0.124	-1.394
41.204	0.133	-1.394
41.237	0.133	-1.394
41.271	0.121	-1.395
41.304	9.876E-2	-1.396
41.337	7.071E-2	-1.397
41.371	3.504E-2	-1.399
41.404	-5.326E-3	-1.399
41.437	-4.331E-2	-1.399
41.471	-7.453E-2	-1.397
41.504	-0.103	-1.396
41.537	-0.120	-1.394
41.571	-0.128	-1.393
41.604	-0.124	-1.394
41.637	-0.110	-1.396
41.671	-8.361E-2	-1.397
41.704	-5.083E-2	-1.399
41.737	-1.445E-2	-1.399
41.771	2.473E-2	-1.399
41.804	6.260E-2	-1.397
41.837	9.100E-2	-1.397
41.871	0.113	-1.396
41.904	0.129	-1.394
41.937	0.133	-1.394
41.971	0.125	-1.394
42.004	0.107	-1.397
42.037	8.267E-2	-1.397
42.071	4.838E-2	-1.399
42.104	1.199E-2	-1.399
42.137	-2.705E-2	-1.399
42.171	-6.380E-2	-1.399
42.204	-9.152E-2	-1.396
42.237	-0.116	-1.396
42.271	-0.121	-1.394
42.304	-0.122	-1.394
42.337	-0.110	-1.394
42.371	-9.302E-2	-1.396
42.404	-6.515E-2	-1.399
42.437	-2.874E-2	-1.399
42.471	9.145E-3	-1.399
42.504	4.556E-2	-1.399
42.537	8.010E-2	-1.397
42.571	0.104	-1.397
42.604	0.124	-1.394
42.637	0.130	-1.394
42.671	0.128	-1.394
42.704	0.113	-1.396
42.737	9.076E-2	-1.397
42.771	6.019E-2	-1.399
42.804	2.576E-2	-1.400
42.837	-1.162E-2	-1.399
42.871	-4.970E-2	-1.399
42.904	-7.846E-2	-1.397
42.938	-0.105	-1.396
42.971	-0.117	-1.394
43.004	-0.126	-1.394
43.038	-0.120	-1.393
43.071	-0.101	-1.396
43.104	-7.309E-2	-1.397
43.138	-4.130E-2	-1.399
43.171	-6.198E-3	-1.399
43.204	3.153E-2	-1.399
43.238	6.913E-2	-1.397
43.271	9.486E-2	-1.397
43.304	0.117	-1.394
43.338	0.128	-1.394
43.371	0.130	-1.394
43.404	0.121	-1.394
43.438	0.101	-1.397
43.471	7.548E-2	-1.397
43.504	3.856E-2	-1.399
43.538	3.364E-3	-1.399
43.571	-3.333E-2	-1.399
43.604	-6.799E-2	-1.399
43.638	-9.345E-2	-1.397
43.671	-0.113	-1.396
43.704	-0.119	-1.394
43.738	-0.118	-1.394
43.771	-0.108	-1.396
43.804	-8.252E-2	-1.396
43.838	-5.105E-2	-1.397
43.871	-1.909E-2	-1.399
43.904	1.764E-2	-1.399
43.938	5.177E-2	-1.399
43.971	8.455E-2	-1.397
44.004	0.107	-1.397
44.038	0.125	-1.395
44.071	0.129	-1.394
44.104	0.124	-1.394
44.138	0.107	-1.396
44.171	8.426E-2	-1.397
44.204	5.263E-2	-1.399
44.238	1.797E-2	-1.399
44.271	-1.832E-2	-1.400
44.304	-5.337E-2	-1.399
44.338	-8.068E-2	-1.397
44.371	-9.993E-2	-1.394
44.404	-0.116	-1.394
44.438	-0.117	-1.394
44.471	-0.106	-1.394
44.504	-9.038E-2	-1.396
44.538	-6.252E-2	-1.397
44.571	-2.991E-2	-1.397
44.604	3.276E-3	-1.399
44.638	3.816E-2	-1.399
44.671	7.357E-2	-1.397
44.704	9.744E-2	-1.397
44.738	0.118	-1.394
44.771	0.127	-1.394
44.804	0.127	-1.394
44.838	0.116	-1.394
44.871	9.394E-2	-1.396
44.904	6.560E-2	-1.397
44.938	3.232E-2	-1.399
44.971	-3.922E-3	-1.399
45.004	-4.077E-2	-1.399
45.038	-6.855E-2	-1.396
45.071	-9.466E-2	-1.396
45.104	-0.113	-1.396
45.138	-0.119	-1.396
45.171	-0.114	-1.396
45.204	-9.753E-2	-1.396
45.238	-7.646E-2	-1.399
45.271	-4.418E-2	-1.399
45.304	-8.883E-3	-1.399
45.338	2.728E-2	-1.399
45.371	5.793E-2	-1.399
45.404	8.753E-2	-1.397
45.438	0.108	-1.397
45.471	0.124	-1.394
45.504	0.125	-1.394
45.538	0.118	-1.394
45.571	9.963E-2	-1.397
45.604	7.820E-2	-1.397
45.638	4.420E-2	-1.399
45.671	1.098E-2	-1.399
45.704	-2.523E-2	-1.399
45.738	-5.824E-2	-1.399
45.771	-8.490E-2	-1.397
45.804	-0.106	-1.396
45.838	-0.118	-1.396
45.871	-0.116	-1.396
45.904	-0.105	-1.396
45.938	-8.201E-2	-1.397
45.971	-5.695E-2	-1.399
46.004	-2.413E-2	-1.399
46.038	1.223E-2	-1.399
46.071	4.564E-2	-1.400
46.104	7.709E-2	-1.397
46.138	9.968E-2	-1.397
46.171	0.115	-1.397
46.204	0.124	-1.395
46.238	0.119	-1.395
46.271	0.105	-1.397
46.305	8.223E-2	-1.399
46.338	5.428E-2	-1.399
46.371	2.226E-2	-1.400
46.405	-1.268E-2	-1.400
46.438	-4.546E-2	-1.400
46.471	-7.356E-2	-1.397
46.505	-9.876E-2	-1.396
46.538	-0.108	-1.394
46.571	-0.112	-1.394
46.605	-0.109	-1.396
46.638	-9.133E-2	-1.396
46.671	-6.525E-2	-1.397
46.705	-3.433E-2	-1.397
46.738	-3.469E-3	-1.399
46.771	3.135E-2	-1.399
46.805	6.220E-2	-1.399
46.838	8.929E-2	-1.397
46.871	0.107	-1.396
46.905	0.120	-1.395
46.938	0.120	-1.394
46.971	0.109	-1.396
47.005	9.120E-2	-1.397
47.038	6.653E-2	-1.397
47.071	3.413E-2	-1.399
47.105	-2.301E-4	-1.399
47.138	-3.285E-2	-1.399
47.171	-6.580E-2	-1.399
47.205	-8.845E-2	-1.396
47.238	-0.105	-1.396
47.271	-0.114	-1.396
47.305	-0.110	-1.396
47.338	-9.455E-2	-1.396
47.371	-7.455E-2	-1.397
47.405	-4.811E-2	-1.399
47.438	-1.519E-2	-1.399
47.471	1.984E-2	-1.399
47.505	5.123E-2	-1.399
47.538	8.032E-2	-1.397
47.571	0.101	-1.397
47.605	0.116	-1.395
47.638	0.120	-1.394
47.671	0.115	-1.395
47.705	9.857E-2	-1.397
47.738	7.712E-2	-1.397
47.771	4.535E-2	-1.399
47.805	1.250E-2	-1.399
47.838	-2.127E-2	-1.399
47.871	-5.270E-2	-1.399
47.905	-7.651E-2	-1.397
47.938	-9.673E-2	-1.396
47.971	-0.111	-1.396
48.005	-0.111	-1.396
48.038	-9.948E-2	-1.396
48.071	-8.243E-2	-1.397
48.105	-5.487E-2	-1.397
48.138	-2.705E-2	-1.399
48.171	6.321E-3	-1.399
48.205	3.912E-2	-1.399
48.238	7.112E-2	-1.397
48.271	9.331E-2	-1.397
48.305	0.113	-1.394
48.338	0.119	-1.394
48.371	0.116	-1.394
48.405	0.105	-1.394
48.438	8.391E-2	-1.397
48.471	5.730E-2	-1.399
48.505	2.647E-2	-1.399
48.538	-6.948E-3	-1.399
48.571	-4.028E-2	-1.399
48.605	-6.895E-2	-1.399
48.638	-8.846E-2	-1.397
48.671	-0.105	-1.396
48.705	-0.110	-1.396
48.738	-0.104	-1.396
48.771	-8.878E-2	-1.397
48.805	-6.808E-2	-1.399
48.838	-3.989E-2	-1.399
48.871	-7.066E-3	-1.399
48.905	2.611E-2	-1.399
48.938	5.520E-2	-1.399
48.971	8.039E-2	-1.399
49.005	0.102	-1.397
49.038	0.113	-1.397
49.071	0.114	-1.397
49.105	0.107	-1.397
49.138	9.077E-2	-1.397
49.171	6.504E-2	-1.399
49.205	3.768E-2	-1.400
49.238	2.280E-3	-1.402
49.271	-2.860E-2	-1.400
49.305	-5.803E-2	-1.399
49.338	-8.011E-2	-1.397
49.371	-9.718E-2	-1.396
49.405	-0.106	-1.396
49.438	-0.105	-1.396
49.471	-9.447E-2	-1.396
49.505	-7.678E-2	-1.399
49.538	-4.891E-2	-1.399
49.571	-1.688E-2	-1.400
49.605	1.416E-2	-1.400
49.638	4.505E-2	-1.399
49.671	7.018E-2	-1.399
49.705	9.548E-2	-1.397
49.738	0.108	-1.397
49.772	0.113	-1.397
49.805	0.108	-1.397
49.838	9.638E-2	-1.397
49.872	7.687E-2	-1.397
49.905	4.747E-2	-1.399
49.938	1.754E-2	-1.400
49.972	-1.458E-2	-1.399
50.005	-4.545E-2	-1.399
50.038	-7.190E-2	-1.399
50.072	-9.152E-2	-1.397
50.105	-0.104	-1.396
50.138	-0.107	-1.396
50.172	-9.754E-2	-1.396
50.205	-8.180E-2	-1.397
50.238	-5.919E-2	-1.399
50.272	-2.880E-2	-1.399
50.305	1.431E-3	-1.400
50.338	3.331E-2	-1.400
50.372	5.969E-2	-1.399
50.405	8.583E-2	-1.397
50.438	0.102	-1.396
50.472	0.110	-1.397
50.505	0.109	-1.397
50.538	9.995E-2	-1.397
50.572	8.334E-2	-1.397
50.605	5.771E-2	-1.399
50.638	2.919E-2	-1.400
50.672	-2.256E-3	-1.400
50.705	-3.424E-2	-1.399
50.738	-6.190E-2	-1.399
50.772	-8.270E-2	-1.396
50.805	-9.870E-2	-1.397
50.838	-0.105	-1.396
50.872	-0.102	-1.396
50.905	-8.795E-2	-1.397
50.938	-7.001E-2	-1.399
50.972	-4.059E-2	-1.399
51.005	-9.938E-3	-1.400
51.038	2.082E-2	-1.399
51.072	4.913E-2	-1.399
51.105	7.682E-2	-1.397
51.138	9.548E-2	-1.396
51.172	0.107	-1.397
51.205	0.109	-1.396
51.238	0.103	-1.397
51.272	8.794E-2	-1.397
51.305	6.570E-2	-1.399
51.338	3.852E-2	-1.400
51.372	9.884E-3	-1.400
51.405	-2.250E-2	-1.399
51.438	-5.156E-2	-1.399
51.472	-7.416E-2	-1.397
51.505	-9.073E-2	-1.397
51.538	-0.100	-1.396
51.572	-9.971E-2	-1.396
51.605	-9.114E-2	-1.396
51.638	-7.398E-2	-1.397
51.672	-5.050E-2	-1.399
51.705	-2.122E-2	-1.399
51.738	9.821E-3	-1.399
51.772	3.935E-2	-1.399
51.805	6.472E-2	-1.399
51.838	8.782E-2	-1.397
51.872	0.102	-1.397
51.905	0.108	-1.397
51.938	0.104	-1.397
51.972	9.368E-2	-1.397
52.005	7.466E-2	-1.397
52.038	4.839E-2	-1.399
52.072	2.013E-2	-1.400
52.105	-9.923E-3	-1.400
52.138	-4.005E-2	-1.399
52.172	-6.322E-2	-1.397
52.205	-8.520E-2	-1.396
52.238	-9.752E-2	-1.396
52.272	-0.100	-1.396
52.305	-9.566E-2	-1.396
52.338	-8.093E-2	-1.396
52.372	-5.862E-2	-1.398
52.405	-3.319E-2	-1.399
52.438	-3.184E-3	-1.399
52.472	2.714E-2	-1.400
52.505	5.698E-2	-1.397
52.538	7.983E-2	-1.397
52.572	9.626E-2	-1.396
52.605	0.104	-1.396
52.638	0.105	-1.396
52.672	9.656E-2	-1.397
52.705	8.137E-2	-1.397
52.738	6.007E-2	-1.397
52.772	3.021E-2	-1.399
52.805	2.935E-4	-1.399
52.838	-2.868E-2	-1.399
52.872	-5.625E-2	-1.399
52.905	-7.669E-2	-1.397
52.938	-9.363E-2	-1.396
52.972	-9.932E-2	-1.396
53.005	-9.683E-2	-1.396
53.038	-8.598E-2	-1.396
53.072	-6.647E-2	-1.397
53.105	-4.124E-2	-1.397
53.138	-1.312E-2	-1.399
53.172	1.612E-2	-1.399
53.205	4.469E-2	-1.399
53.239	7.122E-2	-1.397
53.272	9.030E-2	-1.397
53.305	0.102	-1.397
53.339	0.105	-1.396
53.372	9.977E-2	-1.397
53.405	8.708E-2	-1.397
53.439	6.849E-2	-1.397
53.472	4.112E-2	-1.400
53.505	1.260E-2	-1.399
53.539	-1.725E-2	-1.399
53.572	-4.524E-2	-1.399
53.605	-6.626E-2	-1.397
53.639	-8.595E-2	-1.396
53.672	-9.527E-2	-1.396
53.705	-9.618E-2	-1.396
53.739	-8.793E-2	-1.396
53.772	-7.172E-2	-1.397
53.805	-5.205E-2	-1.399
53.839	-2.255E-2	-1.399
53.872	5.237E-3	-1.399
53.905	3.381E-2	-1.399
53.939	6.235E-2	-1.397
53.972	8.288E-2	-1.397
54.005	9.680E-2	-1.397
54.039	0.103	-1.396
54.072	0.101	-1.397
54.105	9.145E-2	-1.397
54.139	7.501E-2	-1.397
54.172	5.206E-2	-1.397
54.205	2.260E-2	-1.399
54.239	-6.830E-3	-1.400
54.272	-3.544E-2	-1.399
54.305	-5.798E-2	-1.397
54.339	-7.917E-2	-1.396
54.372	-9.221E-2	-1.396
54.405	-9.531E-2	-1.396
54.439	-9.162E-2	-1.396
54.472	-7.839E-2	-1.396
54.505	-5.747E-2	-1.397
54.539	-3.356E-2	-1.399
54.572	-4.091E-3	-1.399
54.605	2.343E-2	-1.399
54.639	4.905E-2	-1.399
54.672	7.442E-2	-1.397
54.705	9.110E-2	-1.397
54.739	9.953E-2	-1.397
54.772	0.100	-1.397
54.805	9.370E-2	-1.397
54.839	8.098E-2	-1.397
54.872	5.856E-2	-1.399
54.905	3.147E-2	-1.400
54.939	4.020E-3	-1.400
54.972	-2.472E-2	-1.399
55.005	-5.171E-2	-1.399
55.039	-7.017E-2	-1.397
55.072	-8.652E-2	-1.397
55.105	-9.450E-2	-1.397
55.139	-9.217E-2	-1.396
55.172	-8.330E-2	-1.396
55.205	-6.591E-2	-1.397
55.239	-4.349E-2	-1.399
55.272	-1.575E-2	-1.399
55.305	1.148E-2	-1.399
55.339	3.923E-2	-1.399
55.372	6.273E-2	-1.399
55.405	8.456E-2	-1.397
55.439	9.630E-2	-1.396
55.472	9.969E-2	-1.397
55.505	9.584E-2	-1.397
55.539	8.510E-2	-1.397
55.572	6.537E-2	-1.399
55.605	4.147E-2	-1.399
55.639	1.363E-2	-1.399
55.672	-1.400E-2	-1.399
55.705	-4.067E-2	-1.399
55.739	-6.484E-2	-1.399
55.772	-8.117E-2	-1.397
55.805	-9.146E-2	-1.396
55.839	-9.257E-2	-1.396
55.872	-8.659E-2	-1.396
55.905	-7.139E-2	-1.397
55.939	-5.068E-2	-1.399
55.972	-2.475E-2	-1.399
56.005	2.824E-3	-1.400
56.039	2.965E-2	-1.399
56.072	5.441E-2	-1.399
56.105	7.799E-2	-1.397
56.139	9.256E-2	-1.397
56.172	9.820E-2	-1.397
56.205	9.700E-2	-1.397
56.239	8.876E-2	-1.397
56.272	7.489E-2	-1.397
56.305	4.994E-2	-1.399
56.339	2.389E-2	-1.399
56.372	-3.495E-3	-1.399
56.405	-2.912E-2	-1.399
56.439	-5.612E-2	-1.399
56.472	-7.631E-2	-1.399
56.505	-8.657E-2	-1.397
56.539	-9.166E-2	-1.397
56.572	-8.836E-2	-1.396
56.606	-7.678E-2	-1.397
56.639	-6.030E-2	-1.399
56.672	-3.465E-2	-1.399
56.706	-8.369E-3	-1.399
56.739	1.941E-2	-1.399
56.772	4.525E-2	-1.399
56.806	7.025E-2	-1.397
56.839	8.627E-2	-1.397
56.872	9.517E-2	-1.396
56.906	9.679E-2	-1.397
56.939	9.083E-2	-1.397
56.972	7.849E-2	-1.397
57.006	5.782E-2	-1.399
57.039	3.360E-2	-1.400
57.072	6.927E-3	-1.400
57.106	-2.135E-2	-1.399
57.139	-4.640E-2	-1.399
57.172	-6.835E-2	-1.399
57.206	-8.089E-2	-1.397
57.239	-8.909E-2	-1.396
57.272	-8.860E-2	-1.396
57.306	-7.998E-2	-1.396
57.339	-6.203E-2	-1.397
57.372	-4.367E-2	-1.399
57.406	-1.734E-2	-1.399
57.439	9.536E-3	-1.399
57.472	3.623E-2	-1.399
57.506	5.868E-2	-1.399
57.539	7.908E-2	-1.397
57.572	9.119E-2	-1.397
57.606	9.576E-2	-1.397
57.639	9.302E-2	-1.397
57.672	8.315E-2	-1.397
57.706	6.387E-2	-1.399
57.739	4.085E-2	-1.399
57.772	1.511E-2	-1.400
57.806	-1.081E-2	-1.400
57.839	-3.609E-2	-1.400
57.872	-5.980E-2	-1.399
57.906	-7.541E-2	-1.397
57.939	-8.611E-2	-1.396
57.972	-8.930E-2	-1.396
58.006	-8.319E-2	-1.396
58.039	-7.032E-2	-1.397
58.072	-5.131E-2	-1.398
58.106	-2.699E-2	-1.399
58.139	-6.075E-4	-1.399
58.172	2.481E-2	-1.399
58.206	4.950E-2	-1.399
58.239	7.183E-2	-1.397
58.272	8.614E-2	-1.397
58.306	9.311E-2	-1.397
58.339	9.293E-2	-1.397
58.372	8.532E-2	-1.397
58.406	7.172E-2	-1.397
58.439	4.962E-2	-1.399
58.472	2.528E-2	-1.400
58.506	-1.042E-3	-1.400
58.539	-2.745E-2	-1.400
58.572	-5.116E-2	-1.399
58.606	-6.904E-2	-1.397
58.639	-8.159E-2	-1.396
58.672	-8.603E-2	-1.396
58.706	-8.305E-2	-1.396
58.739	-7.223E-2	-1.397
58.772	-5.596E-2	-1.397
58.806	-3.589E-2	-1.399
58.839	-9.917E-3	-1.399
58.872	1.639E-2	-1.399
58.906	4.066E-2	-1.399
58.939	6.476E-2	-1.397
58.972	8.058E-2	-1.396
59.006	9.059E-2	-1.396
59.039	9.312E-2	-1.396
59.072	8.861E-2	-1.397
59.106	7.712E-2	-1.397
59.139	5.739E-2	-1.399
59.172	3.376E-2	-1.400
59.206	9.143E-3	-1.399
59.239	-1.650E-2	-1.399
59.272	-4.213E-2	-1.399
59.306	-6.365E-2	-1.399
59.339	-7.445E-2	-1.397
59.372	-8.449E-2	-1.396
59.406	-8.245E-2	-1.396
59.439	-7.519E-2	-1.397
59.472	-6.150E-2	-1.397
59.506	-3.935E-2	-1.397
59.539	-1.544E-2	-1.397
59.572	1.065E-2	-1.397
59.606	3.648E-2	-1.397
59.639	5.856E-2	-1.397
59.672	7.571E-2	-1.396
59.706	8.653E-2	-1.396
59.739	9.159E-2	-1.397
59.772	8.869E-2	-1.397
59.806	7.965E-2	-1.397
59.839	6.372E-2	-1.397
59.872	4.158E-2	-1.399
59.906	1.761E-2	-1.399
59.939	-8.362E-3	-1.399
59.972	-3.199E-2	-1.399
60.006	-5.494E-2	-1.399
60.039	-7.161E-2	-1.397
60.073	-8.112E-2	-1.396
60.106	-8.297E-2	-1.396
60.139	-7.982E-2	-1.396
60.173	-6.688E-2	-1.397
60.206	-4.688E-2	-1.397
60.239	-2.810E-2	-1.399
60.273	-1.256E-3	-1.399
60.306	2.373E-2	-1.399
60.339	4.637E-2	-1.399
60.373	6.901E-2	-1.397
60.406	8.207E-2	-1.397
60.439	9.004E-2	-1.397
60.473	8.964E-2	-1.397
60.506	8.320E-2	-1.397
60.539	7.089E-2	-1.397
60.573	5.156E-2	-1.397
60.606	2.676E-2	-1.399
60.639	1.595E-3	-1.399
60.673	-2.379E-2	-1.399
60.706	-4.703E-2	-1.399
60.739	-6.547E-2	-1.397
60.773	-7.823E-2	-1.396
60.806	-8.345E-2	-1.396
60.839	-8.184E-2	-1.396
60.873	-7.241E-2	-1.397
60.906	-5.534E-2	-1.397
60.939	-3.587E-2	-1.399
60.973	-1.106E-2	-1.399
61.006	1.350E-2	-1.399
61.039	3.686E-2	-1.399
61.073	6.021E-2	-1.397
61.106	7.619E-2	-1.397
61.139	8.487E-2	-1.397
61.173	8.785E-2	-1.397
61.206	8.395E-2	-1.397
61.239	7.316E-2	-1.397
61.273	5.743E-2	-1.397
61.306	3.379E-2	-1.399
61.339	9.232E-3	-1.399
61.373	-1.500E-2	-1.399
61.406	-3.824E-2	-1.399
61.439	-6.004E-2	-1.399
61.473	-7.364E-2	-1.397
61.506	-8.205E-2	-1.396
61.539	-8.240E-2	-1.397
61.573	-7.548E-2	-1.397
61.606	-6.053E-2	-1.397
61.639	-4.302E-2	-1.399
61.673	-2.034E-2	-1.399
61.706	4.067E-3	-1.399
61.739	2.784E-2	-1.399
61.773	4.995E-2	-1.399
61.806	6.769E-2	-1.399
61.839	8.082E-2	-1.397
61.873	8.590E-2	-1.397
61.906	8.435E-2	-1.397
61.939	7.650E-2	-1.397
61.973	6.100E-2	-1.397
62.006	4.006E-2	-1.399
62.039	1.731E-2	-1.399
62.073	-6.385E-3	-1.399
62.106	-3.058E-2	-1.399
62.139	-5.197E-2	-1.399
62.173	-6.839E-2	-1.399
62.206	-7.750E-2	-1.397
62.239	-7.991E-2	-1.397
62.273	-7.627E-2	-1.397
62.306	-6.540E-2	-1.397
62.339	-5.016E-2	-1.399
62.373	-2.827E-2	-1.399
62.406	-2.573E-3	-1.400
62.439	2.080E-2	-1.399
62.473	4.268E-2	-1.399
62.506	6.143E-2	-1.399
62.539	7.793E-2	-1.397
62.573	8.485E-2	-1.397
62.606	8.582E-2	-1.397
62.639	7.977E-2	-1.397
62.673	6.845E-2	-1.397
62.706	4.820E-2	-1.399
62.739	2.657E-2	-1.399
62.773	2.067E-3	-1.400
62.806	-2.141E-2	-1.399
62.839	-4.400E-2	-1.399
62.873	-6.069E-2	-1.399
62.906	-7.124E-2	-1.397
62.939	-7.700E-2	-1.397
62.973	-7.610E-2	-1.396
63.006	-6.584E-2	-1.397
63.039	-5.403E-2	-1.399
63.073	-3.455E-2	-1.399
63.106	-1.231E-2	-1.400
63.139	1.167E-2	-1.400
63.173	3.484E-2	-1.399
63.206	5.564E-2	-1.399
63.239	7.333E-2	-1.397
63.273	8.145E-2	-1.397
63.306	8.409E-2	-1.397
63.339	8.143E-2	-1.397
63.373	7.047E-2	-1.397
63.406	5.516E-2	-1.397
63.440	3.271E-2	-1.399
63.473	1.017E-2	-1.399
63.506	-1.442E-2	-1.399
63.540	-3.560E-2	-1.399
63.573	-5.507E-2	-1.399
63.606	-6.888E-2	-1.399
63.640	-7.472E-2	-1.397
63.673	-7.397E-2	-1.396
63.706	-6.924E-2	-1.397
63.740	-5.498E-2	-1.397
63.773	-3.651E-2	-1.397
63.806	-1.883E-2	-1.399
63.840	4.013E-3	-1.399
63.873	2.650E-2	-1.399
63.906	4.746E-2	-1.399
63.940	6.698E-2	-1.397
63.973	7.822E-2	-1.397
64.006	8.283E-2	-1.397
64.040	8.175E-2	-1.397
64.073	7.362E-2	-1.397
64.106	6.117E-2	-1.397
64.140	4.017E-2	-1.399
64.173	1.935E-2	-1.399
64.206	-4.512E-3	-1.399
64.240	-2.764E-2	-1.399
64.273	-4.890E-2	-1.399
64.306	-6.203E-2	-1.397
64.340	-7.263E-2	-1.397
64.373	-7.458E-2	-1.397
64.406	-7.146E-2	-1.397
64.440	-6.126E-2	-1.397
64.473	-4.659E-2	-1.399
64.506	-2.636E-2	-1.399
64.540	-3.761E-3	-1.399
64.573	1.889E-2	-1.399
64.606	4.041E-2	-1.399
64.640	6.191E-2	-1.397
64.673	7.355E-2	-1.397
64.706	8.023E-2	-1.397
64.740	8.209E-2	-1.397
64.773	7.670E-2	-1.397
64.806	6.366E-2	-1.397
64.840	4.853E-2	-1.397
64.873	2.589E-2	-1.399
64.906	2.968E-3	-1.399
64.940	-2.019E-2	-1.399
64.973	-4.054E-2	-1.399
65.006	-5.678E-2	-1.399
65.040	-6.887E-2	-1.399
65.073	-7.501E-2	-1.399
65.106	-7.392E-2	-1.399
65.140	-6.678E-2	-1.399
65.173	-5.133E-2	-1.399
65.206	-3.281E-2	-1.399
65.240	-1.085E-2	-1.400
65.273	1.173E-2	-1.400
65.306	3.269E-2	-1.399
65.340	5.175E-2	-1.399
65.373	6.663E-2	-1.399
65.406	7.634E-2	-1.399
65.440	7.980E-2	-1.399
65.473	7.699E-2	-1.398
65.506	6.760E-2	-1.399
65.540	5.124E-2	-1.400
65.573	3.184E-2	-1.400
65.606	1.045E-2	-1.401
65.640	-1.259E-2	-1.400
65.673	-3.272E-2	-1.400
65.706	-5.217E-2	-1.400
65.740	-6.504E-2	-1.399
65.773	-7.347E-2	-1.399
65.806	-7.451E-2	-1.399
65.840	-6.775E-2	-1.399
65.873	-5.497E-2	-1.399
65.906	-3.846E-2	-1.399
65.940	-1.752E-2	-1.400
65.973	4.357E-3	-1.400
66.006	2.661E-2	-1.400
66.040	4.575E-2	-1.399
66.073	6.237E-2	-1.399
66.106	7.524E-2	-1.397
66.140	8.054E-2	-1.397
66.173	7.978E-2	-1.397
66.206	7.198E-2	-1.397
66.240	5.739E-2	-1.399
66.273	3.982E-2	-1.399
66.306	1.847E-2	-1.399
66.340	-2.750E-3	-1.400
66.373	-2.537E-2	-1.399
66.406	-4.495E-2	-1.399
66.440	-5.945E-2	-1.399
66.473	-7.039E-2	-1.399
66.506	-7.366E-2	-1.399
66.540	-6.626E-2	-1.397
66.573	-6.003E-2	-1.399
66.606	-4.500E-2	-1.399
66.640	-2.538E-2	-1.399
66.673	-3.876E-3	-1.400
66.706	1.761E-2	-1.399
66.740	3.870E-2	-1.399
66.773	5.720E-2	-1.398
66.806	6.984E-2	-1.398
66.840	7.694E-2	-1.398
66.873	7.824E-2	-1.398
66.907	7.345E-2	-1.398
66.940	6.211E-2	-1.399
66.973	4.557E-2	-1.399
67.007	2.476E-2	-1.400
67.040	4.772E-3	-1.400
67.073	-1.725E-2	-1.399
67.107	-3.777E-2	-1.399
67.140	-5.360E-2	-1.399
67.173	-6.590E-2	-1.399
67.207	-7.077E-2	-1.399
67.240	-6.876E-2	-1.398
67.273	-6.304E-2	-1.399
67.307	-5.041E-2	-1.399
67.340	-3.155E-2	-1.399
67.373	-1.239E-2	-1.400
67.407	9.919E-3	-1.400
67.440	3.103E-2	-1.399
67.473	4.943E-2	-1.400
67.507	6.325E-2	-1.399
67.540	7.204E-2	-1.399
67.573	7.452E-2	-1.399
67.607	7.202E-2	-1.399
67.640	6.326E-2	-1.399
67.673	4.910E-2	-1.400
67.707	3.136E-2	-1.400
67.740	1.164E-2	-1.399
67.773	-1.051E-2	-1.400
67.807	-3.106E-2	-1.399
67.840	-4.811E-2	-1.399
67.873	-6.151E-2	-1.399
67.907	-6.990E-2	-1.399
67.940	-7.104E-2	-1.399
67.973	-6.572E-2	-1.399
68.007	-5.476E-2	-1.399
68.040	-3.602E-2	-1.400
68.073	-1.752E-2	-1.399
68.107	8.023E-3	-1.400
68.140	2.700E-2	-1.400
68.173	4.115E-2	-1.400
68.207	5.771E-2	-1.399
68.240	7.126E-2	-1.399
68.273	7.743E-2	-1.397
68.307	7.632E-2	-1.397
68.340	6.836E-2	-1.397
68.373	5.410E-2	-1.399
68.407	3.765E-2	-1.399
68.440	1.586E-2	-1.400
68.473	9.582E-5	-1.396
68.507	-2.020E-2	-1.400
68.540	-3.997E-2	-1.396
68.573	-5.396E-2	-1.396
