	mass A		
t	x	y	
3.900	-3.078E-2	-0.134
3.934	-3.068E-2	-0.135
3.967	-3.065E-2	-0.135
4.000	-3.069E-2	-0.135
4.034	-3.065E-2	-0.135
4.067	-3.076E-2	-0.135
4.100	-3.068E-2	-0.135
4.134	-3.065E-2	-0.135
4.167	-3.063E-2	-0.135
4.200	-3.049E-2	-0.135
4.234	-2.987E-2	-0.135
4.267	-2.896E-2	-0.135
4.300	-2.664E-2	-0.135
4.334	-2.205E-2	-0.136
4.367	-1.570E-2	-0.137
4.400	-8.454E-3	-0.137
4.434	-4.071E-4	-0.137
4.467	7.246E-3	-0.137
4.500	1.482E-2	-0.136
4.534	2.083E-2	-0.134
4.567	2.491E-2	-0.133
4.600	2.748E-2	-0.134
4.634	2.635E-2	-0.132
4.667	2.359E-2	-0.133
4.700	1.836E-2	-0.135
4.734	1.176E-2	-0.136
4.767	4.584E-3	-0.136
4.800	-4.060E-3	-0.137
4.834	-1.192E-2	-0.136
4.867	-1.765E-2	-0.136
4.900	-2.268E-2	-0.135
4.934	-2.608E-2	-0.134
4.967	-2.735E-2	-0.133
5.001	-2.663E-2	-0.134
5.034	-2.359E-2	-0.135
5.067	-1.738E-2	-0.136
5.101	-1.184E-2	-0.135
5.134	-4.543E-3	-0.138
5.167	3.942E-3	-0.137
5.201	1.269E-2	-0.136
5.234	1.955E-2	-0.135
5.267	2.462E-2	-0.134
5.301	2.761E-2	-0.133
5.334	2.831E-2	-0.133
5.367	2.673E-2	-0.133
5.401	2.271E-2	-0.134
5.434	1.685E-2	-0.135
5.467	9.668E-3	-0.136
5.501	2.025E-3	-0.137
5.534	-5.787E-3	-0.136
5.567	-1.357E-2	-0.135
5.601	-1.945E-2	-0.134
5.634	-2.358E-2	-0.133
5.667	-2.706E-2	-0.133
5.701	-2.738E-2	-0.133
5.734	-2.543E-2	-0.134
5.767	-2.099E-2	-0.137
5.801	-1.489E-2	-0.138
5.834	-7.663E-3	-0.138
5.867	5.759E-4	-0.139
5.901	6.275E-3	-0.135
5.934	1.578E-2	-0.137
5.967	2.154E-2	-0.135
6.001	2.576E-2	-0.135
6.034	2.799E-2	-0.135
6.067	2.689E-2	-0.133
6.101	2.408E-2	-0.134
6.134	1.903E-2	-0.135
6.167	1.248E-2	-0.136
6.201	5.041E-3	-0.138
6.234	-2.760E-3	-0.137
6.267	-1.052E-2	-0.137
6.301	-1.715E-2	-0.135
6.334	-2.242E-2	-0.134
6.367	-2.573E-2	-0.135
6.401	-2.683E-2	-0.134
6.434	-2.771E-2	-0.135
6.467	-2.406E-2	-0.136
6.501	-1.911E-2	-0.136
6.534	-1.150E-2	-0.138
6.567	-4.271E-3	-0.138
6.601	3.986E-3	-0.138
6.634	1.171E-2	-0.136
6.667	1.743E-2	-0.136
6.701	2.188E-2	-0.135
6.734	2.514E-2	-0.134
6.767	2.603E-2	-0.134
6.801	2.406E-2	-0.135
6.834	2.050E-2	-0.135
6.867	1.473E-2	-0.137
6.901	7.714E-3	-0.138
6.934	1.872E-3	-0.139
6.967	-6.137E-3	-0.138
7.001	-1.333E-2	-0.138
7.034	-1.941E-2	-0.137
7.067	-2.363E-2	-0.136
7.101	-2.770E-2	-0.135
7.134	-2.746E-2	-0.135
7.167	-2.611E-2	-0.135
7.201	-2.128E-2	-0.136
7.234	-1.540E-2	-0.137
7.267	-6.515E-3	-0.136
7.301	1.262E-3	-0.137
7.334	9.019E-3	-0.137
7.367	1.618E-2	-0.136
7.401	2.206E-2	-0.137
7.434	2.446E-2	-0.136
7.467	2.665E-2	-0.136
7.501	2.613E-2	-0.136
7.534	2.343E-2	-0.137
7.567	1.814E-2	-0.137
7.601	1.175E-2	-0.138
7.634	4.294E-3	-0.139
7.667	-3.487E-3	-0.138
7.701	-1.093E-2	-0.138
7.734	-1.760E-2	-0.138
7.767	-2.262E-2	-0.136
7.801	-2.589E-2	-0.136
7.834	-2.699E-2	-0.135
7.867	-2.615E-2	-0.136
7.901	-2.309E-2	-0.136
7.934	-1.815E-2	-0.137
7.967	-1.178E-2	-0.138
8.001	-4.319E-3	-0.139
8.034	3.472E-3	-0.139
8.067	1.121E-2	-0.139
8.101	1.762E-2	-0.137
8.134	2.271E-2	-0.137
8.167	2.557E-2	-0.136
8.201	2.639E-2	-0.136
8.234	2.474E-2	-0.136
8.267	2.037E-2	-0.136
8.301	1.578E-2	-0.137
8.334	7.885E-3	-0.138
8.368	1.720E-4	-0.138
8.401	-7.526E-3	-0.138
8.434	-1.454E-2	-0.137
8.468	-2.034E-2	-0.136
8.501	-2.450E-2	-0.134
8.534	-2.604E-2	-0.135
8.568	-2.493E-2	-0.134
8.601	-2.475E-2	-0.136
8.634	-2.055E-2	-0.135
8.668	-1.479E-2	-0.136
8.701	-7.801E-3	-0.138
8.734	-9.817E-5	-0.137
8.768	7.437E-3	-0.138
8.801	1.455E-2	-0.138
8.834	2.011E-2	-0.137
8.868	2.338E-2	-0.134
8.901	2.522E-2	-0.135
8.934	2.579E-2	-0.136
8.968	2.232E-2	-0.136
9.001	1.855E-2	-0.137
9.034	1.243E-2	-0.137
9.068	4.630E-3	-0.137
9.101	-3.697E-3	-0.139
9.134	-8.760E-3	-0.135
9.168	-1.598E-2	-0.137
9.201	-2.103E-2	-0.134
9.234	-2.435E-2	-0.136
9.268	-2.657E-2	-0.135
9.301	-2.548E-2	-0.134
9.334	-2.260E-2	-0.136
9.368	-1.774E-2	-0.136
9.401	-1.126E-2	-0.137
9.434	-3.870E-3	-0.138
9.468	3.746E-3	-0.138
9.501	1.099E-2	-0.137
9.534	1.708E-2	-0.137
9.568	2.000E-2	-0.137	
9.601	2.529E-2	-0.136
9.634	2.582E-2	-0.136
9.668	2.396E-2	-0.136
9.701	1.973E-2	-0.136
9.734	1.402E-2	-0.137
9.768	7.345E-3	-0.138
9.801	-3.350E-5	-0.138
9.834	-7.606E-3	-0.138
9.868	-1.456E-2	-0.137
9.901	-2.008E-2	-0.135
9.934	-2.395E-2	-0.134
9.968	-2.597E-2	-0.134
10.001	-2.594E-2	-0.135
10.034	-2.380E-2	-0.134
10.068	-1.994E-2	-0.136
10.101	-1.430E-2	-0.137
10.134	-7.420E-3	-0.138
10.168	8.004E-5	-0.138
10.201	7.618E-3	-0.137
10.234	1.426E-2	-0.137
10.268	1.911E-2	-0.137
10.301	2.364E-2	-0.136
10.334	2.552E-2	-0.136
10.368	2.481E-2	-0.136
10.401	2.144E-2	-0.136
10.434	1.673E-2	-0.137
10.468	1.048E-2	-0.137
10.501	3.490E-3	-0.138
10.534	-3.968E-3	-0.138
10.568	-1.120E-2	-0.137
10.601	-1.741E-2	-0.136
10.634	-2.204E-2	-0.136
10.668	-2.485E-2	-0.134
10.701	-2.607E-2	-0.134
10.734	-2.473E-2	-0.134
10.768	-2.187E-2	-0.135
10.801	-1.701E-2	-0.137
10.834	-1.080E-2	-0.137
10.868	-3.558E-3	-0.138
10.901	3.910E-3	-0.138
10.934	1.102E-2	-0.137
10.968	1.690E-2	-0.136
11.001	2.154E-2	-0.135
11.034	2.426E-2	-0.135
11.068	2.474E-2	-0.135
11.101	2.290E-2	-0.135
11.134	1.891E-2	-0.136
11.168	1.350E-2	-0.137
11.201	6.787E-3	-0.138
11.234	-4.344E-4	-0.138
11.268	-7.865E-3	-0.138
11.301	-1.452E-2	-0.137
11.334	-1.993E-2	-0.137
11.368	-2.364E-2	-0.136
11.401	-2.538E-2	-0.135
11.434	-2.531E-2	-0.135
11.468	-2.318E-2	-0.135
11.501	-1.925E-2	-0.135
11.534	-1.374E-2	-0.137
11.568	-6.836E-3	-0.137
11.601	3.997E-4	-0.137
11.634	7.627E-3	-0.137
11.668	1.420E-2	-0.137
11.701	1.948E-2	-0.136
11.735	2.333E-2	-0.136
11.768	2.478E-2	-0.136
11.801	2.418E-2	-0.136
11.835	2.090E-2	-0.136
11.868	1.613E-2	-0.137
11.901	1.013E-2	-0.137
11.935	3.131E-3	-0.138
11.968	-4.234E-3	-0.138
12.001	-1.125E-2	-0.137
12.035	-1.755E-2	-0.136
12.068	-2.171E-2	-0.136
12.101	-2.448E-2	-0.135
12.135	-2.535E-2	-0.134
12.168	-2.425E-2	-0.135
12.201	-2.121E-2	-0.136
12.235	-1.633E-2	-0.137
12.268	-1.009E-2	-0.137
12.301	-2.981E-3	-0.138
12.335	4.266E-3	-0.138
12.368	1.106E-2	-0.137
12.401	1.690E-2	-0.137
12.435	2.146E-2	-0.137
12.468	2.392E-2	-0.136
12.501	2.429E-2	-0.136
12.535	2.232E-2	-0.136
12.568	1.822E-2	-0.137
12.601	1.286E-2	-0.137
12.635	6.308E-3	-0.137
12.668	-8.152E-4	-0.138
12.701	-8.074E-3	-0.137
12.735	-1.457E-2	-0.137
12.768	-1.973E-2	-0.136
12.801	-2.316E-2	-0.136
12.835	-2.492E-2	-0.134
12.868	-2.452E-2	-0.134
12.901	-2.258E-2	-0.136
12.935	-1.871E-2	-0.136
12.968	-1.305E-2	-0.137
13.001	-6.239E-3	-0.137
13.035	8.218E-4	-0.137
13.068	7.871E-3	-0.137
13.101	1.413E-2	-0.137
13.135	1.939E-2	-0.137
13.168	2.282E-2	-0.137
13.201	2.445E-2	-0.136
13.235	2.317E-2	-0.135
13.268	2.020E-2	-0.136
13.301	1.548E-2	-0.137
13.335	9.440E-3	-0.137
13.368	2.529E-3	-0.138
13.401	-4.641E-3	-0.138
13.435	-1.145E-2	-0.137
13.468	-1.720E-2	-0.136
13.501	-2.139E-2	-0.135
13.535	-2.401E-2	-0.136
13.568	-2.482E-2	-0.135
13.601	-2.344E-2	-0.135
13.635	-2.044E-2	-0.136
13.668	-1.565E-2	-0.137
13.701	-9.542E-3	-0.137
13.735	-2.610E-3	-0.138
13.768	4.493E-3	-0.138
13.801	1.116E-2	-0.137
13.835	1.682E-2	-0.137
13.868	2.099E-2	-0.135
13.901	2.365E-2	-0.136
13.935	2.359E-2	-0.135
13.968	2.149E-2	-0.136
14.001	1.761E-2	-0.136
14.035	1.220E-2	-0.137
14.068	5.684E-3	-0.137
14.101	-1.328E-3	-0.138
14.135	-8.239E-3	-0.137
14.168	-1.464E-2	-0.137
14.201	-1.961E-2	-0.136
14.235	-2.329E-2	-0.136
14.268	-2.431E-2	-0.134
14.301	-2.397E-2	-0.134
14.335	-2.179E-2	-0.136
14.368	-1.813E-2	-0.137
14.401	-1.243E-2	-0.137
14.435	-5.846E-3	-0.138
14.468	1.216E-3	-0.138
14.501	8.043E-3	-0.138
14.535	1.418E-2	-0.137
14.568	1.859E-2	-0.137
14.601	2.238E-2	-0.136
14.635	2.262E-2	-0.136
14.668	2.267E-2	-0.136
14.701	1.918E-2	-0.136
14.735	1.576E-2	-0.136
14.768	8.723E-3	-0.138
14.801	1.985E-3	-0.138
14.835	-5.067E-3	-0.138
14.868	-1.177E-2	-0.137
14.901	-1.728E-2	-0.137
14.935	-2.123E-2	-0.135
14.968	-2.359E-2	-0.134
15.002	-2.412E-2	-0.135
15.035	-2.266E-2	-0.134
15.068	-1.957E-2	-0.136
15.102	-1.491E-2	-0.137
15.135	-8.729E-3	-0.138
15.168	-1.994E-3	-0.138
15.202	4.974E-3	-0.137
15.235	1.135E-2	-0.137
15.268	1.683E-2	-0.137
15.302	2.101E-2	-0.137
15.335	2.306E-2	-0.136
15.368	2.314E-2	-0.136
15.402	2.087E-2	-0.137
15.435	1.686E-2	-0.137
15.468	1.155E-2	-0.137
15.502	5.219E-3	-0.138
15.535	-1.657E-3	-0.138
15.568	-8.505E-3	-0.137
15.602	-1.462E-2	-0.137
15.635	-1.957E-2	-0.136
15.668	-2.233E-2	-0.134
15.702	-2.374E-2	-0.134
15.735	-2.331E-2	-0.135
15.768	-2.127E-2	-0.136
15.802	-1.716E-2	-0.137
15.835	-1.170E-2	-0.137
15.868	-5.193E-3	-0.138
15.902	1.687E-3	-0.138
15.935	8.317E-3	-0.138
15.968	1.410E-2	-0.137
16.002	1.903E-2	-0.136
16.035	2.226E-2	-0.136
16.068	2.305E-2	-0.136
16.102	2.199E-2	-0.136
16.135	1.866E-2	-0.136
16.168	1.394E-2	-0.137
16.202	8.019E-3	-0.138
16.235	1.359E-3	-0.138
16.268	-5.477E-3	-0.138
16.302	-1.189E-2	-0.137
16.335	-1.715E-2	-0.136
16.368	-2.102E-2	-0.135
16.402	-2.315E-2	-0.136
16.435	-2.348E-2	-0.135
16.468	-2.200E-2	-0.136
16.502	-1.893E-2	-0.137
16.535	-1.420E-2	-0.137
16.568	-8.203E-3	-0.138
16.602	-1.368E-3	-0.138
16.635	5.300E-3	-0.138
16.668	1.144E-2	-0.137
16.702	1.663E-2	-0.137
16.735	2.070E-2	-0.136
16.768	2.237E-2	-0.135
16.802	2.244E-2	-0.136
16.835	2.014E-2	-0.137
16.868	1.604E-2	-0.137
16.902	1.069E-2	-0.137
16.935	4.491E-3	-0.138
16.968	-2.272E-3	-0.138
17.002	-8.884E-3	-0.138
17.035	-1.467E-2	-0.137
17.068	-1.917E-2	-0.137
17.102	-2.205E-2	-0.135
17.135	-2.321E-2	-0.135
17.168	-2.260E-2	-0.135
17.202	-2.026E-2	-0.135
17.235	-1.634E-2	-0.136
17.268	-1.096E-2	-0.137
17.302	-4.461E-3	-0.138
17.335	2.241E-3	-0.138
17.368	8.810E-3	-0.137
17.402	1.417E-2	-0.137
17.435	1.883E-2	-0.137
17.468	2.184E-2	-0.136
17.502	2.256E-2	-0.136
17.535	2.127E-2	-0.136
17.568	1.809E-2	-0.137
17.602	1.326E-2	-0.137
17.635	7.980E-3	-0.137
17.668	1.298E-3	-0.137
17.702	-3.740E-3	-0.136
17.735	-1.208E-2	-0.137
17.768	-1.655E-2	-0.136
17.802	-2.022E-2	-0.136
17.835	-2.215E-2	-0.134
17.868	-2.241E-2	-0.135
17.902	-2.075E-2	-0.135
17.935	-1.743E-2	-0.136
17.968	-1.272E-2	-0.137
18.002	-6.881E-3	-0.138
18.035	-2.359E-4	-0.138
18.068	6.427E-3	-0.138
18.102	1.228E-2	-0.137
18.135	1.745E-2	-0.137
18.168	2.081E-2	-0.136
18.202	2.277E-2	-0.136
18.235	2.242E-2	-0.136
18.268	2.001E-2	-0.137
18.302	1.584E-2	-0.136
18.335	1.055E-2	-0.137
18.369	4.194E-3	-0.138
18.402	-2.408E-3	-0.138
18.435	-8.745E-3	-0.138
18.469	-1.431E-2	-0.137
18.502	-1.851E-2	-0.135
18.535	-2.126E-2	-0.136
18.569	-2.232E-2	-0.136
18.602	-2.152E-2	-0.136
18.635	-1.904E-2	-0.135
18.669	-1.493E-2	-0.137
18.702	-9.599E-3	-0.137
18.735	-3.458E-3	-0.138
18.769	3.135E-3	-0.138
18.802	9.426E-3	-0.137
18.835	1.488E-2	-0.137
18.869	1.939E-2	-0.137
18.902	2.186E-2	-0.137
18.935	2.247E-2	-0.136
18.969	2.108E-2	-0.137
19.002	1.774E-2	-0.137
19.035	1.281E-2	-0.137
19.069	7.007E-3	-0.137
19.102	5.696E-4	-0.138
19.135	-5.785E-3	-0.137
19.169	-1.160E-2	-0.136
19.202	-1.657E-2	-0.137
19.235	-1.990E-2	-0.136
19.269	-2.165E-2	-0.135
19.302	-2.164E-2	-0.135
19.335	-2.004E-2	-0.136
19.369	-1.669E-2	-0.136
19.402	-1.199E-2	-0.137
19.435	-6.040E-3	-0.137
19.469	4.094E-4	-0.137
19.502	6.742E-3	-0.137
19.535	1.262E-2	-0.137
19.569	1.722E-2	-0.137
19.602	2.076E-2	-0.137
19.635	2.223E-2	-0.137
19.669	2.168E-2	-0.137
19.702	1.919E-2	-0.137
19.735	1.507E-2	-0.137
19.769	9.806E-3	-0.137
19.802	3.704E-3	-0.137
19.835	-2.727E-3	-0.138
19.869	-9.112E-3	-0.137
19.902	-1.428E-2	-0.136
19.935	-1.846E-2	-0.136
19.969	-2.103E-2	-0.135
20.002	-2.182E-2	-0.135
20.035	-2.074E-2	-0.135
20.069	-1.823E-2	-0.136
20.102	-1.404E-2	-0.137
20.135	-8.767E-3	-0.137
20.169	-2.644E-3	-0.137
20.202	3.701E-3	-0.137
20.235	9.815E-3	-0.137
20.269	1.500E-2	-0.137
20.302	1.892E-2	-0.137
20.335	2.131E-2	-0.136
20.369	2.169E-2	-0.136
20.402	1.998E-2	-0.136
20.435	1.663E-2	-0.136
20.469	1.198E-2	-0.137
20.502	6.394E-3	-0.138
20.535	3.372E-5	-0.137
20.569	-6.070E-3	-0.137
20.602	-1.188E-2	-0.137
20.635	-1.653E-2	-0.136
20.669	-1.983E-2	-0.136
20.702	-2.130E-2	-0.135
20.735	-2.127E-2	-0.135
20.769	-1.933E-2	-0.136
20.802	-1.601E-2	-0.137
20.835	-1.121E-2	-0.137
20.869	-5.210E-3	-0.138
20.902	9.117E-4	-0.137
20.935	7.042E-3	-0.138
20.969	1.256E-2	-0.137
21.002	1.745E-2	-0.137
21.035	2.023E-2	-0.136
21.069	2.140E-2	-0.136
21.102	2.077E-2	-0.136
21.135	1.832E-2	-0.136
21.169	1.418E-2	-0.137
21.202	8.710E-3	-0.137
21.235	2.858E-3	-0.138
21.269	-3.543E-3	-0.137
21.302	-9.584E-3	-0.137
21.335	-1.459E-2	-0.136
21.369	-1.823E-2	-0.136
21.402	-2.065E-2	-0.136
21.435	-2.128E-2	-0.134
21.469	-2.021E-2	-0.135
21.502	-1.759E-2	-0.136
21.535	-1.323E-2	-0.137
21.569	-8.168E-3	-0.138
21.602	-1.903E-3	-0.137
21.636	4.197E-3	-0.137
21.669	1.010E-2	-0.137
21.702	1.529E-2	-0.137
21.736	1.885E-2	-0.137
21.769	2.078E-2	-0.136
21.802	2.120E-2	-0.137
21.836	1.945E-2	-0.137
21.869	1.588E-2	-0.137
21.902	1.106E-2	-0.137
21.936	5.579E-3	-0.137
21.969	-5.039E-4	-0.137
22.002	-6.790E-3	-0.138
22.036	-1.235E-2	-0.137
22.069	-1.659E-2	-0.137
22.102	-1.953E-2	-0.136
22.136	-2.094E-2	-0.136
22.169	-2.067E-2	-0.135
22.202	-1.879E-2	-0.136
22.236	-1.510E-2	-0.137
22.269	-1.018E-2	-0.137
22.302	-4.676E-3	-0.137
22.336	1.399E-3	-0.137
22.369	7.485E-3	-0.137
22.402	1.309E-2	-0.137
22.436	1.721E-2	-0.136
22.469	1.970E-2	-0.135
22.502	2.075E-2	-0.135
22.536	2.031E-2	-0.137
22.569	1.755E-2	-0.137
22.602	1.314E-2	-0.137
22.636	7.884E-3	-0.137
22.669	2.245E-3	-0.137
22.702	-3.846E-3	-0.137
22.736	-9.911E-3	-0.138
22.769	-1.463E-2	-0.136
22.802	-1.806E-2	-0.136
22.836	-2.010E-2	-0.136
22.869	-2.075E-2	-0.134
22.902	-1.962E-2	-0.136
22.936	-1.677E-2	-0.136
22.969	-1.236E-2	-0.137
23.002	-7.152E-3	-0.137
23.036	-1.296E-3	-0.137
23.069	4.806E-3	-0.138
23.102	1.034E-2	-0.137
23.136	1.526E-2	-0.136
23.169	1.857E-2	-0.136
23.202	2.029E-2	-0.136
23.236	2.050E-2	-0.136
23.269	1.887E-2	-0.137
23.302	1.501E-2	-0.137
23.336	1.027E-2	-0.137
23.369	4.797E-3	-0.138
23.402	-1.284E-3	-0.137
23.436	-7.364E-3	-0.137
23.469	-1.245E-2	-0.136
23.502	-1.651E-2	-0.135
23.536	-1.905E-2	-0.135
23.569	-2.040E-2	-0.135
23.602	-2.016E-2	-0.136
23.636	-1.796E-2	-0.135
23.669	-1.412E-2	-0.136
23.702	-9.345E-3	-0.137
23.736	-4.103E-3	-0.137
23.769	1.749E-3	-0.137
23.802	7.883E-3	-0.137
23.836	1.309E-2	-0.136
23.869	1.695E-2	-0.136
23.902	1.940E-2	-0.136
23.936	2.059E-2	-0.137
23.969	1.974E-2	-0.137
24.002	1.662E-2	-0.137
24.036	1.221E-2	-0.138
24.069	7.162E-3	-0.138
24.102	1.479E-3	-0.137
24.136	-4.602E-3	-0.138
24.169	-1.045E-2	-0.137
24.202	-1.486E-2	-0.137
24.236	-1.782E-2	-0.135
24.269	-1.977E-2	-0.136
24.302	-2.043E-2	-0.136
24.336	-1.902E-2	-0.136
24.369	-1.599E-2	-0.136
24.402	-1.152E-2	-0.137
24.436	-6.540E-3	-0.137
24.469	-8.005E-4	-0.138
24.502	5.295E-3	-0.138
24.536	1.092E-2	-0.137
24.569	1.544E-2	-0.137
24.602	1.828E-2	-0.137
24.636	1.999E-2	-0.137
24.669	2.005E-2	-0.137
24.702	1.773E-2	-0.136
24.736	1.396E-2	-0.138
24.769	9.224E-3	-0.138
24.802	3.910E-3	-0.137
24.836	-1.889E-3	-0.137
24.869	-7.999E-3	-0.137
24.902	-1.295E-2	-0.136
24.936	-1.650E-2	-0.137
24.969	-1.881E-2	-0.135
25.003	-2.002E-2	-0.136
25.036	-1.956E-2	-0.136
25.069	-1.724E-2	-0.136
25.103	-1.339E-2	-0.136
25.136	-8.966E-3	-0.137
25.169	-3.415E-3	-0.137
25.203	2.524E-3	-0.137
25.236	8.393E-3	-0.137
25.269	1.312E-2	-0.137
25.303	1.666E-2	-0.136
25.336	1.914E-2	-0.136
25.369	1.999E-2	-0.136
25.403	1.864E-2	-0.136
25.436	1.531E-2	-0.137
25.469	1.138E-2	-0.137
25.503	6.411E-3	-0.137
25.536	5.785E-4	-0.137
25.569	-5.474E-3	-0.137
25.603	-1.070E-2	-0.137
25.636	-1.461E-2	-0.136
25.669	-1.790E-2	-0.137
25.703	-1.981E-2	-0.136
25.736	-1.989E-2	-0.135
25.769	-1.815E-2	-0.136
25.803	-1.512E-2	-0.137
25.836	-1.099E-2	-0.138
25.869	-5.986E-3	-0.138
25.903	-2.025E-4	-0.137
25.936	5.647E-3	-0.138
25.969	1.085E-2	-0.137
26.003	1.499E-2	-0.137
26.036	1.805E-2	-0.136
26.069	1.946E-2	-0.135
26.103	1.914E-2	-0.137
26.136	1.693E-2	-0.137
26.169	1.330E-2	-0.137
26.203	8.604E-3	-0.138
26.236	3.072E-3	-0.138
26.269	-2.708E-3	-0.138
26.303	-8.182E-3	-0.137
26.336	-1.273E-2	-0.136
26.369	-1.649E-2	-0.137
26.403	-1.881E-2	-0.136
26.436	-1.958E-2	-0.135
26.469	-1.874E-2	-0.137
26.503	-1.633E-2	-0.137
26.536	-1.289E-2	-0.137
26.569	-8.214E-3	-0.137
26.603	-2.459E-3	-0.137
26.636	3.175E-3	-0.137
26.669	8.603E-3	-0.137
26.703	1.308E-2	-0.137
26.736	1.696E-2	-0.137
26.769	1.911E-2	-0.137
26.803	1.940E-2	-0.137
26.836	1.778E-2	-0.136
26.869	1.481E-2	-0.137
26.903	1.060E-2	-0.137
26.936	5.446E-3	-0.137
26.969	-2.200E-4	-0.138
27.003	-5.801E-3	-0.137
27.036	-1.068E-2	-0.137
27.069	-1.486E-2	-0.137
27.103	-1.792E-2	-0.137
27.136	-1.935E-2	-0.136
27.169	-1.905E-2	-0.137
27.203	-1.735E-2	-0.135
27.236	-1.431E-2	-0.136
27.269	-1.017E-2	-0.137
27.303	-4.949E-3	-0.137
27.336	8.560E-4	-0.138
27.369	6.160E-3	-0.137
27.403	1.115E-2	-0.137
27.436	1.528E-2	-0.137
27.469	1.815E-2	-0.136
27.503	1.922E-2	-0.137
27.536	1.853E-2	-0.137
27.569	1.611E-2	-0.137
27.603	1.255E-2	-0.137
27.636	7.609E-3	-0.137
27.669	2.072E-3	-0.138
27.703	-3.478E-3	-0.137
27.736	-8.728E-3	-0.137
27.769	-1.298E-2	-0.137
27.803	-1.654E-2	-0.136
27.836	-1.858E-2	-0.136
27.869	-1.909E-2	-0.136
27.903	-1.817E-2	-0.136
27.936	-1.582E-2	-0.136
27.969	-1.236E-2	-0.137
28.003	-7.420E-3	-0.137
28.036	-1.849E-3	-0.137
28.069	3.632E-3	-0.138
28.103	8.719E-3	-0.137
28.136	1.331E-2	-0.137
28.169	1.669E-2	-0.137
28.203	1.857E-2	-0.136
28.236	1.861E-2	-0.136
28.269	1.699E-2	-0.136
28.303	1.389E-2	-0.137
28.336	9.711E-3	-0.137
28.370	4.503E-3	-0.138
28.403	-1.077E-3	-0.137
28.436	-6.330E-3	-0.137
28.470	-1.101E-2	-0.137
28.503	-1.489E-2	-0.137
28.536	-1.765E-2	-0.136
28.570	-1.881E-2	-0.136
28.603	-1.826E-2	-0.136
28.636	-1.653E-2	-0.137
28.670	-1.354E-2	-0.136
28.703	-9.362E-3	-0.137
28.736	-4.118E-3	-0.137
28.770	1.450E-3	-0.138
28.803	6.502E-3	-0.137
28.836	1.139E-2	-0.137
28.870	1.534E-2	-0.137
28.903	1.799E-2	-0.137
28.936	1.859E-2	-0.136
28.970	1.775E-2	-0.137
29.003	1.529E-2	-0.137
29.036	1.176E-2	-0.137
29.070	6.984E-3	-0.137
29.103	1.475E-3	-0.137
29.136	-3.840E-3	-0.137
29.170	-8.775E-3	-0.137
29.203	-1.302E-2	-0.136
29.236	-1.629E-2	-0.136
29.270	-1.823E-2	-0.137
29.303	-1.830E-2	-0.135
29.336	-1.717E-2	-0.135
29.370	-1.490E-2	-0.137
29.403	-1.123E-2	-0.137
29.436	-6.514E-3	-0.137
29.470	-1.045E-3	-0.137
29.503	4.263E-3	-0.137
29.536	9.116E-3	-0.137
29.570	1.353E-2	-0.137
29.603	1.667E-2	-0.137
29.636	1.836E-2	-0.137
29.670	1.817E-2	-0.137
29.703	1.649E-2	-0.137
29.736	1.334E-2	-0.137
29.770	8.974E-3	-0.138
29.803	3.684E-3	-0.137
29.836	-1.579E-3	-0.137
29.870	-6.594E-3	-0.137
29.903	-1.125E-2	-0.137
29.936	-1.489E-2	-0.136
29.970	-1.738E-2	-0.136
30.003	-1.827E-2	-0.136
30.036	-1.767E-2	-0.136
30.070	-1.593E-2	-0.136
30.103	-1.273E-2	-0.136
30.136	-8.475E-3	-0.137
30.170	-3.230E-3	-0.137
30.203	1.996E-3	-0.137
30.236	7.021E-3	-0.137
30.270	1.164E-2	-0.137
30.303	1.525E-2	-0.136
30.336	1.749E-2	-0.136
30.370	1.816E-2	-0.137
30.403	1.713E-2	-0.137
30.436	1.472E-2	-0.137
30.470	1.090E-2	-0.137
30.503	5.949E-3	-0.138
30.536	6.982E-4	-0.138
30.570	-4.553E-3	-0.138
30.603	-9.290E-3	-0.138
30.636	-1.327E-2	-0.137
30.670	-1.631E-2	-0.137
30.703	-1.787E-2	-0.137
30.736	-1.790E-2	-0.136
30.770	-1.658E-2	-0.136
30.803	-1.409E-2	-0.137
30.836	-1.041E-2	-0.137
30.870	-5.679E-3	-0.138
30.903	-2.316E-4	-0.137
30.936	4.814E-3	-0.138
30.970	9.512E-3	-0.138
31.003	1.366E-2	-0.137
31.036	1.661E-2	-0.137
31.070	1.790E-2	-0.137
31.103	1.750E-2	-0.137
31.136	1.565E-2	-0.137
31.170	1.251E-2	-0.137
31.203	8.079E-3	-0.137
31.236	3.058E-3	-0.138
31.270	-2.114E-3	-0.137
31.303	-7.070E-3	-0.137
31.336	-1.149E-2	-0.137
31.370	-1.490E-2	-0.136
31.403	-1.713E-2	-0.136
31.436	-1.778E-2	-0.136
31.470	-1.708E-2	-0.135
31.503	-1.514E-2	-0.136
31.536	-1.208E-2	-0.137
31.570	-7.682E-3	-0.138
31.603	-2.632E-3	-0.137
31.637	2.542E-3	-0.137
31.670	7.297E-3	-0.137
31.703	1.191E-2	-0.137
31.737	1.532E-2	-0.137
31.770	1.718E-2	-0.136
31.803	1.761E-2	-0.137
31.837	1.645E-2	-0.137
31.870	1.389E-2	-0.137
31.903	9.951E-3	-0.137
31.937	5.300E-3	-0.137
31.970	1.073E-4	-0.137
32.003	-4.922E-3	-0.137
32.037	-9.594E-3	-0.137
32.070	-1.350E-2	-0.137
32.103	-1.626E-2	-0.137
32.137	-1.743E-2	-0.136
32.170	-1.735E-2	-0.137
32.203	-1.600E-2	-0.136
32.237	-1.344E-2	-0.136
32.270	-9.589E-3	-0.137
32.303	-4.669E-3	-0.137
32.337	3.440E-4	-0.137
32.370	5.340E-3	-0.137
32.403	9.985E-3	-0.137
32.437	1.363E-2	-0.136
32.470	1.639E-2	-0.137
32.503	1.747E-2	-0.137
32.537	1.694E-2	-0.137
32.570	1.473E-2	-0.136
32.603	1.166E-2	-0.137
32.637	7.289E-3	-0.137
32.670	2.254E-3	-0.137
32.703	-2.923E-3	-0.137
32.737	-7.627E-3	-0.138
32.770	-1.184E-2	-0.136
32.803	-1.492E-2	-0.136
32.837	-1.684E-2	-0.136
32.870	-1.738E-2	-0.137
32.903	-1.648E-2	-0.137
32.937	-1.435E-2	-0.137
32.970	-1.105E-2	-0.137
33.003	-6.803E-3	-0.137
33.037	-1.801E-3	-0.137
33.070	3.155E-3	-0.138
33.103	7.868E-3	-0.137
33.137	1.203E-2	-0.137
33.170	1.524E-2	-0.137
33.203	1.692E-2	-0.137
33.237	1.696E-2	-0.136
33.270	1.573E-2	-0.137
33.303	1.303E-2	-0.137
33.337	9.154E-3	-0.137
33.370	4.298E-3	-0.137
33.403	-5.394E-4	-0.137
33.437	-5.492E-3	-0.137
33.470	-9.842E-3	-0.137
33.503	-1.356E-2	-0.136
33.537	-1.603E-2	-0.135
33.570	-1.709E-2	-0.136
33.603	-1.680E-2	-0.135
33.637	-1.519E-2	-0.136
33.670	-1.244E-2	-0.136
33.703	-8.543E-3	-0.137
33.737	-3.820E-3	-0.137
33.770	1.147E-3	-0.137
33.803	5.887E-3	-0.137
33.837	1.029E-2	-0.137
33.870	1.386E-2	-0.136
33.903	1.613E-2	-0.137
33.937	1.691E-2	-0.136
33.970	1.612E-2	-0.136
34.003	1.394E-2	-0.136
34.037	1.058E-2	-0.137
34.070	6.165E-3	-0.137
34.103	1.437E-3	-0.138
34.137	-3.501E-3	-0.137
34.170	-7.932E-3	-0.137
34.203	-1.186E-2	-0.136
34.237	-1.491E-2	-0.136
34.270	-1.655E-2	-0.136
34.303	-1.681E-2	-0.136
34.337	-1.574E-2	-0.136
34.370	-1.352E-2	-0.137
34.403	-1.015E-2	-0.137
34.437	-5.772E-3	-0.137
34.470	-9.734E-4	-0.137
34.503	3.901E-3	-0.137
34.537	8.409E-3	-0.137
34.570	1.228E-2	-0.137
34.603	1.504E-2	-0.136
34.637	1.663E-2	-0.137
34.670	1.642E-2	-0.136
34.703	1.498E-2	-0.137
34.737	1.199E-2	-0.137
34.770	8.099E-3	-0.138
34.803	3.407E-3	-0.137
34.837	-1.322E-3	-0.137
34.870	-6.044E-3	-0.137
34.903	-1.040E-2	-0.137
34.937	-1.376E-2	-0.136
34.970	-1.597E-2	-0.137
35.004	-1.667E-2	-0.136
35.037	-1.622E-2	-0.136
35.070	-1.457E-2	-0.136
35.104	-1.181E-2	-0.136
35.137	-7.878E-3	-0.138
35.170	-3.191E-3	-0.138
35.204	1.688E-3	-0.137
35.237	6.409E-3	-0.137
35.270	1.054E-2	-0.137
35.304	1.400E-2	-0.137
35.337	1.585E-2	-0.137
35.370	1.641E-2	-0.137
35.404	1.556E-2	-0.137
35.437	1.309E-2	-0.136
35.470	9.725E-3	-0.137
35.504	5.352E-3	-0.137
35.537	6.592E-4	-0.137
35.570	-4.040E-3	-0.137
35.604	-8.468E-3	-0.137
35.637	-1.216E-2	-0.136
35.670	-1.490E-2	-0.136
35.704	-1.629E-2	-0.136
35.737	-1.629E-2	-0.136
35.770	-1.518E-2	-0.135
35.804	-1.290E-2	-0.136
35.837	-9.333E-3	-0.137
35.870	-4.951E-3	-0.138
35.904	-2.350E-4	-0.137
35.937	4.494E-3	-0.138
35.970	8.907E-3	-0.138
36.004	1.255E-2	-0.137
36.037	1.508E-2	-0.137
36.070	1.609E-2	-0.136
36.104	1.582E-2	-0.136
36.137	1.421E-2	-0.137
36.170	1.113E-2	-0.138
36.204	7.214E-3	-0.137
36.237	2.582E-3	-0.137
36.270	-2.121E-3	-0.137
36.304	-6.579E-3	-0.137
36.337	-1.067E-2	-0.137
36.370	-1.380E-2	-0.136
36.404	-1.568E-2	-0.136
36.437	-1.628E-2	-0.137
36.470	-1.569E-2	-0.136
36.504	-1.380E-2	-0.136
36.537	-1.078E-2	-0.137
36.570	-6.795E-3	-0.137
36.604	-2.183E-3	-0.137
36.637	2.561E-3	-0.137
36.670	7.000E-3	-0.137
36.704	1.093E-2	-0.137
36.737	1.390E-2	-0.137
36.770	1.558E-2	-0.136
36.804	1.607E-2	-0.137
36.837	1.500E-2	-0.137
36.870	1.248E-2	-0.137
36.904	8.702E-3	-0.137
36.937	4.530E-3	-0.138
36.970	-1.682E-4	-0.138
37.004	-4.832E-3	-0.138
37.037	-8.987E-3	-0.138
37.070	-1.239E-2	-0.137
37.104	-1.483E-2	-0.137
37.137	-1.602E-2	-0.136
37.170	-1.597E-2	-0.136
37.204	-1.452E-2	-0.136
37.237	-1.205E-2	-0.137
37.270	-8.445E-3	-0.137
37.304	-4.096E-3	-0.137
37.337	3.751E-4	-0.137
37.370	4.847E-3	-0.138
37.404	9.190E-3	-0.137
37.437	1.275E-2	-0.137
37.470	1.498E-2	-0.137
37.504	1.581E-2	-0.137
37.537	1.528E-2	-0.137
37.570	1.335E-2	-0.137
37.604	1.030E-2	-0.137
37.637	6.202E-3	-0.137
37.670	1.718E-3	-0.137
37.704	-2.916E-3	-0.137
37.737	-7.145E-3	-0.137
37.770	-1.097E-2	-0.137
37.804	-1.378E-2	-0.136
37.837	-1.542E-2	-0.136
37.870	-1.578E-2	-0.136
37.904	-1.491E-2	-0.136
37.937	-1.293E-2	-0.136
37.970	-9.852E-3	-0.137
38.004	-5.741E-3	-0.137
38.037	-1.320E-3	-0.137
38.070	3.349E-3	-0.137
38.104	7.536E-3	-0.137
38.137	1.119E-2	-0.137
38.170	1.394E-2	-0.137
38.204	1.529E-2	-0.136
38.237	1.551E-2	-0.137
38.271	1.414E-2	-0.137
38.304	1.147E-2	-0.137
38.337	7.835E-3	-0.137
38.371	3.442E-3	-0.137
38.404	-9.769E-4	-0.137
38.437	-5.409E-3	-0.137
38.471	-9.336E-3	-0.137
38.504	-1.245E-2	-0.137
38.537	-1.463E-2	-0.137
38.571	-1.549E-2	-0.136
38.604	-1.519E-2	-0.135
38.637	-1.377E-2	-0.136
38.671	-1.105E-2	-0.138
38.704	-7.435E-3	-0.137
38.737	-3.040E-3	-0.137
38.771	1.398E-3	-0.137
38.804	5.671E-3	-0.137
38.837	9.735E-3	-0.137
38.871	1.281E-2	-0.137
38.904	1.474E-2	-0.136
38.937	1.526E-2	-0.136
38.971	1.472E-2	-0.137
39.004	1.255E-2	-0.137
39.037	9.432E-3	-0.137
39.071	5.331E-3	-0.137
39.104	9.008E-4	-0.137
39.137	-3.504E-3	-0.138
39.171	-7.672E-3	-0.137
39.204	-1.116E-2	-0.137
39.237	-1.381E-2	-0.137
39.271	-1.515E-2	-0.137
39.304	-1.535E-2	-0.136
39.337	-1.424E-2	-0.135
39.371	-1.213E-2	-0.137
39.404	-8.904E-3	-0.137
39.437	-4.948E-3	-0.137
39.471	-4.636E-4	-0.137
39.504	3.919E-3	-0.137
39.537	8.081E-3	-0.137
39.571	1.158E-2	-0.137
39.604	1.403E-2	-0.137
39.637	1.527E-2	-0.137
39.671	1.498E-2	-0.137
39.704	1.339E-2	-0.137
39.737	1.058E-2	-0.137
39.771	7.001E-3	-0.137
39.804	2.814E-3	-0.138
39.837	-1.582E-3	-0.137
39.871	-5.774E-3	-0.137
39.904	-9.644E-3	-0.137
39.937	-1.257E-2	-0.137
39.971	-1.438E-2	-0.135
40.004	-1.512E-2	-0.137
40.037	-1.460E-2	-0.137
40.071	-1.292E-2	-0.137
40.104	-1.016E-2	-0.137
40.137	-6.526E-3	-0.137
40.171	-2.356E-3	-0.137
40.204	2.069E-3	-0.137
40.237	6.194E-3	-0.137
40.271	1.006E-2	-0.137
40.304	1.284E-2	-0.137
40.337	1.450E-2	-0.137
40.371	1.498E-2	-0.137
40.404	1.398E-2	-0.137
40.437	1.170E-2	-0.138
40.471	8.347E-3	-0.137
40.504	4.473E-3	-0.138
40.537	9.017E-5	-0.138
40.571	-4.297E-3	-0.138
40.604	-8.184E-3	-0.138
40.637	-1.132E-2	-0.137
40.671	-1.373E-2	-0.137
40.704	-1.485E-2	-0.137
40.737	-1.479E-2	-0.136
40.771	-1.349E-2	-0.137
40.804	-1.127E-2	-0.137
40.837	-7.922E-3	-0.138
40.871	-4.014E-3	-0.138
40.904	3.778E-4	-0.138
40.937	4.562E-3	-0.138
40.971	8.386E-3	-0.137
41.004	1.172E-2	-0.137
41.037	1.391E-2	-0.137
41.071	1.470E-2	-0.137
41.104	1.421E-2	-0.137
41.137	1.252E-2	-0.137
41.171	9.744E-3	-0.138
41.204	6.149E-3	-0.137
41.237	1.762E-3	-0.138
41.271	-2.458E-3	-0.138
41.304	-6.579E-3	-0.138
41.337	-1.013E-2	-0.138
41.371	-1.290E-2	-0.137
41.404	-1.432E-2	-0.136
41.437	-1.480E-2	-0.136
41.471	-1.402E-2	-0.136
41.504	-1.213E-2	-0.136
41.537	-9.339E-3	-0.137
41.571	-5.714E-3	-0.137
41.604	-1.369E-3	-0.137
41.638	2.801E-3	-0.137
41.671	6.953E-3	-0.138
41.704	1.029E-2	-0.138
41.738	1.282E-2	-0.136
41.771	1.416E-2	-0.136
41.804	1.444E-2	-0.137
41.838	1.331E-2	-0.137
41.871	1.085E-2	-0.138
41.904	7.551E-3	-0.138
41.938	3.638E-3	-0.138
41.971	-7.328E-4	-0.138
42.004	-4.848E-3	-0.138
42.038	-8.539E-3	-0.137
42.071	-1.154E-2	-0.137
42.104	-1.354E-2	-0.137
42.138	-1.442E-2	-0.136
42.171	-1.418E-2	-0.136
42.204	-1.287E-2	-0.136
42.238	-1.032E-2	-0.137
42.271	-7.078E-3	-0.137
42.304	-3.118E-3	-0.137
42.338	1.139E-3	-0.137
42.371	5.322E-3	-0.137
42.404	8.927E-3	-0.137
42.438	1.189E-2	-0.137
42.471	1.381E-2	-0.137
42.504	1.432E-2	-0.137
42.538	1.354E-2	-0.136
42.571	1.178E-2	-0.137
42.604	8.779E-3	-0.137
42.638	5.175E-3	-0.137
42.671	9.608E-4	-0.137
42.704	-3.234E-3	-0.137
42.738	-7.092E-3	-0.137
42.771	-1.036E-2	-0.137
42.804	-1.276E-2	-0.137
42.838	-1.411E-2	-0.137
42.871	-1.430E-2	-0.137
42.904	-1.337E-2	-0.136
42.938	-1.146E-2	-0.137
42.971	-8.409E-3	-0.137
43.004	-4.697E-3	-0.137
43.038	-5.798E-4	-0.137
43.071	3.505E-3	-0.137
43.104	7.389E-3	-0.137
43.138	1.061E-2	-0.137
43.171	1.292E-2	-0.137
43.204	1.402E-2	-0.137
43.238	1.390E-2	-0.137
43.271	1.251E-2	-0.137
43.304	1.001E-2	-0.137
43.338	6.659E-3	-0.138
43.371	2.751E-3	-0.137
43.404	-1.443E-3	-0.137
43.438	-5.410E-3	-0.137
43.471	-8.932E-3	-0.137
43.504	-1.172E-2	-0.137
43.538	-1.340E-2	-0.137
43.571	-1.418E-2	-0.137
43.604	-1.359E-2	-0.136
43.638	-1.211E-2	-0.137
43.671	-9.498E-3	-0.137
43.704	-6.122E-3	-0.137
43.738	-2.136E-3	-0.137
43.771	1.996E-3	-0.138
43.804	5.861E-3	-0.138
43.838	9.351E-3	-0.137
43.871	1.203E-2	-0.137
43.904	1.361E-2	-0.137
43.938	1.388E-2	-0.137
43.971	1.292E-2	-0.138
44.004	1.096E-2	-0.137
44.038	7.973E-3	-0.137
44.071	4.085E-3	-0.137
44.104	2.499E-4	-0.138
44.138	-3.878E-3	-0.137
44.171	-7.586E-3	-0.137
44.204	-1.059E-2	-0.137
44.238	-1.280E-2	-0.137
44.271	-1.388E-2	-0.137
44.304	-1.368E-2	-0.137
44.338	-1.257E-2	-0.136
44.371	-1.047E-2	-0.137
44.404	-7.523E-3	-0.138
44.438	-3.703E-3	-0.137
44.471	3.428E-4	-0.137
44.504	4.219E-3	-0.137
44.538	7.757E-3	-0.136
44.571	1.086E-2	-0.137
44.604	1.298E-2	-0.137
44.638	1.377E-2	-0.137
44.671	1.338E-2	-0.137
44.704	1.174E-2	-0.137
44.738	9.212E-3	-0.137
44.771	5.849E-3	-0.138
44.804	1.743E-3	-0.137
44.838	-2.127E-3	-0.137
44.871	-6.014E-3	-0.137
44.904	-9.301E-3	-0.137
44.938	-1.180E-2	-0.137
44.971	-1.327E-2	-0.137
45.005	-1.365E-2	-0.136
45.038	-1.296E-2	-0.136
45.071	-1.133E-2	-0.138
45.105	-8.746E-3	-0.138
45.138	-5.253E-3	-0.137
45.171	-1.308E-3	-0.138
45.205	2.810E-3	-0.138
45.238	6.414E-3	-0.137
45.271	9.716E-3	-0.138
45.305	1.220E-2	-0.137
45.338	1.337E-2	-0.137
45.371	1.338E-2	-0.136
45.405	1.237E-2	-0.137
45.438	1.015E-2	-0.137
45.471	7.243E-3	-0.137
45.505	3.392E-3	-0.137
45.538	-5.374E-4	-0.138
45.571	-4.451E-3	-0.138
45.605	-7.954E-3	-0.137
45.638	-1.072E-2	-0.137
45.671	-1.260E-2	-0.136
45.705	-1.353E-2	-0.136
45.738	-1.321E-2	-0.137
45.771	-1.190E-2	-0.136
45.805	-9.663E-3	-0.137
45.838	-6.537E-3	-0.137
45.871	-2.981E-3	-0.138
45.905	9.983E-4	-0.137
45.938	4.877E-3	-0.137
45.971	8.314E-3	-0.137
46.005	1.112E-2	-0.138
46.038	1.282E-2	-0.137
46.071	1.332E-2	-0.137
46.105	1.275E-2	-0.137
46.138	1.103E-2	-0.137
46.171	8.346E-3	-0.137
46.205	4.943E-3	-0.138
46.238	9.731E-4	-0.137
46.271	-2.850E-3	-0.137
46.305	-6.397E-3	-0.137
46.338	-9.491E-3	-0.137
46.371	-1.184E-2	-0.137
46.405	-1.310E-2	-0.136
46.438	-1.324E-2	-0.136
46.471	-1.237E-2	-0.136
46.505	-1.056E-2	-0.137
46.538	-7.791E-3	-0.137
46.571	-4.301E-3	-0.137
46.605	-5.133E-4	-0.137
46.638	3.358E-3	-0.137
46.671	6.764E-3	-0.137
46.705	9.800E-3	-0.137
46.738	1.200E-2	-0.137
46.771	1.310E-2	-0.138
46.805	1.296E-2	-0.137
46.838	1.164E-2	-0.137
46.871	9.265E-3	-0.137
46.905	6.095E-3	-0.137
46.938	2.367E-3	-0.138
46.971	-1.326E-3	-0.138
47.005	-5.085E-3	-0.138
47.038	-8.375E-3	-0.136
47.071	-1.093E-2	-0.137
47.105	-1.265E-2	-0.136
47.138	-1.317E-2	-0.137
47.171	-1.268E-2	-0.137
47.205	-1.134E-2	-0.137
47.238	-8.964E-3	-0.137
47.271	-5.699E-3	-0.138
47.305	-1.929E-3	-0.137
47.338	1.751E-3	-0.138
47.371	5.341E-3	-0.138
47.405	8.615E-3	-0.138
47.438	1.116E-2	-0.138
47.471	1.257E-2	-0.137
47.505	1.283E-2	-0.137
47.538	1.196E-2	-0.137
47.571	1.007E-2	-0.137
47.605	7.310E-3	-0.138
47.638	3.729E-3	-0.138
47.671	6.886E-5	-0.138
47.705	-3.742E-3	-0.138
47.738	-7.079E-3	-0.138
47.771	-9.899E-3	-0.137
47.805	-1.193E-2	-0.137
47.838	-1.295E-2	-0.137
47.871	-1.289E-2	-0.137
47.905	-1.188E-2	-0.137
47.938	-9.865E-3	-0.137
47.971	-6.876E-3	-0.138
48.005	-3.511E-3	-0.138
48.038	2.975E-4	-0.138
48.071	3.749E-3	-0.138
48.105	7.281E-3	-0.138
48.138	1.005E-2	-0.138
48.171	1.200E-2	-0.138
48.205	1.281E-2	-0.138
48.238	1.245E-2	-0.138
48.272	1.085E-2	-0.138
48.305	8.420E-3	-0.138
48.338	5.075E-3	-0.138
48.372	1.463E-3	-0.138
48.405	-2.160E-3	-0.138
48.438	-5.730E-3	-0.138
48.472	-8.787E-3	-0.138
48.505	-1.125E-2	-0.138
48.538	-1.256E-2	-0.136
48.572	-1.293E-2	-0.137
48.605	-1.214E-2	-0.137
48.638	-1.070E-2	-0.137
48.672	-8.135E-3	-0.138
48.705	-4.913E-3	-0.138
48.738	-1.250E-3	-0.138
48.772	2.367E-3	-0.138
48.805	5.895E-3	-0.138
48.838	8.902E-3	-0.138
48.872	1.114E-2	-0.137
48.905	1.239E-2	-0.137
48.938	1.249E-2	-0.137
48.972	1.145E-2	-0.138
49.005	9.439E-3	-0.138
49.038	6.462E-3	-0.138
49.072	2.881E-3	-0.138
49.105	-7.328E-4	-0.138
49.138	-4.331E-3	-0.138
49.172	-7.531E-3	-0.138
49.205	-1.012E-2	-0.138
49.238	-1.200E-2	-0.137
49.272	-1.266E-2	-0.137
49.305	-1.235E-2	-0.138
49.338	-1.116E-2	-0.138
49.372	-9.110E-3	-0.138
49.405	-6.180E-3	-0.138
49.438	-2.581E-3	-0.138
49.472	9.917E-4	-0.138
49.505	4.551E-3	-0.138
49.538	7.697E-3	-0.138
49.572	1.025E-2	-0.138
49.605	1.191E-2	-0.137
49.638	1.238E-2	-0.137
49.672	1.181E-2	-0.138
49.705	1.026E-2	-0.138
49.738	7.645E-3	-0.138
49.772	4.340E-3	-0.138
49.805	7.621E-4	-0.138
49.838	-2.804E-3	-0.138
49.872	-6.139E-3	-0.138
49.905	-8.970E-3	-0.138
49.938	-1.115E-2	-0.137
49.972	-1.226E-2	-0.137
50.005	-1.235E-2	-0.137
50.038	-1.150E-2	-0.137
50.072	-9.877E-3	-0.137
50.105	-7.189E-3	-0.137
50.138	-4.058E-3	-0.138
50.172	-4.872E-4	-0.138
50.205	3.122E-3	-0.138
50.238	6.461E-3	-0.138
50.272	9.238E-3	-0.138
50.305	1.120E-2	-0.138
50.338	1.202E-2	-0.137
50.372	1.196E-2	-0.138
50.405	1.069E-2	-0.137
50.438	8.614E-3	-0.138
50.472	5.569E-3	-0.138
50.505	2.242E-3	-0.138
50.538	-1.309E-3	-0.138
50.572	-4.792E-3	-0.138
50.605	-7.729E-3	-0.137
50.638	-1.019E-2	-0.137
50.672	-1.170E-2	-0.138
50.705	-1.224E-2	-0.137
50.738	-1.173E-2	-0.136
50.772	-1.034E-2	-0.137
50.805	-8.178E-3	-0.138
50.838	-5.173E-3	-0.138
50.872	-1.817E-3	-0.138
50.905	1.752E-3	-0.138
50.938	5.079E-3	-0.138
50.972	8.081E-3	-0.137
51.005	1.056E-2	-0.137
51.038	1.181E-2	-0.137
51.072	1.177E-2	-0.136
51.105	1.099E-2	-0.136
51.138	9.438E-3	-0.138
51.172	6.853E-3	-0.138
51.205	3.548E-3	-0.138
51.238	1.305E-4	-0.138
51.272	-3.304E-3	-0.138
51.305	-6.518E-3	-0.138
51.338	-9.098E-3	-0.138
51.372	-1.111E-2	-0.137
51.405	-1.193E-2	-0.137
51.438	-1.190E-2	-0.137
51.472	-1.089E-2	-0.137
51.505	-9.073E-3	-0.136
51.538	-6.271E-3	-0.138
51.572	-2.968E-3	-0.138
51.605	3.705E-4	-0.138
51.639	3.689E-3	-0.138
51.672	6.952E-3	-0.138
51.705	9.449E-3	-0.137
51.739	1.118E-2	-0.138
51.772	1.184E-2	-0.138
51.805	1.146E-2	-0.138
51.839	1.006E-2	-0.138
51.872	7.799E-3	-0.138
51.905	4.778E-3	-0.138
51.939	1.434E-3	-0.138
51.972	-2.077E-3	-0.138
52.005	-5.423E-3	-0.138
52.039	-8.235E-3	-0.137
52.072	-1.040E-2	-0.138
52.105	-1.153E-2	-0.137
52.139	-1.186E-2	-0.137
52.172	-1.131E-2	-0.138
52.205	-9.648E-3	-0.138
52.239	-7.347E-3	-0.138
52.272	-4.362E-3	-0.138
52.305	-8.936E-4	-0.138
52.339	2.525E-3	-0.138
52.372	5.647E-3	-0.138
52.405	8.377E-3	-0.138
52.439	1.041E-2	-0.138
52.472	1.157E-2	-0.138
52.505	1.157E-2	-0.138
52.539	1.058E-2	-0.138
52.572	8.607E-3	-0.138
52.605	5.833E-3	-0.138
52.639	2.609E-3	-0.138
52.672	-7.841E-4	-0.138
52.705	-4.033E-3	-0.138
52.739	-7.078E-3	-0.138
52.772	-9.557E-3	-0.138
52.805	-1.107E-2	-0.137
52.839	-1.174E-2	-0.137
52.872	-1.134E-2	-0.137
52.905	-1.022E-2	-0.137
52.939	-8.254E-3	-0.137
52.972	-5.480E-3	-0.137
53.005	-2.350E-3	-0.137
53.039	1.115E-3	-0.137
53.072	4.292E-3	-0.137
53.105	7.284E-3	-0.137
53.139	9.495E-3	-0.136
53.172	1.083E-2	-0.136
53.205	1.140E-2	-0.137
53.239	1.084E-2	-0.137
53.272	9.213E-3	-0.136
53.305	6.949E-3	-0.137
53.339	3.715E-3	-0.137
53.372	6.063E-4	-0.137
53.405	-2.737E-3	-0.137
53.439	-5.757E-3	-0.137
53.472	-8.490E-3	-0.137
53.505	-1.041E-2	-0.138
53.539	-1.134E-2	-0.137
53.572	-1.134E-2	-0.136
53.605	-1.066E-2	-0.137
53.639	-8.944E-3	-0.137
53.672	-6.548E-3	-0.137
53.705	-3.520E-3	-0.137
53.739	-2.182E-4	-0.137
53.772	3.104E-3	-0.137
53.805	6.163E-3	-0.137
53.839	8.670E-3	-0.137
53.872	1.060E-2	-0.138
53.905	1.125E-2	-0.138
53.939	1.112E-2	-0.138
53.972	9.785E-3	-0.137
54.005	7.797E-3	-0.137
54.039	5.029E-3	-0.137
54.072	1.725E-3	-0.138
54.105	-1.569E-3	-0.137
54.139	-4.630E-3	-0.137
54.172	-7.437E-3	-0.137
54.205	-9.619E-3	-0.138
54.239	-1.087E-2	-0.138
54.272	-1.133E-2	-0.137
54.305	-1.084E-2	-0.137
54.339	-9.610E-3	-0.137
54.372	-7.399E-3	-0.137
54.405	-4.656E-3	-0.137
54.439	-1.538E-3	-0.137
54.472	1.736E-3	-0.137
54.505	4.846E-3	-0.137
54.539	7.566E-3	-0.137
54.572	9.743E-3	-0.137
54.605	1.083E-2	-0.137
54.639	1.110E-2	-0.137
54.672	1.029E-2	-0.137
54.705	8.599E-3	-0.137
54.739	6.128E-3	-0.137
54.772	3.091E-3	-0.138
54.805	-1.799E-4	-0.137
54.839	-3.256E-3	-0.137
54.872	-6.290E-3	-0.137
54.906	-8.812E-3	-0.137
54.939	-1.042E-2	-0.136
54.972	-1.122E-2	-0.137
55.006	-1.104E-2	-0.137
55.039	-1.007E-2	-0.138
55.072	-8.254E-3	-0.138
55.106	-5.551E-3	-0.138
55.139	-2.571E-3	-0.138
55.172	6.366E-4	-0.138
55.206	3.716E-3	-0.137
55.239	6.671E-3	-0.138
55.272	8.931E-3	-0.138
55.306	1.032E-2	-0.137
55.339	1.083E-2	-0.137
55.372	1.056E-2	-0.137
55.406	9.168E-3	-0.137
55.439	7.065E-3	-0.137
55.472	4.201E-3	-0.138
55.506	1.149E-3	-0.137
55.539	-2.116E-3	-0.137
55.572	-5.145E-3	-0.137
55.606	-7.723E-3	-0.137
55.639	-9.602E-3	-0.137
55.672	-1.073E-2	-0.137
55.706	-1.096E-2	-0.137
55.739	-1.039E-2	-0.137
55.772	-8.848E-3	-0.137
55.806	-6.598E-3	-0.138
55.839	-3.746E-3	-0.138
55.872	-7.274E-4	-0.137
55.906	2.544E-3	-0.138
55.939	5.558E-3	-0.137
55.972	8.042E-3	-0.137
56.006	9.958E-3	-0.138
56.039	1.063E-2	-0.137
56.072	1.060E-2	-0.137
56.106	9.519E-3	-0.137
56.139	7.787E-3	-0.137
56.172	5.164E-3	-0.138
56.206	2.066E-3	-0.137
56.239	-9.024E-4	-0.137
56.272	-4.087E-3	-0.137
56.306	-6.803E-3	-0.137
56.339	-8.967E-3	-0.137
56.372	-1.030E-2	-0.137
56.406	-1.082E-2	-0.137
56.439	-1.055E-2	-0.137
56.472	-9.422E-3	-0.137
56.506	-7.490E-3	-0.137
56.539	-4.886E-3	-0.137
56.572	-1.794E-3	-0.137
56.606	1.225E-3	-0.138
56.639	4.243E-3	-0.138
56.672	6.981E-3	-0.138
56.706	9.110E-3	-0.138
56.739	1.028E-2	-0.137
56.772	1.055E-2	-0.137
56.806	9.968E-3	-0.137
56.839	8.604E-3	-0.137
56.872	6.137E-3	-0.137
56.906	3.359E-3	-0.137
56.939	3.554E-4	-0.137
56.972	-2.747E-3	-0.137
57.006	-5.596E-3	-0.137
57.039	-7.974E-3	-0.137
57.072	-9.757E-3	-0.137
57.106	-1.060E-2	-0.137
57.139	-1.066E-2	-0.137
57.172	-9.782E-3	-0.137
57.206	-8.223E-3	-0.137
57.239	-5.718E-3	-0.137
57.272	-2.945E-3	-0.137
57.306	8.491E-5	-0.138
57.339	3.168E-3	-0.137
57.372	5.934E-3	-0.137
57.406	8.221E-3	-0.137
57.439	9.717E-3	-0.137
57.472	1.036E-2	-0.137
57.506	1.013E-2	-0.137
57.539	8.972E-3	-0.137
57.572	6.993E-3	-0.137
57.606	4.236E-3	-0.137
57.639	1.413E-3	-0.137
57.672	-1.595E-3	-0.137
57.706	-4.517E-3	-0.137
57.739	-7.100E-3	-0.137
57.772	-9.058E-3	-0.137
57.806	-1.019E-2	-0.137
57.839	-1.052E-2	-0.136
57.872	-9.990E-3	-0.137
57.906	-8.737E-3	-0.137
57.939	-6.751E-3	-0.137
57.972	-4.038E-3	-0.137
58.006	-1.081E-3	-0.137
58.039	2.001E-3	-0.137
58.072	4.845E-3	-0.137
58.106	7.288E-3	-0.137
58.139	9.173E-3	-0.137
58.172	1.008E-2	-0.137
58.206	1.008E-2	-0.137
58.239	9.249E-3	-0.137
58.273	7.568E-3	-0.137
58.306	5.281E-3	-0.137
58.339	2.360E-3	-0.137
58.373	-7.323E-4	-0.137
58.406	-3.496E-3	-0.137
58.439	-6.241E-3	-0.137
58.473	-8.443E-3	-0.138
58.506	-9.858E-3	-0.137
58.539	-1.047E-2	-0.137
58.573	-1.023E-2	-0.137
58.606	-9.282E-3	-0.137
58.639	-7.615E-3	-0.137
58.673	-5.207E-3	-0.137
58.706	-2.387E-3	-0.137
58.739	6.528E-4	-0.137
58.773	3.661E-3	-0.137
58.806	6.182E-3	-0.137
58.839	8.154E-3	-0.137
58.873	9.520E-3	-0.137
58.906	9.977E-3	-0.137
58.939	9.474E-3	-0.137
58.973	8.165E-3	-0.137
59.006	5.941E-3	-0.138
59.039	3.425E-3	-0.137
59.073	3.906E-4	-0.138
59.106	-2.443E-3	-0.138
59.139	-5.186E-3	-0.137
59.173	-7.452E-3	-0.138
59.206	-9.257E-3	-0.137
59.239	-1.013E-2	-0.136
59.273	-1.026E-2	-0.136
59.306	-9.608E-3	-0.137
59.339	-8.112E-3	-0.137
59.373	-5.927E-3	-0.137
59.406	-3.270E-3	-0.137
59.439	-4.151E-4	-0.137
59.473	2.540E-3	-0.137
59.506	5.125E-3	-0.137
59.539	7.369E-3	-0.137
59.573	9.007E-3	-0.137
59.606	9.773E-3	-0.137
59.639	9.589E-3	-0.137
59.673	8.646E-3	-0.137
59.706	6.966E-3	-0.137
59.739	4.574E-3	-0.138
59.773	1.746E-3	-0.138
59.806	-1.316E-3	-0.137
59.839	-4.112E-3	-0.137
59.873	-6.616E-3	-0.137
59.906	-8.556E-3	-0.137
59.939	-9.688E-3	-0.137
59.973	-1.015E-2	-0.137
60.006	-9.670E-3	-0.137
60.039	-8.517E-3	-0.137
60.073	-6.627E-3	-0.137
60.106	-4.151E-3	-0.137
60.139	-1.312E-3	-0.138
60.173	1.473E-3	-0.137
60.206	4.233E-3	-0.137
60.239	6.660E-3	-0.137
60.273	8.597E-3	-0.137
60.306	9.502E-3	-0.137
60.339	9.718E-3	-0.137
60.373	9.209E-3	-0.138
60.406	7.540E-3	-0.137
60.439	5.572E-3	-0.138
60.473	2.808E-3	-0.137
60.506	3.374E-5	-0.137
60.539	-2.915E-3	-0.137
60.573	-5.494E-3	-0.137
60.606	-7.649E-3	-0.137
60.639	-9.082E-3	-0.137
60.673	-9.866E-3	-0.137
60.706	-9.670E-3	-0.137
60.739	-8.842E-3	-0.137
60.773	-7.345E-3	-0.137
60.806	-4.942E-3	-0.137
60.839	-2.387E-3	-0.137
60.873	4.041E-4	-0.138
60.906	3.173E-3	-0.137
60.939	5.882E-3	-0.138
60.973	7.879E-3	-0.138
61.006	9.203E-3	-0.138
61.039	9.736E-3	-0.138
61.073	9.182E-3	-0.137
61.106	8.076E-3	-0.137
61.139	6.154E-3	-0.137
61.173	3.682E-3	-0.137
61.206	9.225E-4	-0.137
61.239	-1.860E-3	-0.137
61.273	-4.584E-3	-0.137
61.306	-6.864E-3	-0.137
61.339	-8.516E-3	-0.137
61.373	-9.551E-3	-0.137
61.406	-9.814E-3	-0.137
61.439	-9.130E-3	-0.136
61.473	-7.807E-3	-0.138
61.506	-5.803E-3	-0.137
61.539	-3.289E-3	-0.137
61.573	-6.951E-4	-0.137
61.606	2.236E-3	-0.138
61.640	4.775E-3	-0.137
61.673	6.982E-3	-0.137
61.706	8.624E-3	-0.137
61.740	9.444E-3	-0.138
61.773	9.487E-3	-0.138
61.806	8.600E-3	-0.138
61.840	6.770E-3	-0.137
61.873	4.612E-3	-0.138
61.906	1.982E-3	-0.137
61.940	-7.778E-4	-0.137
61.973	-3.501E-3	-0.137
62.006	-5.967E-3	-0.137
62.040	-7.928E-3	-0.137
62.073	-9.108E-3	-0.137
62.106	-9.557E-3	-0.137
62.140	-9.359E-3	-0.137
62.173	-8.256E-3	-0.137
62.206	-6.601E-3	-0.137
62.240	-4.320E-3	-0.137
62.273	-1.602E-3	-0.137
62.306	1.179E-3	-0.137
62.340	3.719E-3	-0.137
62.373	6.135E-3	-0.137
62.406	7.850E-3	-0.137
62.440	9.014E-3	-0.137
62.473	9.224E-3	-0.137
62.506	8.667E-3	-0.137
62.540	7.277E-3	-0.137
62.573	5.310E-3	-0.137
62.606	2.823E-3	-0.137
62.640	2.907E-4	-0.137
62.673	-2.456E-3	-0.137
62.706	-5.083E-3	-0.137
62.740	-7.147E-3	-0.137
62.773	-8.568E-3	-0.137
62.806	-9.346E-3	-0.137
62.840	-9.332E-3	-0.137
62.873	-8.550E-3	-0.137
62.906	-7.175E-3	-0.137
62.940	-4.963E-3	-0.137
62.973	-2.453E-3	-0.137
63.006	2.852E-4	-0.137
63.040	2.846E-3	-0.137
63.073	5.362E-3	-0.137
63.106	7.361E-3	-0.137
63.140	8.642E-3	-0.137
63.173	9.196E-3	-0.137
63.206	8.912E-3	-0.137
63.240	7.854E-3	-0.137
63.273	6.119E-3	-0.137
63.306	3.900E-3	-0.137
63.340	1.231E-3	-0.137
63.373	-1.372E-3	-0.137
63.406	-4.034E-3	-0.137
63.440	-6.299E-3	-0.137
63.473	-7.961E-3	-0.137
63.506	-9.007E-3	-0.137
63.540	-9.334E-3	-0.137
63.573	-8.804E-3	-0.137
63.606	-7.633E-3	-0.137
63.640	-5.717E-3	-0.137
63.673	-3.510E-3	-0.137
63.706	-9.714E-4	-0.137
63.740	1.751E-3	-0.137
63.773	4.254E-3	-0.137
63.806	6.460E-3	-0.137
63.840	8.087E-3	-0.138
63.873	8.876E-3	-0.137
63.906	8.886E-3	-0.137
63.940	8.099E-3	-0.137
63.973	6.694E-3	-0.137
64.006	4.514E-3	-0.137
64.040	2.037E-3	-0.137
64.073	-6.038E-4	-0.137
64.106	-3.206E-3	-0.137
64.140	-5.496E-3	-0.137
64.173	-7.419E-3	-0.137
64.206	-8.629E-3	-0.137
64.240	-9.111E-3	-0.137
64.273	-8.944E-3	-0.137
64.306	-8.018E-3	-0.137
64.340	-6.346E-3	-0.137
64.373	-4.262E-3	-0.137
64.406	-1.687E-3	-0.137
64.440	8.420E-4	-0.137
64.473	3.351E-3	-0.136
64.506	5.700E-3	-0.137
64.540	7.565E-3	-0.138
64.573	8.610E-3	-0.138
64.606	8.902E-3	-0.137
64.640	8.385E-3	-0.137
64.673	7.248E-3	-0.137
64.706	5.382E-3	-0.137
64.740	3.063E-3	-0.137
64.773	5.067E-4	-0.137
64.806	-2.129E-3	-0.137
64.840	-4.618E-3	-0.137
64.873	-6.622E-3	-0.137
64.907	-8.074E-3	-0.137
64.940	-8.946E-3	-0.138
64.973	-9.061E-3	-0.138
65.007	-8.226E-3	-0.138
65.040	-6.889E-3	-0.138
65.073	-4.919E-3	-0.138
65.107	-2.466E-3	-0.138
65.140	5.993E-5	-0.138
65.173	2.613E-3	-0.137
65.207	5.022E-3	-0.138
65.240	6.862E-3	-0.138
65.273	8.310E-3	-0.138
65.307	8.858E-3	-0.138
65.340	8.613E-3	-0.138
65.373	7.521E-3	-0.136
65.407	5.982E-3	-0.137
65.440	3.905E-3	-0.138
65.473	1.491E-3	-0.138
65.507	-1.159E-3	-0.138
65.540	-3.639E-3	-0.138
65.573	-5.765E-3	-0.138
65.607	-7.434E-3	-0.138
65.640	-8.475E-3	-0.138
65.673	-8.809E-3	-0.138
65.707	-8.438E-3	-0.138
65.740	-7.262E-3	-0.138
65.773	-5.494E-3	-0.138
65.807	-3.359E-3	-0.138
65.840	-8.580E-4	-0.138
65.873	1.604E-3	-0.138
65.907	4.007E-3	-0.138
65.940	6.118E-3	-0.138
65.973	7.691E-3	-0.138
66.007	8.672E-3	-0.138
66.040	8.656E-3	-0.137
66.073	7.985E-3	-0.138
66.107	6.584E-3	-0.138
66.140	4.620E-3	-0.137
66.173	2.383E-3	-0.138
66.207	-2.833E-4	-0.138
66.240	-2.687E-3	-0.138
66.273	-4.841E-3	-0.138
66.307	-6.814E-3	-0.136
66.340	-8.201E-3	-0.138
66.373	-8.719E-3	-0.137
66.407	-8.269E-3	-0.138
66.440	-7.646E-3	-0.138
66.473	-6.547E-3	-0.138
66.507	-4.289E-3	-0.138
66.540	-1.572E-3	-0.138
