	mass A		
t	x	y	
0.167	-5.971E-2	-0.130
0.200	-5.738E-2	-0.131
0.234	-5.097E-2	-0.133
0.267	-4.047E-2	-0.137
0.300	-2.678E-2	-0.140
0.334	-1.059E-2	-0.142
0.367	5.315E-3	-0.142
0.400	2.056E-2	-0.140
0.434	3.497E-2	-0.137
0.467	4.616E-2	-0.133
0.500	5.333E-2	-0.130
0.534	5.667E-2	-0.128
0.567	5.583E-2	-0.128
0.600	5.113E-2	-0.130
0.634	4.200E-2	-0.134
0.667	2.950E-2	-0.138
0.701	1.369E-2	-0.141
0.734	-2.554E-3	-0.142
0.767	-1.814E-2	-0.141
0.801	-3.232E-2	-0.138
0.834	-4.448E-2	-0.135
0.867	-5.389E-2	-0.132
0.901	-5.930E-2	-0.129
0.934	-6.023E-2	-0.129
0.967	-5.644E-2	-0.130
1.001	-4.846E-2	-0.134
1.034	-3.708E-2	-0.137
1.068	-2.259E-2	-0.140
1.101	-5.042E-3	-0.142
1.134	1.083E-2	-0.141
1.168	2.594E-2	-0.139
1.201	3.923E-2	-0.136
1.234	4.921E-2	-0.132
1.268	5.508E-2	-0.129
1.301	5.705E-2	-0.128
1.334	5.507E-2	-0.129
1.368	4.900E-2	-0.132
1.401	3.862E-2	-0.135
1.435	2.534E-2	-0.139
1.468	9.504E-3	-0.141
1.501	-5.652E-3	-0.142
1.535	-2.205E-2	-0.140
1.568	-3.619E-2	-0.137
1.601	-4.683E-2	-0.134
1.635	-5.446E-2	-0.131
1.668	-5.795E-2	-0.129
1.701	-5.726E-2	-0.130
1.735	-5.258E-2	-0.132
1.768	-4.376E-2	-0.135
1.801	-3.123E-2	-0.139
1.835	-1.569E-2	-0.141
1.868	7.575E-4	-0.142
1.902	1.535E-2	-0.141
1.935	3.029E-2	-0.138
1.968	4.249E-2	-0.135
2.002	5.150E-2	-0.131
2.035	5.614E-2	-0.129
2.068	5.672E-2	-0.129
2.102	5.355E-2	-0.130
2.135	4.578E-2	-0.133
2.168	3.523E-2	-0.137
2.202	2.050E-2	-0.140
2.235	4.405E-3	-0.142
2.269	-1.088E-2	-0.142
2.302	-2.671E-2	-0.140
2.335	-3.971E-2	-0.136
2.369	-4.999E-2	-0.133
2.402	-5.615E-2	-0.130
2.435	-5.852E-2	-0.129
2.469	-5.628E-2	-0.130
2.502	-5.017E-2	-0.133
2.535	-3.987E-2	-0.136
2.569	-2.684E-2	-0.140
2.602	-1.081E-2	-0.142
2.635	4.972E-3	-0.142
2.669	2.088E-2	-0.140
2.702	3.502E-2	-0.137
2.736	4.570E-2	-0.133
2.769	5.271E-2	-0.130
2.802	5.619E-2	-0.129
2.836	5.561E-2	-0.129
2.869	5.084E-2	-0.131
2.902	4.210E-2	-0.134
2.936	3.070E-2	-0.138
2.969	1.543E-2	-0.141
3.002	-7.033E-4	-0.142
3.036	-1.611E-2	-0.141
3.069	-3.081E-2	-0.139
3.103	-4.314E-2	-0.135
3.136	-5.219E-2	-0.132
3.169	-5.623E-2	-0.130
3.203	-5.729E-2	-0.129
3.236	-5.386E-2	-0.131
3.269	-4.626E-2	-0.134
3.303	-3.509E-2	-0.138
3.336	-2.162E-2	-0.140
3.369	-4.519E-3	-0.142
3.403	1.097E-2	-0.141
3.436	2.543E-2	-0.139
3.469	3.855E-2	-0.136
3.503	4.794E-2	-0.132
3.536	5.431E-2	-0.129
3.570	5.611E-2	-0.128
3.603	5.434E-2	-0.129
3.636	4.851E-2	-0.132
3.670	3.850E-2	-0.136
3.703	2.530E-2	-0.139
3.736	1.006E-2	-0.141
3.770	-5.383E-3	-0.142
3.803	-2.172E-2	-0.140
3.836	-3.520E-2	-0.137
3.870	-4.639E-2	-0.134
3.903	-5.363E-2	-0.131
3.937	-5.676E-2	-0.129
3.970	-5.605E-2	-0.130
4.003	-5.157E-2	-0.132
4.037	-4.273E-2	-0.135
4.070	-3.072E-2	-0.138
4.103	-1.520E-2	-0.141
4.137	8.553E-4	-0.142
4.170	1.560E-2	-0.141
4.203	2.975E-2	-0.138
4.237	4.214E-2	-0.134
4.270	5.060E-2	-0.131
4.304	5.518E-2	-0.129
4.337	5.544E-2	-0.129
4.370	5.239E-2	-0.130
4.404	4.514E-2	-0.133
4.437	3.403E-2	-0.137
4.470	1.974E-2	-0.140
4.504	4.474E-3	-0.142
4.537	-1.102E-2	-0.141
4.570	-2.677E-2	-0.139
4.604	-3.926E-2	-0.136
4.637	-4.904E-2	-0.133
4.670	-5.426E-2	-0.131
4.704	-5.629E-2	-0.130
4.737	-5.437E-2	-0.131
4.771	-4.847E-2	-0.133
4.804	-3.856E-2	-0.137
4.837	-2.546E-2	-0.140
4.871	-9.703E-3	-0.142
4.904	6.003E-3	-0.142
4.937	2.040E-2	-0.140
4.971	3.360E-2	-0.137
5.004	4.466E-2	-0.134
5.037	5.183E-2	-0.130
5.071	5.489E-2	-0.129
5.104	5.415E-2	-0.129
5.138	4.935E-2	-0.131
5.171	4.062E-2	-0.135
5.204	2.865E-2	-0.138
5.238	1.399E-2	-0.141
5.271	-1.334E-3	-0.142
5.304	-1.684E-2	-0.141
5.338	-3.094E-2	-0.139
5.371	-4.280E-2	-0.136
5.404	-5.149E-2	-0.133
5.438	-5.615E-2	-0.131
5.471	-5.667E-2	-0.131
5.504	-5.330E-2	-0.132
5.538	-4.572E-2	-0.135
5.571	-3.470E-2	-0.138
5.605	-2.017E-2	-0.141
5.638	-4.507E-3	-0.142
5.671	1.121E-2	-0.142
5.705	2.512E-2	-0.140
5.738	3.789E-2	-0.136
5.771	4.720E-2	-0.133
5.805	5.273E-2	-0.130
5.838	5.440E-2	-0.129
5.871	5.249E-2	-0.130
5.905	4.624E-2	-0.133
5.938	3.664E-2	-0.136
5.972	2.370E-2	-0.140
6.005	8.411E-3	-0.142
6.038	-6.898E-3	-0.142
6.072	-2.244E-2	-0.140
6.105	-3.519E-2	-0.138
6.138	-4.590E-2	-0.135
6.172	-5.317E-2	-0.132
6.205	-5.620E-2	-0.131
6.238	-5.513E-2	-0.131
6.272	-5.032E-2	-0.133
6.305	-4.144E-2	-0.136
6.338	-2.914E-2	-0.139
6.372	-1.453E-2	-0.142
6.405	1.441E-3	-0.142
6.439	1.639E-2	-0.141
6.472	2.992E-2	-0.138
6.505	4.118E-2	-0.135
6.539	4.937E-2	-0.132
6.572	5.362E-2	-0.130
6.605	5.401E-2	-0.130
6.639	5.047E-2	-0.132
6.672	4.289E-2	-0.135
6.705	3.222E-2	-0.138
6.739	1.855E-2	-0.141
6.772	3.282E-3	-0.142
6.806	-1.213E-2	-0.142
6.839	-2.661E-2	-0.140
6.872	-3.904E-2	-0.137
6.906	-4.879E-2	-0.134
6.939	-5.474E-2	-0.131
6.972	-5.661E-2	-0.131
7.006	-5.370E-2	-0.132
7.039	-4.737E-2	-0.134
7.072	-3.742E-2	-0.137
7.106	-2.406E-2	-0.140
7.139	-8.955E-3	-0.142
7.173	7.519E-3	-0.142
7.206	2.101E-2	-0.140
7.239	3.385E-2	-0.138
7.273	4.434E-2	-0.134
7.306	5.077E-2	-0.132
7.339	5.394E-2	-0.131
7.373	5.260E-2	-0.131
7.406	4.777E-2	-0.133
7.439	3.901E-2	-0.136
7.473	2.718E-2	-0.139
7.506	1.252E-2	-0.142
7.539	-2.058E-3	-0.142
7.573	-1.774E-2	-0.141
7.606	-3.111E-2	-0.139
7.640	-4.223E-2	-0.136
7.673	-5.039E-2	-0.133
7.706	-5.430E-2	-0.132
7.740	-5.454E-2	-0.132
7.773	-5.084E-2	-0.133
7.806	-4.316E-2	-0.136
7.840	-3.203E-2	-0.139
7.873	-1.798E-2	-0.141
7.906	-2.609E-3	-0.142
7.940	1.257E-2	-0.142
7.973	2.601E-2	-0.140
8.007	3.781E-2	-0.137
8.040	4.689E-2	-0.133
8.073	5.235E-2	-0.132
8.107	5.349E-2	-0.131
8.140	5.110E-2	-0.132
8.173	4.459E-2	-0.135
8.207	3.470E-2	-0.137
8.240	2.205E-2	-0.141
8.273	7.304E-3	-0.142
8.307	-8.447E-3	-0.142
8.340	-2.277E-2	-0.141
8.373	-3.511E-2	-0.138
8.407	-4.515E-2	-0.135
8.440	-5.151E-2	-0.133
8.474	-5.430E-2	-0.132
8.507	-5.281E-2	-0.133
8.540	-4.767E-2	-0.135
8.574	-3.865E-2	-0.137
8.607	-2.632E-2	-0.140
8.640	-1.182E-2	-0.142
8.674	3.729E-3	-0.143
8.707	1.851E-2	-0.141
8.740	3.059E-2	-0.139
8.774	4.192E-2	-0.136
8.807	4.954E-2	-0.133
8.841	5.311E-2	-0.132
8.874	5.311E-2	-0.132
8.907	4.913E-2	-0.133
8.941	4.137E-2	-0.136
8.974	3.011E-2	-0.139
9.007	1.653E-2	-0.142
9.041	1.694E-3	-0.143
9.074	-1.328E-2	-0.142
9.107	-2.744E-2	-0.140
9.141	-3.884E-2	-0.138
9.174	-4.771E-2	-0.135
9.207	-5.269E-2	-0.133
9.241	-5.387E-2	-0.133
9.274	-5.098E-2	-0.134
9.308	-4.430E-2	-0.136
9.341	-3.399E-2	-0.139
9.374	-2.042E-2	-0.141
9.408	-5.642E-3	-0.143
9.441	8.955E-3	-0.143
9.474	2.264E-2	-0.141
9.508	3.472E-2	-0.138
9.541	4.454E-2	-0.135
9.574	4.996E-2	-0.133
9.608	5.283E-2	-0.132
9.641	5.120E-2	-0.133
9.675	4.569E-2	-0.135
9.708	3.684E-2	-0.137
9.741	2.443E-2	-0.141
9.775	1.037E-2	-0.142
9.808	-4.293E-3	-0.143
9.841	-1.914E-2	-0.142
9.875	-3.196E-2	-0.139
9.908	-4.273E-2	-0.137
9.941	-4.974E-2	-0.134
9.975	-5.320E-2	-0.133
10.008	-5.321E-2	-0.133
10.042	-4.872E-2	-0.135
10.075	-4.064E-2	-0.137
10.108	-2.936E-2	-0.140
10.142	-1.508E-2	-0.142
10.175	5.461E-6	-0.142
10.208	1.403E-2	-0.142
10.242	2.705E-2	-0.140
