	mass A		
t	x	y	
1.902	-3.914E-2	-0.176
1.935	-3.907E-2	-0.176
1.968	-3.855E-2	-0.176
2.002	-3.612E-2	-0.175
2.035	-3.203E-2	-0.176
2.068	-2.539E-2	-0.177
2.102	-1.658E-2	-0.179
2.135	-6.314E-3	-0.179
2.169	4.542E-3	-0.179
2.202	1.556E-2	-0.179
2.235	2.480E-2	-0.178
2.269	3.201E-2	-0.176
2.302	3.662E-2	-0.176
2.335	3.854E-2	-0.175
2.369	3.720E-2	-0.175
2.402	3.330E-2	-0.176
2.435	2.631E-2	-0.178
2.469	1.774E-2	-0.179
2.502	7.376E-3	-0.179
2.536	-3.893E-3	-0.179
2.569	-1.455E-2	-0.179
2.602	-2.418E-2	-0.177
2.636	-3.161E-2	-0.176
2.669	-3.633E-2	-0.176
2.702	-3.868E-2	-0.175
2.736	-3.784E-2	-0.175
2.769	-3.337E-2	-0.176
2.802	-2.674E-2	-0.177
2.836	-1.782E-2	-0.179
2.869	-7.638E-3	-0.179
2.903	3.123E-3	-0.179
2.936	1.404E-2	-0.179
2.969	2.301E-2	-0.178
3.003	3.052E-2	-0.177
3.036	3.571E-2	-0.176
3.069	3.784E-2	-0.175
3.103	3.690E-2	-0.175
3.136	3.338E-2	-0.176
3.169	2.706E-2	-0.177
3.203	1.884E-2	-0.178
3.236	8.270E-3	-0.179
3.269	-2.690E-3	-0.179
3.303	-1.339E-2	-0.179
3.336	-2.226E-2	-0.178
3.370	-2.989E-2	-0.177
3.403	-3.559E-2	-0.176
3.436	-3.804E-2	-0.175
3.470	-3.764E-2	-0.175
3.503	-3.413E-2	-0.176
3.536	-2.784E-2	-0.177
3.570	-1.940E-2	-0.178
3.603	-8.980E-3	-0.179
3.636	1.798E-3	-0.179
3.670	1.241E-2	-0.179
3.703	2.159E-2	-0.178
3.737	2.954E-2	-0.177
3.770	3.504E-2	-0.176
3.803	3.731E-2	-0.175
3.837	3.693E-2	-0.175
3.870	3.369E-2	-0.176
3.903	2.788E-2	-0.177
3.937	1.994E-2	-0.178
3.970	9.588E-3	-0.179
4.003	-1.312E-3	-0.179
4.037	-1.197E-2	-0.179
4.070	-2.126E-2	-0.178
4.104	-2.923E-2	-0.177
4.137	-3.503E-2	-0.176
4.170	-3.772E-2	-0.175
4.204	-3.762E-2	-0.175
4.237	-3.454E-2	-0.176
4.270	-2.868E-2	-0.177
4.304	-2.042E-2	-0.178
4.337	-1.011E-2	-0.179
4.370	2.376E-4	-0.179
4.404	1.113E-2	-0.179
4.437	2.045E-2	-0.178
4.471	2.863E-2	-0.177
4.504	3.399E-2	-0.176
4.537	3.677E-2	-0.175
4.571	3.676E-2	-0.175
4.604	3.422E-2	-0.176
4.637	2.854E-2	-0.177
4.671	2.049E-2	-0.178
4.704	1.102E-2	-0.179
4.737	2.148E-4	-0.179
4.771	-1.013E-2	-0.179
4.804	-2.026E-2	-0.178
4.838	-2.854E-2	-0.177
4.871	-3.454E-2	-0.176
4.904	-3.737E-2	-0.175
4.938	-3.767E-2	-0.175
4.971	-3.489E-2	-0.176
5.004	-2.918E-2	-0.177
5.038	-2.103E-2	-0.178
5.071	-1.130E-2	-0.179
5.104	-1.222E-3	-0.179
5.138	9.254E-3	-0.179
5.171	1.950E-2	-0.178
5.205	2.738E-2	-0.177
5.238	3.325E-2	-0.176
5.271	3.651E-2	-0.176
5.305	3.708E-2	-0.176
5.338	3.456E-2	-0.176
5.371	2.930E-2	-0.177
5.405	2.162E-2	-0.178
5.438	1.202E-2	-0.179
5.471	1.755E-3	-0.179
5.505	-8.841E-3	-0.179
5.538	-1.848E-2	-0.179
5.571	-2.684E-2	-0.177
5.605	-3.286E-2	-0.176
5.638	-3.646E-2	-0.176
5.672	-3.679E-2	-0.175
5.705	-3.449E-2	-0.176
5.738	-2.967E-2	-0.177
5.772	-2.210E-2	-0.178
5.805	-1.243E-2	-0.179
5.838	-2.115E-3	-0.180
5.872	8.002E-3	-0.179
5.905	1.811E-2	-0.179
5.938	2.619E-2	-0.177
5.972	3.224E-2	-0.176
6.005	3.583E-2	-0.176
6.039	3.685E-2	-0.176
6.072	3.456E-2	-0.176
6.105	2.986E-2	-0.177
6.139	2.227E-2	-0.178
6.172	1.334E-2	-0.179
6.205	2.936E-3	-0.179
6.239	-7.531E-3	-0.179
6.272	-1.721E-2	-0.179
6.305	-2.590E-2	-0.177
6.339	-3.228E-2	-0.176
6.372	-3.593E-2	-0.176
6.406	-3.657E-2	-0.176
6.439	-3.516E-2	-0.176
6.472	-2.993E-2	-0.177
6.506	-2.276E-2	-0.178
6.539	-1.408E-2	-0.179
6.572	-3.862E-3	-0.179
6.606	6.991E-3	-0.179
6.639	1.680E-2	-0.178
6.672	2.491E-2	-0.178
6.706	3.132E-2	-0.177
6.739	3.547E-2	-0.176
6.773	3.653E-2	-0.176
6.806	3.462E-2	-0.176
6.839	3.010E-2	-0.177
6.873	2.304E-2	-0.178
6.906	1.459E-2	-0.179
6.939	4.192E-3	-0.179
6.973	-6.195E-3	-0.179
7.006	-1.613E-2	-0.179
7.039	-2.480E-2	-0.177
7.073	-3.163E-2	-0.176
7.106	-3.567E-2	-0.176
7.140	-3.641E-2	-0.175
7.173	-3.513E-2	-0.176
7.206	-3.028E-2	-0.177
7.240	-2.343E-2	-0.178
7.273	-1.502E-2	-0.179
7.306	-4.917E-3	-0.179
7.340	5.420E-3	-0.179
7.373	1.538E-2	-0.179
7.406	2.400E-2	-0.178
7.440	3.055E-2	-0.177
7.473	3.471E-2	-0.176
7.507	3.597E-2	-0.176
7.540	3.459E-2	-0.176
7.573	3.047E-2	-0.177
7.607	2.391E-2	-0.178
7.640	1.542E-2	-0.179
7.673	5.143E-3	-0.179
7.707	-5.026E-3	-0.179
7.740	-1.500E-2	-0.179
7.773	-2.393E-2	-0.177
7.807	-3.033E-2	-0.177
7.840	-3.516E-2	-0.176
7.873	-3.633E-2	-0.175
7.907	-3.522E-2	-0.176
7.940	-3.087E-2	-0.177
7.974	-2.478E-2	-0.177
8.007	-1.600E-2	-0.179
8.040	-6.188E-3	-0.179
8.074	4.080E-3	-0.179
8.107	1.432E-2	-0.179
8.140	2.247E-2	-0.178
8.174	2.973E-2	-0.177
8.207	3.404E-2	-0.176
8.240	3.584E-2	-0.176
8.274	3.465E-2	-0.176
8.307	3.094E-2	-0.177
8.341	2.501E-2	-0.178
8.374	1.638E-2	-0.179
8.407	6.769E-3	-0.179
8.441	-3.577E-3	-0.179
8.474	-1.340E-2	-0.179
8.507	-2.190E-2	-0.178
8.541	-2.940E-2	-0.177
8.574	-3.449E-2	-0.176
8.607	-3.582E-2	-0.175
8.641	-3.530E-2	-0.176
8.674	-3.189E-2	-0.176
8.708	-2.548E-2	-0.177
8.741	-1.686E-2	-0.179
8.774	-7.501E-3	-0.179
8.808	2.601E-3	-0.179
8.841	1.271E-2	-0.179
8.874	2.133E-2	-0.178
8.908	2.865E-2	-0.177
8.941	3.327E-2	-0.176
8.974	3.541E-2	-0.176
9.008	3.472E-2	-0.176
9.041	3.132E-2	-0.176
9.075	2.553E-2	-0.178
9.108	1.770E-2	-0.178
9.141	8.067E-3	-0.179
9.175	-2.172E-3	-0.179
9.208	-1.185E-2	-0.179
9.241	-2.101E-2	-0.178
9.275	-2.869E-2	-0.177
9.308	-3.316E-2	-0.176
9.341	-3.574E-2	-0.176
9.375	-3.538E-2	-0.176
9.408	-3.199E-2	-0.176
9.442	-2.589E-2	-0.177
9.475	-1.774E-2	-0.179
9.508	-8.704E-3	-0.179
9.542	9.610E-4	-0.179
9.575	1.138E-2	-0.179
9.608	2.043E-2	-0.178
9.642	2.745E-2	-0.177
9.675	3.257E-2	-0.176
9.708	3.517E-2	-0.176
9.742	3.468E-2	-0.176
9.775	3.185E-2	-0.176
9.808	2.615E-2	-0.178
9.842	1.854E-2	-0.178
9.875	9.398E-3	-0.179
9.909	-8.737E-4	-0.179
9.942	-1.058E-2	-0.179
9.975	-2.026E-2	-0.178
10.009	-2.760E-2	-0.177
10.042	-3.257E-2	-0.176
10.075	-3.526E-2	-0.176
10.109	-3.523E-2	-0.176
10.142	-3.215E-2	-0.176
10.175	-2.688E-2	-0.177
10.209	-1.922E-2	-0.178
10.242	-9.874E-3	-0.179
10.276	-2.147E-4	-0.179
10.309	1.008E-2	-0.179
10.342	1.916E-2	-0.178
10.376	2.627E-2	-0.177
10.409	3.185E-2	-0.176
10.442	3.458E-2	-0.176
10.476	3.462E-2	-0.176
10.509	3.198E-2	-0.176
10.542	2.674E-2	-0.177
10.576	1.922E-2	-0.178
10.609	1.027E-2	-0.179
10.643	3.639E-4	-0.179
10.676	-9.389E-3	-0.179
10.709	-1.900E-2	-0.178
10.743	-2.673E-2	-0.177
10.776	-3.194E-2	-0.176
10.809	-3.513E-2	-0.175
10.843	-3.522E-2	-0.175
10.876	-3.257E-2	-0.176
10.909	-2.755E-2	-0.177
10.943	-2.028E-2	-0.178
10.976	-1.125E-2	-0.179
11.010	-1.496E-3	-0.179
11.043	8.752E-3	-0.179
11.076	1.777E-2	-0.178
11.110	2.543E-2	-0.178
11.143	3.079E-2	-0.177
11.176	3.397E-2	-0.176
11.210	3.448E-2	-0.176
11.243	3.207E-2	-0.176
11.276	2.733E-2	-0.177
11.310	1.984E-2	-0.178
11.343	1.146E-2	-0.179
11.377	1.534E-3	-0.179
11.410	-8.017E-3	-0.179
11.443	-1.784E-2	-0.178
11.477	-2.540E-2	-0.177
11.510	-3.138E-2	-0.176
11.543	-3.461E-2	-0.176
11.577	-3.517E-2	-0.176
11.610	-3.328E-2	-0.176
11.643	-2.815E-2	-0.177
11.677	-2.097E-2	-0.178
11.710	-1.246E-2	-0.179
11.744	-2.782E-3	-0.179
11.777	7.365E-3	-0.179
11.810	1.642E-2	-0.178
11.844	2.428E-2	-0.178
11.877	2.994E-2	-0.177
11.910	3.336E-2	-0.176
11.944	3.397E-2	-0.176
11.977	3.209E-2	-0.176
12.010	2.752E-2	-0.177
12.044	2.050E-2	-0.178
12.077	1.256E-2	-0.179
12.110	2.587E-3	-0.179
12.144	-6.884E-3	-0.179
12.177	-1.696E-2	-0.178
12.211	-2.449E-2	-0.177
12.244	-3.073E-2	-0.176
12.277	-3.412E-2	-0.176
12.311	-3.470E-2	-0.176
12.344	-3.275E-2	-0.176
12.377	-2.847E-2	-0.177
12.411	-2.145E-2	-0.178
12.444	-1.318E-2	-0.179
12.477	-3.950E-3	-0.179
12.511	6.165E-3	-0.179
12.544	1.515E-2	-0.179
12.578	2.341E-2	-0.178
12.611	2.940E-2	-0.177
12.644	3.317E-2	-0.176
12.678	3.399E-2	-0.176
12.711	3.254E-2	-0.176
12.744	2.819E-2	-0.177
12.778	2.167E-2	-0.178
12.811	1.335E-2	-0.179
12.844	4.079E-3	-0.179
12.878	-5.594E-3	-0.179
12.911	-1.508E-2	-0.179
12.945	-2.285E-2	-0.178
12.978	-2.938E-2	-0.177
13.011	-3.321E-2	-0.176
13.045	-3.466E-2	-0.176
13.078	-3.278E-2	-0.176
13.111	-2.882E-2	-0.177
13.145	-2.178E-2	-0.178
13.178	-1.405E-2	-0.179
13.211	-4.820E-3	-0.179
13.245	4.905E-3	-0.179
13.278	1.441E-2	-0.179
13.312	2.233E-2	-0.178
13.345	2.876E-2	-0.177
13.378	3.257E-2	-0.176
13.412	3.392E-2	-0.176
13.445	3.260E-2	-0.176
13.478	2.887E-2	-0.177
13.512	2.233E-2	-0.178
13.545	1.462E-2	-0.179
13.578	5.394E-3	-0.179
13.612	-4.609E-3	-0.179
13.645	-1.386E-2	-0.179
13.679	-2.175E-2	-0.178
13.712	-2.863E-2	-0.177
13.745	-3.258E-2	-0.176
13.779	-3.438E-2	-0.176
13.812	-3.276E-2	-0.176
13.845	-2.890E-2	-0.177
13.879	-2.246E-2	-0.178
13.912	-1.495E-2	-0.179
13.945	-5.667E-3	-0.179
13.979	3.774E-3	-0.179
14.012	1.341E-2	-0.179
14.045	2.111E-2	-0.178
14.079	2.770E-2	-0.177
14.112	3.196E-2	-0.176
14.146	3.344E-2	-0.176
14.179	3.255E-2	-0.176
14.212	2.883E-2	-0.177
14.246	2.297E-2	-0.178
14.279	1.533E-2	-0.179
14.312	6.098E-3	-0.179
14.346	-3.507E-3	-0.179
14.379	-1.281E-2	-0.179
14.412	-2.092E-2	-0.178
14.446	-2.794E-2	-0.177
14.479	-3.214E-2	-0.176
14.513	-3.407E-2	-0.176
14.546	-3.333E-2	-0.176
14.579	-2.933E-2	-0.177
14.613	-2.369E-2	-0.177
14.646	-1.577E-2	-0.179
14.679	-6.640E-3	-0.179
14.713	2.492E-3	-0.179
14.746	1.207E-2	-0.179
14.779	2.032E-2	-0.178
14.813	2.683E-2	-0.177
14.846	3.128E-2	-0.177
14.880	3.322E-2	-0.176
14.913	3.257E-2	-0.176
14.946	2.937E-2	-0.177
14.980	2.364E-2	-0.178
15.013	1.597E-2	-0.179
15.046	7.320E-3	-0.179
15.080	-2.281E-3	-0.179
15.113	-1.121E-2	-0.179
15.146	-2.022E-2	-0.178
15.180	-2.634E-2	-0.177
15.213	-3.067E-2	-0.177
15.247	-3.282E-2	-0.176
15.280	-3.262E-2	-0.176
15.313	-2.943E-2	-0.177
15.347	-2.350E-2	-0.178
15.380	-1.634E-2	-0.179
15.413	-7.650E-3	-0.179
15.447	1.638E-3	-0.179
15.480	1.094E-2	-0.179
15.513	1.927E-2	-0.178
15.547	2.597E-2	-0.178
15.580	3.068E-2	-0.177
15.614	3.275E-2	-0.176
15.647	3.239E-2	-0.176
15.680	2.944E-2	-0.177
15.714	2.408E-2	-0.178
15.747	1.681E-2	-0.179
15.780	8.265E-3	-0.179
15.814	-1.182E-3	-0.179
15.847	-1.026E-2	-0.179
15.880	-1.861E-2	-0.179
15.914	-2.582E-2	-0.177
15.947	-3.049E-2	-0.177
15.981	-3.290E-2	-0.176
16.014	-3.275E-2	-0.176
16.047	-2.981E-2	-0.177
16.081	-2.473E-2	-0.177
16.114	-1.699E-2	-0.179
16.147	-8.444E-3	-0.179
16.181	5.742E-4	-0.179
16.214	9.809E-3	-0.179
16.247	1.814E-2	-0.178
16.281	2.510E-2	-0.178
16.314	3.002E-2	-0.177
16.347	3.243E-2	-0.176
16.381	3.218E-2	-0.176
16.414	2.968E-2	-0.177
16.448	2.456E-2	-0.178
16.481	1.760E-2	-0.178
16.514	9.115E-3	-0.179
16.548	-1.215E-4	-0.179
16.581	-9.166E-3	-0.179
16.614	-1.755E-2	-0.179
16.648	-2.513E-2	-0.177
16.681	-2.982E-2	-0.177
16.714	-3.251E-2	-0.176
16.748	-3.261E-2	-0.176
16.781	-2.983E-2	-0.177
16.815	-2.513E-2	-0.177
16.848	-1.847E-2	-0.178
16.881	-9.519E-3	-0.179
16.915	-6.563E-4	-0.179
16.948	8.998E-3	-0.179
16.981	1.744E-2	-0.178
17.015	2.440E-2	-0.178
17.048	2.955E-2	-0.177
17.081	3.199E-2	-0.176
17.115	3.213E-2	-0.176
17.148	2.976E-2	-0.177
17.182	2.492E-2	-0.178
17.215	1.824E-2	-0.178
17.248	9.950E-3	-0.179
17.282	6.308E-4	-0.179
17.315	-8.311E-3	-0.179
17.348	-1.676E-2	-0.179
17.382	-2.432E-2	-0.177
17.415	-2.932E-2	-0.177
17.448	-3.222E-2	-0.176
17.482	-3.244E-2	-0.176
17.515	-2.990E-2	-0.177
17.549	-2.535E-2	-0.177
17.582	-1.890E-2	-0.178
17.615	-1.006E-2	-0.179
17.649	-1.250E-3	-0.179
17.682	7.799E-3	-0.179
17.715	1.618E-2	-0.179
17.749	2.350E-2	-0.178
17.782	2.872E-2	-0.177
17.815	3.170E-2	-0.176
17.849	3.202E-2	-0.176
17.882	2.994E-2	-0.177
17.916	2.549E-2	-0.178
17.949	1.898E-2	-0.178
17.982	1.091E-2	-0.179
18.016	1.670E-3	-0.179
18.049	-7.319E-3	-0.179
18.082	-1.584E-2	-0.179
18.116	-2.291E-2	-0.178
18.149	-2.874E-2	-0.177
18.182	-3.198E-2	-0.176
18.216	-3.231E-2	-0.176
18.249	-3.000E-2	-0.177
18.283	-2.570E-2	-0.177
18.316	-1.958E-2	-0.178
18.349	-1.073E-2	-0.179
18.383	-2.233E-3	-0.179
18.416	6.806E-3	-0.179
18.449	1.517E-2	-0.179
18.483	2.243E-2	-0.178
18.516	2.808E-2	-0.177
18.549	3.083E-2	-0.176
18.583	3.149E-2	-0.176
18.616	2.947E-2	-0.177
18.649	2.551E-2	-0.177
18.683	1.902E-2	-0.178
18.716	1.126E-2	-0.179
18.750	2.353E-3	-0.179
18.783	-6.455E-3	-0.179
18.816	-1.509E-2	-0.179
18.850	-2.232E-2	-0.178
18.883	-2.822E-2	-0.177
18.916	-3.150E-2	-0.176
18.950	-3.210E-2	-0.176
18.983	-3.005E-2	-0.177
19.016	-2.584E-2	-0.177
19.050	-1.986E-2	-0.178
19.083	-1.139E-2	-0.179
19.117	-3.034E-3	-0.179
19.150	5.868E-3	-0.179
19.183	1.453E-2	-0.179
19.217	2.178E-2	-0.178
19.250	2.731E-2	-0.177
19.283	3.058E-2	-0.177
19.317	3.150E-2	-0.176
19.350	2.996E-2	-0.177
19.383	2.604E-2	-0.177
19.417	1.974E-2	-0.178
19.450	1.206E-2	-0.179
19.484	3.521E-3	-0.179
19.517	-5.500E-3	-0.179
19.550	-1.399E-2	-0.179
19.584	-2.143E-2	-0.178
19.617	-2.748E-2	-0.177
19.650	-3.096E-2	-0.176
19.684	-3.193E-2	-0.176
19.717	-3.008E-2	-0.177
19.750	-2.616E-2	-0.177
19.784	-2.038E-2	-0.178
19.817	-1.265E-2	-0.179
19.851	-4.098E-3	-0.179
19.884	4.849E-3	-0.179
19.917	1.383E-2	-0.179
19.951	2.101E-2	-0.178
19.984	2.631E-2	-0.177
20.017	3.005E-2	-0.177
20.051	3.135E-2	-0.176
20.084	3.000E-2	-0.177
20.117	2.616E-2	-0.177
20.151	2.039E-2	-0.178
20.184	1.274E-2	-0.179
20.218	4.276E-3	-0.179
20.251	-4.699E-3	-0.179
20.284	-1.329E-2	-0.179
20.318	-2.053E-2	-0.178
20.351	-2.681E-2	-0.177
20.384	-3.063E-2	-0.176
20.418	-3.185E-2	-0.176
20.451	-3.069E-2	-0.176
20.484	-2.697E-2	-0.177
20.518	-2.094E-2	-0.178
20.551	-1.358E-2	-0.179
20.584	-4.882E-3	-0.179
20.618	4.130E-3	-0.179
20.651	1.266E-2	-0.179
20.685	2.027E-2	-0.178
20.718	2.572E-2	-0.178
20.751	2.960E-2	-0.177
20.785	3.100E-2	-0.177
20.818	3.005E-2	-0.177
20.851	2.645E-2	-0.177
20.885	2.106E-2	-0.178
20.918	1.393E-2	-0.179
20.951	5.460E-3	-0.180
20.985	-3.505E-3	-0.180
21.018	-1.194E-2	-0.179
21.052	-1.977E-2	-0.178
21.085	-2.566E-2	-0.177
21.118	-2.959E-2	-0.177
21.152	-3.080E-2	-0.177
21.185	-3.003E-2	-0.177
21.218	-2.660E-2	-0.177
21.252	-2.127E-2	-0.178
21.285	-1.431E-2	-0.179
21.318	-5.749E-3	-0.179
21.352	3.062E-3	-0.179
21.385	1.184E-2	-0.179
21.419	1.909E-2	-0.178
21.452	2.503E-2	-0.178
21.485	2.895E-2	-0.177
21.519	3.062E-2	-0.177
21.552	2.996E-2	-0.177
21.585	2.676E-2	-0.177
21.619	2.141E-2	-0.178
21.652	1.461E-2	-0.179
21.685	6.196E-3	-0.179
21.719	-2.795E-3	-0.179
21.752	-1.089E-2	-0.179
21.786	-1.919E-2	-0.178
21.819	-2.512E-2	-0.177
21.852	-2.929E-2	-0.177
21.886	-3.070E-2	-0.177
21.919	-3.010E-2	-0.177
21.952	-2.699E-2	-0.177
21.986	-2.181E-2	-0.178
22.019	-1.492E-2	-0.179
22.052	-6.382E-3	-0.179
22.086	2.177E-3	-0.179
22.119	1.070E-2	-0.179
22.153	1.847E-2	-0.178
22.186	2.454E-2	-0.178
22.219	2.874E-2	-0.177
22.253	3.057E-2	-0.177
22.286	3.000E-2	-0.177
22.319	2.693E-2	-0.178
22.353	2.177E-2	-0.178
22.386	1.518E-2	-0.179
22.419	6.858E-3	-0.179
22.453	-1.698E-3	-0.179
22.486	-1.002E-2	-0.179
22.520	-1.771E-2	-0.179
22.553	-2.439E-2	-0.177
22.586	-2.871E-2	-0.177
22.620	-3.017E-2	-0.177
22.653	-2.994E-2	-0.177
22.686	-2.698E-2	-0.177
22.720	-2.190E-2	-0.178
22.753	-1.530E-2	-0.179
22.786	-7.316E-3	-0.179
22.820	1.008E-3	-0.179
22.853	9.945E-3	-0.179
22.886	1.764E-2	-0.178
22.920	2.371E-2	-0.178
22.953	2.809E-2	-0.177
22.987	3.000E-2	-0.177
23.020	2.953E-2	-0.177
23.053	2.697E-2	-0.177
23.087	2.233E-2	-0.178
23.120	1.572E-2	-0.179
23.153	7.800E-3	-0.179
23.187	-8.538E-4	-0.179
23.220	-9.222E-3	-0.179
23.253	-1.755E-2	-0.178
23.287	-2.384E-2	-0.177
23.320	-2.830E-2	-0.177
23.354	-3.001E-2	-0.177
23.387	-2.996E-2	-0.177
23.420	-2.777E-2	-0.177
23.454	-2.254E-2	-0.178
23.487	-1.597E-2	-0.179
23.520	-8.009E-3	-0.179
23.554	7.508E-5	-0.179
23.587	8.896E-3	-0.179
23.620	1.640E-2	-0.179
23.654	2.290E-2	-0.178
23.687	2.737E-2	-0.177
23.721	2.972E-2	-0.177
23.754	2.974E-2	-0.177
23.787	2.726E-2	-0.177
23.821	2.272E-2	-0.178
23.854	1.613E-2	-0.179
23.887	8.423E-3	-0.179
23.921	-1.695E-5	-0.179
23.954	-8.391E-3	-0.179
23.987	-1.619E-2	-0.179
24.021	-2.261E-2	-0.178
24.054	-2.768E-2	-0.177
24.088	-2.981E-2	-0.177
24.121	-2.987E-2	-0.177
24.154	-2.787E-2	-0.177
24.188	-2.272E-2	-0.178
24.221	-1.633E-2	-0.179
24.254	-8.929E-3	-0.179
24.288	-7.368E-4	-0.179
24.321	8.055E-3	-0.179
24.354	1.562E-2	-0.179
24.388	2.196E-2	-0.178
24.421	2.660E-2	-0.177
24.455	2.905E-2	-0.177
24.488	2.924E-2	-0.177
24.521	2.716E-2	-0.177
24.555	2.278E-2	-0.178
24.588	1.672E-2	-0.178
24.621	9.187E-3	-0.179
24.655	6.691E-4	-0.179
24.688	-7.647E-3	-0.179
24.721	-1.548E-2	-0.179
24.755	-2.192E-2	-0.178
24.788	-2.721E-2	-0.177
24.822	-2.962E-2	-0.177
24.855	-2.985E-2	-0.177
24.888	-2.795E-2	-0.177
24.922	-2.323E-2	-0.178
24.955	-1.691E-2	-0.179
24.988	-9.688E-3	-0.179
25.022	-1.425E-3	-0.179
25.055	7.078E-3	-0.179
25.088	1.464E-2	-0.179
25.122	2.110E-2	-0.178
25.155	2.571E-2	-0.177
25.188	2.884E-2	-0.177
25.222	2.915E-2	-0.177
25.255	2.734E-2	-0.177
25.289	2.330E-2	-0.178
25.322	1.733E-2	-0.178
25.355	1.014E-2	-0.179
25.389	1.643E-3	-0.179
25.422	-6.576E-3	-0.179
25.455	-1.455E-2	-0.179
25.489	-2.102E-2	-0.178
25.522	-2.584E-2	-0.177
25.555	-2.901E-2	-0.177
25.589	-2.944E-2	-0.177
25.622	-2.796E-2	-0.177
25.656	-2.383E-2	-0.177
25.689	-1.796E-2	-0.178
25.722	-1.017E-2	-0.179
25.756	-2.171E-3	-0.179
25.789	6.044E-3	-0.179
25.822	1.390E-2	-0.179
25.856	2.033E-2	-0.178
25.889	2.545E-2	-0.177
25.922	2.824E-2	-0.177
25.956	2.889E-2	-0.177
25.989	2.738E-2	-0.177
26.023	2.358E-2	-0.178
26.056	1.791E-2	-0.178
26.089	1.066E-2	-0.179
26.123	2.330E-3	-0.179
26.156	-5.641E-3	-0.179
26.189	-1.381E-2	-0.179
26.223	-2.042E-2	-0.178
26.256	-2.558E-2	-0.177
26.289	-2.873E-2	-0.177
26.323	-2.933E-2	-0.177
26.356	-2.803E-2	-0.177
26.390	-2.420E-2	-0.177
26.423	-1.844E-2	-0.178
26.456	-1.073E-2	-0.179
26.490	-2.994E-3	-0.179
26.523	4.932E-3	-0.179
26.556	1.322E-2	-0.179
26.590	1.982E-2	-0.178
26.623	2.489E-2	-0.178
26.656	2.809E-2	-0.177
26.690	2.881E-2	-0.177
26.723	2.742E-2	-0.177
26.757	2.392E-2	-0.178
26.790	1.835E-2	-0.178
26.823	1.124E-2	-0.179
26.857	3.489E-3	-0.180
26.890	-4.858E-3	-0.179
26.923	-1.250E-2	-0.179
26.957	-1.978E-2	-0.178
26.990	-2.495E-2	-0.177
27.023	-2.838E-2	-0.177
27.057	-2.917E-2	-0.177
27.090	-2.804E-2	-0.177
27.123	-2.450E-2	-0.177
27.157	-1.893E-2	-0.178
27.190	-1.190E-2	-0.179
27.224	-3.816E-3	-0.179
27.257	4.305E-3	-0.179
27.290	1.232E-2	-0.179
27.324	1.924E-2	-0.178
27.357	2.434E-2	-0.178
27.390	2.742E-2	-0.177
27.424	2.847E-2	-0.177
27.457	2.733E-2	-0.177
27.490	2.395E-2	-0.178
27.524	1.858E-2	-0.178
27.557	1.189E-2	-0.179
27.591	3.917E-3	-0.179
27.624	-4.275E-3	-0.179
27.657	-1.183E-2	-0.179
27.691	-1.926E-2	-0.178
27.724	-2.455E-2	-0.177
27.757	-2.804E-2	-0.177
27.791	-2.902E-2	-0.177
27.824	-2.816E-2	-0.177
27.857	-2.468E-2	-0.177
27.891	-1.929E-2	-0.178
27.924	-1.255E-2	-0.179
27.958	-4.667E-3	-0.179
27.991	3.537E-3	-0.179
28.024	1.166E-2	-0.179
28.058	1.850E-2	-0.178
28.091	2.363E-2	-0.178
28.124	2.692E-2	-0.177
28.158	2.820E-2	-0.177
28.191	2.713E-2	-0.177
28.224	2.405E-2	-0.178
28.258	1.886E-2	-0.178
28.291	1.238E-2	-0.179
28.325	4.528E-3	-0.179
28.358	-3.753E-3	-0.179
28.391	-1.110E-2	-0.179
28.425	-1.870E-2	-0.178
28.458	-2.404E-2	-0.178
28.491	-2.774E-2	-0.177
28.525	-2.895E-2	-0.177
28.558	-2.805E-2	-0.177
28.591	-2.481E-2	-0.177
28.625	-1.989E-2	-0.178
28.658	-1.303E-2	-0.179
28.692	-5.247E-3	-0.179
28.725	2.644E-3	-0.179
28.758	1.069E-2	-0.179
28.792	1.739E-2	-0.178
28.825	2.292E-2	-0.178
28.858	2.630E-2	-0.177
28.892	2.780E-2	-0.177
28.925	2.696E-2	-0.177
28.958	2.410E-2	-0.178
28.992	1.934E-2	-0.178
29.025	1.293E-2	-0.179
29.059	4.990E-3	-0.179
29.092	-2.930E-3	-0.179
29.125	-1.051E-2	-0.179
29.159	-1.806E-2	-0.178
29.192	-2.295E-2	-0.178
29.225	-2.739E-2	-0.177
29.259	-2.871E-2	-0.177
29.292	-2.801E-2	-0.177
29.325	-2.493E-2	-0.177
29.359	-2.013E-2	-0.178
29.392	-1.376E-2	-0.179
29.425	-6.049E-3	-0.179
29.459	2.150E-3	-0.179
29.492	9.975E-3	-0.179
29.526	1.662E-2	-0.178
29.559	2.225E-2	-0.178
29.592	2.581E-2	-0.177
29.626	2.757E-2	-0.177
29.659	2.686E-2	-0.177
29.692	2.421E-2	-0.178
29.726	1.969E-2	-0.178
29.759	1.334E-2	-0.179
29.792	5.550E-3	-0.179
29.826	-2.283E-3	-0.179
29.859	-9.958E-3	-0.179
29.893	-1.664E-2	-0.179
29.926	-2.236E-2	-0.178
29.959	-2.623E-2	-0.177
29.993	-2.822E-2	-0.177
30.026	-2.763E-2	-0.177
30.059	-2.480E-2	-0.177
30.093	-2.023E-2	-0.178
30.126	-1.386E-2	-0.179
30.159	-6.252E-3	-0.179
30.193	1.623E-3	-0.179
30.226	9.426E-3	-0.179
30.260	1.627E-2	-0.179
30.293	2.177E-2	-0.178
30.326	2.562E-2	-0.178
30.360	2.741E-2	-0.177
30.393	2.688E-2	-0.177
30.426	2.431E-2	-0.178
30.460	1.981E-2	-0.178
30.493	1.385E-2	-0.179
30.526	6.171E-3	-0.179
30.560	-1.616E-3	-0.179
30.593	-9.223E-3	-0.179
30.627	-1.642E-2	-0.179
30.660	-2.206E-2	-0.178
30.693	-2.606E-2	-0.177
30.727	-2.816E-2	-0.177
30.760	-2.778E-2	-0.177
30.793	-2.511E-2	-0.177
30.827	-2.061E-2	-0.178
30.860	-1.443E-2	-0.179
30.893	-7.195E-3	-0.179
30.927	6.347E-4	-0.179
30.960	8.367E-3	-0.179
30.994	1.532E-2	-0.179
31.027	2.109E-2	-0.178
31.060	2.508E-2	-0.178
31.094	2.695E-2	-0.177
31.127	2.670E-2	-0.177
31.160	2.431E-2	-0.178
31.194	2.016E-2	-0.178
31.227	1.399E-2	-0.179
31.260	6.859E-3	-0.179
31.294	-1.020E-3	-0.179
31.327	-8.633E-3	-0.179
31.360	-1.573E-2	-0.179
31.394	-2.155E-2	-0.178
31.427	-2.556E-2	-0.177
31.461	-2.795E-2	-0.177
31.494	-2.767E-2	-0.177
31.527	-2.525E-2	-0.177
31.561	-2.069E-2	-0.178
31.594	-1.477E-2	-0.179
31.627	-7.712E-3	-0.179
31.661	-8.915E-5	-0.179
31.694	7.830E-3	-0.179
31.727	1.472E-2	-0.179
31.761	2.064E-2	-0.178
31.794	2.457E-2	-0.178
31.828	2.654E-2	-0.177
31.861	2.649E-2	-0.177
31.894	2.445E-2	-0.178
31.928	2.025E-2	-0.178
31.961	1.459E-2	-0.179
31.994	7.243E-3	-0.179
32.028	-4.855E-4	-0.179
32.061	-7.964E-3	-0.179
32.094	-1.515E-2	-0.179
32.128	-2.087E-2	-0.178
32.161	-2.493E-2	-0.177
32.195	-2.692E-2	-0.177
32.228	-2.692E-2	-0.177
32.261	-2.494E-2	-0.177
32.295	-2.091E-2	-0.178
32.328	-1.511E-2	-0.179
32.361	-8.051E-3	-0.179
32.395	-4.232E-4	-0.179
32.428	7.339E-3	-0.179
32.461	1.449E-2	-0.179
32.495	2.030E-2	-0.178
32.528	2.429E-2	-0.178
32.562	2.674E-2	-0.178
32.595	2.678E-2	-0.178
32.628	2.479E-2	-0.178
32.662	2.087E-2	-0.178
32.695	1.522E-2	-0.179
32.728	8.571E-3	-0.180
32.762	8.465E-4	-0.180
32.795	-6.640E-3	-0.180
32.828	-1.375E-2	-0.179
32.862	-1.965E-2	-0.179
32.895	-2.407E-2	-0.178
32.929	-2.671E-2	-0.177
32.962	-2.685E-2	-0.177
32.995	-2.506E-2	-0.178
33.029	-2.097E-2	-0.178
33.062	-1.531E-2	-0.179
33.095	-8.390E-3	-0.179
33.129	-6.506E-4	-0.180
33.162	6.643E-3	-0.179
33.195	1.392E-2	-0.179
33.229	1.969E-2	-0.178
33.262	2.373E-2	-0.178
33.296	2.620E-2	-0.178
33.329	2.662E-2	-0.178
33.362	2.456E-2	-0.178
33.396	2.099E-2	-0.178
33.429	1.558E-2	-0.179
33.462	8.653E-3	-0.179
33.496	1.460E-3	-0.180
33.529	-6.469E-3	-0.179
33.562	-1.308E-2	-0.179
33.596	-1.915E-2	-0.179
33.629	-2.357E-2	-0.178
33.662	-2.626E-2	-0.177
33.696	-2.655E-2	-0.177
33.729	-2.507E-2	-0.177
33.763	-2.122E-2	-0.178
33.796	-1.584E-2	-0.179
33.829	-8.943E-3	-0.179
33.863	-1.874E-3	-0.179
33.896	5.819E-3	-0.179
33.929	1.294E-2	-0.179
33.963	1.883E-2	-0.178
33.996	2.318E-2	-0.178
34.029	2.576E-2	-0.178
34.063	2.621E-2	-0.178
34.096	2.447E-2	-0.178
34.130	2.106E-2	-0.178
34.163	1.588E-2	-0.179
34.196	9.166E-3	-0.179
34.230	1.888E-3	-0.180
34.263	-5.838E-3	-0.179
34.296	-1.239E-2	-0.179
34.330	-1.848E-2	-0.179
34.363	-2.319E-2	-0.178
34.396	-2.592E-2	-0.177
34.430	-2.648E-2	-0.177
34.463	-2.508E-2	-0.177
34.497	-2.136E-2	-0.178
34.530	-1.606E-2	-0.179
34.563	-9.581E-3	-0.179
34.597	-2.543E-3	-0.179
34.630	4.939E-3	-0.179
34.663	1.230E-2	-0.179
34.697	1.818E-2	-0.178
34.730	2.254E-2	-0.178
34.763	2.526E-2	-0.178
34.797	2.596E-2	-0.178
34.830	2.445E-2	-0.178
34.864	2.126E-2	-0.178
34.897	1.604E-2	-0.179
34.930	9.592E-3	-0.179
34.964	2.528E-3	-0.179
34.997	-5.115E-3	-0.179
35.030	-1.178E-2	-0.179
35.064	-1.796E-2	-0.179
35.097	-2.266E-2	-0.178
35.130	-2.552E-2	-0.177
35.164	-2.626E-2	-0.177
35.197	-2.495E-2	-0.177
35.231	-2.137E-2	-0.178
35.264	-1.626E-2	-0.179
35.297	-9.778E-3	-0.179
35.331	-2.779E-3	-0.179
35.364	4.490E-3	-0.179
35.397	1.164E-2	-0.179
35.431	1.758E-2	-0.178
35.464	2.200E-2	-0.178
35.497	2.505E-2	-0.178
35.531	2.590E-2	-0.178
35.564	2.454E-2	-0.178
35.598	2.142E-2	-0.178
35.631	1.615E-2	-0.179
35.664	1.018E-2	-0.179
35.698	2.683E-3	-0.179
35.731	-4.559E-3	-0.179
35.764	-1.116E-2	-0.179
35.798	-1.747E-2	-0.179
35.831	-2.217E-2	-0.178
35.864	-2.535E-2	-0.177
35.898	-2.606E-2	-0.177
35.931	-2.504E-2	-0.177
35.964	-2.172E-2	-0.178
35.998	-1.652E-2	-0.179
36.031	-1.025E-2	-0.179
36.065	-3.481E-3	-0.179
36.098	3.761E-3	-0.179
36.131	1.092E-2	-0.179
36.165	1.692E-2	-0.178
36.198	2.143E-2	-0.178
36.231	2.457E-2	-0.178
36.265	2.568E-2	-0.178
36.298	2.446E-2	-0.178
36.331	2.133E-2	-0.178
36.365	1.663E-2	-0.178
36.398	1.068E-2	-0.179
36.432	3.469E-3	-0.179
36.465	-3.857E-3	-0.179
36.498	-1.059E-2	-0.179
36.532	-1.685E-2	-0.179
36.565	-2.170E-2	-0.178
36.598	-2.496E-2	-0.177
36.632	-2.582E-2	-0.177
36.665	-2.494E-2	-0.177
36.698	-2.175E-2	-0.178
36.732	-1.702E-2	-0.179
36.765	-1.075E-2	-0.179
36.799	-4.181E-3	-0.179
36.832	3.263E-3	-0.179
36.865	1.039E-2	-0.179
36.899	1.640E-2	-0.179
36.932	2.108E-2	-0.178
36.965	2.425E-2	-0.178
36.999	2.548E-2	-0.178
37.032	2.440E-2	-0.178
37.065	2.134E-2	-0.178
37.099	1.702E-2	-0.178
37.132	1.117E-2	-0.179
37.166	4.114E-3	-0.179
37.199	-2.988E-3	-0.179
37.232	-9.848E-3	-0.179
37.266	-1.607E-2	-0.179
37.299	-2.103E-2	-0.178
37.332	-2.435E-2	-0.177
37.366	-2.549E-2	-0.177
37.399	-2.481E-2	-0.177
37.432	-2.180E-2	-0.178
37.466	-1.719E-2	-0.179
37.499	-1.123E-2	-0.179
37.533	-4.353E-3	-0.179
37.566	2.800E-3	-0.179
37.599	9.945E-3	-0.179
37.633	1.587E-2	-0.179
37.666	2.092E-2	-0.178
37.699	2.409E-2	-0.178
37.733	2.545E-2	-0.178
37.766	2.476E-2	-0.178
37.799	2.204E-2	-0.178
37.833	1.729E-2	-0.179
37.866	1.176E-2	-0.179
37.899	4.914E-3	-0.179
37.933	-2.238E-3	-0.179
37.966	-9.255E-3	-0.179
38.000	-1.561E-2	-0.179
38.033	-2.059E-2	-0.178
38.066	-2.345E-2	-0.178
38.100	-2.529E-2	-0.177
38.133	-2.464E-2	-0.177
38.166	-2.192E-2	-0.178
38.200	-1.722E-2	-0.179
38.233	-1.127E-2	-0.179
38.266	-4.931E-3	-0.179
38.300	2.138E-3	-0.179
38.333	9.270E-3	-0.179
38.367	1.529E-2	-0.179
38.400	2.034E-2	-0.178
38.433	2.357E-2	-0.178
38.467	2.497E-2	-0.178
38.500	2.431E-2	-0.178
38.533	2.166E-2	-0.178
38.567	1.733E-2	-0.178
38.600	1.190E-2	-0.179
38.633	5.010E-3	-0.179
38.667	-2.112E-3	-0.179
38.700	-8.777E-3	-0.179
38.734	-1.515E-2	-0.179
38.767	-2.031E-2	-0.178
38.800	-2.369E-2	-0.178
38.834	-2.492E-2	-0.177
38.867	-2.442E-2	-0.177
38.900	-2.195E-2	-0.178
38.934	-1.820E-2	-0.178
38.967	-1.235E-2	-0.179
39.000	-5.342E-3	-0.179
39.034	1.347E-3	-0.179
39.067	8.413E-3	-0.179
39.101	1.481E-2	-0.179
39.134	1.977E-2	-0.178
39.167	2.299E-2	-0.178
39.201	2.461E-2	-0.178
39.234	2.413E-2	-0.178
39.267	2.156E-2	-0.178
39.301	1.756E-2	-0.178
39.334	1.222E-2	-0.179
39.367	5.589E-3	-0.179
39.401	-1.539E-3	-0.179
39.434	-8.431E-3	-0.179
39.468	-1.478E-2	-0.179
39.501	-1.988E-2	-0.178
39.534	-2.285E-2	-0.178
39.568	-2.498E-2	-0.177
39.601	-2.469E-2	-0.177
39.634	-2.192E-2	-0.178
39.668	-1.758E-2	-0.179
39.701	-1.207E-2	-0.179
39.734	-5.973E-3	-0.179
39.768	1.018E-3	-0.179
39.801	8.108E-3	-0.179
39.835	1.439E-2	-0.179
39.868	1.938E-2	-0.178
39.901	2.254E-2	-0.178
39.935	2.437E-2	-0.178
39.968	2.413E-2	-0.178
40.001	2.170E-2	-0.178
40.035	1.793E-2	-0.178
40.068	1.264E-2	-0.179
40.101	5.992E-3	-0.179
40.135	-1.046E-3	-0.179
40.168	-7.585E-3	-0.179
40.201	-1.406E-2	-0.179
40.235	-1.918E-2	-0.178
40.268	-2.227E-2	-0.178
40.302	-2.439E-2	-0.177
40.335	-2.424E-2	-0.177
40.368	-2.167E-2	-0.178
40.402	-1.835E-2	-0.178
40.435	-1.274E-2	-0.179
40.468	-6.138E-3	-0.179
40.502	4.856E-4	-0.179
40.535	7.485E-3	-0.179
40.568	1.382E-2	-0.179
40.602	1.901E-2	-0.178
40.635	2.225E-2	-0.178
40.669	2.415E-2	-0.178
40.702	2.396E-2	-0.178
40.735	2.179E-2	-0.178
40.769	1.816E-2	-0.178
40.802	1.278E-2	-0.179
40.835	6.257E-3	-0.179
40.869	-6.932E-4	-0.179
40.902	-7.281E-3	-0.179
40.935	-1.381E-2	-0.179
40.969	-1.908E-2	-0.178
41.002	-2.228E-2	-0.178
41.036	-2.434E-2	-0.178
41.069	-2.424E-2	-0.177
41.102	-2.215E-2	-0.178
41.136	-1.845E-2	-0.178
41.169	-1.309E-2	-0.179
41.202	-6.709E-3	-0.179
41.236	-1.719E-4	-0.179
41.269	6.720E-3	-0.179
41.302	1.327E-2	-0.179
41.336	1.839E-2	-0.178
41.369	2.167E-2	-0.178
41.403	2.359E-2	-0.178
41.436	2.362E-2	-0.178
41.469	2.161E-2	-0.178
41.503	1.819E-2	-0.178
41.536	1.303E-2	-0.179
41.569	6.430E-3	-0.179
41.603	-4.020E-4	-0.179
41.636	-6.892E-3	-0.179
41.669	-1.325E-2	-0.179
41.703	-1.854E-2	-0.178
41.736	-2.178E-2	-0.178
41.770	-2.414E-2	-0.177
41.803	-2.423E-2	-0.177
41.836	-2.221E-2	-0.178
41.870	-1.799E-2	-0.179
41.903	-1.342E-2	-0.179
41.936	-6.957E-3	-0.179
41.970	-5.633E-4	-0.179
42.003	6.346E-3	-0.179
42.036	1.265E-2	-0.179
42.070	1.774E-2	-0.178
42.103	2.116E-2	-0.178
42.136	2.325E-2	-0.178
42.170	2.329E-2	-0.178
42.203	2.139E-2	-0.178
42.237	1.802E-2	-0.178
42.270	1.308E-2	-0.179
42.303	6.841E-3	-0.179
42.337	9.117E-5	-0.179
42.370	-6.526E-3	-0.179
42.403	-1.296E-2	-0.179
42.437	-1.826E-2	-0.178
42.470	-2.180E-2	-0.178
42.503	-2.400E-2	-0.177
42.537	-2.403E-2	-0.177
42.570	-2.202E-2	-0.178
42.604	-1.877E-2	-0.178
42.637	-1.364E-2	-0.179
42.670	-7.345E-3	-0.179
42.704	-8.797E-4	-0.179
42.737	5.828E-3	-0.179
42.770	1.208E-2	-0.179
42.804	1.712E-2	-0.178
42.837	2.076E-2	-0.178
42.870	2.298E-2	-0.178
42.904	2.319E-2	-0.178
42.937	2.139E-2	-0.178
42.971	1.815E-2	-0.178
43.004	1.340E-2	-0.179
43.037	7.291E-3	-0.179
43.071	4.775E-4	-0.179
43.104	-5.985E-3	-0.179
43.137	-1.185E-2	-0.179
43.171	-1.717E-2	-0.179
43.204	-2.117E-2	-0.178
43.237	-2.301E-2	-0.178
43.271	-2.336E-2	-0.178
43.304	-2.184E-2	-0.178
43.338	-1.825E-2	-0.179
43.371	-1.382E-2	-0.179
43.404	-7.787E-3	-0.179
43.438	-1.503E-3	-0.179
43.471	5.214E-3	-0.179
43.504	1.142E-2	-0.179
43.538	1.677E-2	-0.178
43.571	2.034E-2	-0.178
43.604	2.280E-2	-0.178
43.638	2.305E-2	-0.178
43.671	2.144E-2	-0.178
43.705	1.837E-2	-0.178
43.738	1.373E-2	-0.179
43.771	7.629E-3	-0.179
43.805	1.066E-3	-0.179
43.838	-5.575E-3	-0.179
43.871	-1.194E-2	-0.179
43.905	-1.698E-2	-0.179
43.938	-2.097E-2	-0.178
43.971	-2.301E-2	-0.178
44.005	-2.323E-2	-0.178
44.038	-2.204E-2	-0.178
44.072	-1.858E-2	-0.179
44.105	-1.403E-2	-0.179
44.138	-8.028E-3	-0.179
44.172	-1.791E-3	-0.179
44.205	4.803E-3	-0.179
44.238	1.109E-2	-0.179
44.272	1.633E-2	-0.179
44.305	2.040E-2	-0.178
44.338	2.237E-2	-0.178
44.372	2.294E-2	-0.178
44.405	2.153E-2	-0.178
44.438	1.850E-2	-0.178
44.472	1.395E-2	-0.179
44.505	8.091E-3	-0.179
44.539	1.607E-3	-0.179
44.572	-4.879E-3	-0.179
44.605	-1.076E-2	-0.179
44.639	-1.636E-2	-0.179
44.672	-2.047E-2	-0.178
44.705	-2.257E-2	-0.178
44.739	-2.294E-2	-0.178
44.772	-2.172E-2	-0.178
44.805	-1.852E-2	-0.179
44.839	-1.404E-2	-0.179
44.872	-8.192E-3	-0.179
44.906	-2.160E-3	-0.179
44.939	4.300E-3	-0.179
44.972	1.063E-2	-0.179
45.006	1.577E-2	-0.179
45.039	1.983E-2	-0.178
45.072	2.215E-2	-0.178
45.106	2.281E-2	-0.178
45.139	2.157E-2	-0.178
45.172	1.884E-2	-0.178
45.206	1.424E-2	-0.179
45.239	8.529E-3	-0.179
45.273	2.115E-3	-0.179
45.306	-4.206E-3	-0.179
45.339	-1.023E-2	-0.179
45.373	-1.572E-2	-0.179
45.406	-2.000E-2	-0.178
45.439	-2.222E-2	-0.178
45.473	-2.285E-2	-0.178
45.506	-2.179E-2	-0.178
45.539	-1.855E-2	-0.179
45.573	-1.452E-2	-0.179
45.606	-8.629E-3	-0.179
45.640	-2.735E-3	-0.179
45.673	3.878E-3	-0.179
45.706	1.010E-2	-0.179
45.740	1.527E-2	-0.179
45.773	1.922E-2	-0.178
45.806	2.161E-2	-0.178
45.840	2.232E-2	-0.178
45.873	2.108E-2	-0.178
45.906	1.844E-2	-0.178
45.940	1.391E-2	-0.179
45.973	8.690E-3	-0.179
46.007	2.323E-3	-0.179
46.040	-4.101E-3	-0.179
46.073	-1.000E-2	-0.179
46.107	-1.549E-2	-0.179
46.140	-1.977E-2	-0.178
46.173	-2.213E-2	-0.178
46.207	-2.274E-2	-0.178
46.240	-2.179E-2	-0.178
46.273	-1.919E-2	-0.178
46.307	-1.452E-2	-0.179
46.340	-9.174E-3	-0.179
46.374	-3.143E-3	-0.179
46.407	3.244E-3	-0.179
46.440	9.618E-3	-0.179
46.474	1.503E-2	-0.179
46.507	1.889E-2	-0.178
46.540	2.128E-2	-0.178
46.574	2.210E-2	-0.178
46.607	2.119E-2	-0.178
46.640	1.871E-2	-0.178
46.674	1.424E-2	-0.179
46.707	9.036E-3	-0.179
46.740	2.734E-3	-0.179
46.774	-3.605E-3	-0.179
46.807	-9.418E-3	-0.179
46.841	-1.501E-2	-0.179
46.874	-1.931E-2	-0.178
46.907	-2.184E-2	-0.178
46.941	-2.257E-2	-0.178
46.974	-2.184E-2	-0.178
47.007	-1.938E-2	-0.178
47.041	-1.494E-2	-0.179
47.074	-9.636E-3	-0.179
47.107	-3.798E-3	-0.179
47.141	2.576E-3	-0.179
47.174	8.988E-3	-0.179
47.208	1.429E-2	-0.179
47.241	1.830E-2	-0.178
47.274	2.116E-2	-0.178
47.308	2.188E-2	-0.178
47.341	2.095E-2	-0.178
47.374	1.854E-2	-0.178
47.408	1.458E-2	-0.179
47.441	9.191E-3	-0.179
47.474	2.987E-3	-0.179
47.508	-3.399E-3	-0.179
47.541	-9.310E-3	-0.179
47.575	-1.466E-2	-0.179
47.608	-1.907E-2	-0.178
47.641	-2.162E-2	-0.178
47.675	-2.242E-2	-0.178
47.708	-2.168E-2	-0.178
47.741	-1.919E-2	-0.178
47.775	-1.513E-2	-0.179
47.808	-9.497E-3	-0.179
47.841	-3.711E-3	-0.179
47.875	2.354E-3	-0.179
47.908	8.689E-3	-0.179
47.942	1.399E-2	-0.179
47.975	1.792E-2	-0.178
48.008	2.045E-2	-0.178
48.042	2.164E-2	-0.178
48.075	2.090E-2	-0.178
48.108	1.853E-2	-0.178
48.142	1.456E-2	-0.179
48.175	9.497E-3	-0.179
48.208	3.536E-3	-0.179
48.242	-2.876E-3	-0.179
48.275	-8.720E-3	-0.179
48.309	-1.406E-2	-0.179
48.342	-1.850E-2	-0.178
48.375	-2.109E-2	-0.178
48.409	-2.217E-2	-0.178
48.442	-2.157E-2	-0.178
48.475	-1.919E-2	-0.178
48.509	-1.515E-2	-0.179
48.542	-9.900E-3	-0.179
48.575	-4.076E-3	-0.179
48.609	1.948E-3	-0.179
48.642	8.094E-3	-0.179
48.675	1.337E-2	-0.179
48.709	1.770E-2	-0.178
48.742	2.026E-2	-0.178
48.776	2.153E-2	-0.178
48.809	2.087E-2	-0.178
48.842	1.888E-2	-0.178
48.876	1.492E-2	-0.179
48.909	1.000E-2	-0.179
48.942	4.081E-3	-0.179
48.976	-2.252E-3	-0.179
49.009	-8.091E-3	-0.179
49.042	-1.378E-2	-0.179
49.076	-1.827E-2	-0.178
49.109	-2.093E-2	-0.178
49.143	-2.179E-2	-0.178
49.176	-2.134E-2	-0.178
49.209	-1.927E-2	-0.178
49.243	-1.530E-2	-0.179
49.276	-9.956E-3	-0.179
49.309	-4.346E-3	-0.179
49.343	1.640E-3	-0.179
49.376	7.981E-3	-0.179
49.409	1.328E-2	-0.179
49.443	1.729E-2	-0.178
49.476	2.032E-2	-0.178
49.510	2.161E-2	-0.178
49.543	2.104E-2	-0.178
49.576	1.857E-2	-0.178
49.610	1.517E-2	-0.179
49.643	1.003E-2	-0.179
49.676	4.263E-3	-0.180
49.710	-1.726E-3	-0.180
49.743	-7.666E-3	-0.179
49.776	-1.310E-2	-0.179
49.810	-1.744E-2	-0.179
49.843	-2.034E-2	-0.178
49.877	-2.168E-2	-0.178
49.910	-2.128E-2	-0.178
49.943	-1.909E-2	-0.178
49.977	-1.546E-2	-0.179
50.010	-1.018E-2	-0.179
50.043	-4.687E-3	-0.179
50.077	1.116E-3	-0.179
50.110	7.231E-3	-0.179
50.143	1.274E-2	-0.179
50.177	1.698E-2	-0.179
50.210	1.981E-2	-0.178
50.244	2.101E-2	-0.178
50.277	2.052E-2	-0.178
50.310	1.852E-2	-0.178
50.344	1.478E-2	-0.179
50.377	1.003E-2	-0.179
50.410	4.199E-3	-0.179
50.444	-1.789E-3	-0.179
50.477	-7.570E-3	-0.179
50.510	-1.318E-2	-0.179
50.544	-1.722E-2	-0.179
50.577	-2.038E-2	-0.178
50.611	-2.162E-2	-0.178
50.644	-2.111E-2	-0.178
50.677	-1.921E-2	-0.178
50.711	-1.531E-2	-0.179
50.744	-1.047E-2	-0.179
50.777	-4.985E-3	-0.179
50.811	9.662E-4	-0.179
50.844	7.297E-3	-0.179
50.877	1.265E-2	-0.179
50.911	1.660E-2	-0.178
50.944	1.970E-2	-0.178
50.977	2.105E-2	-0.178
51.011	2.080E-2	-0.178
51.044	1.856E-2	-0.178
51.078	1.520E-2	-0.179
51.111	1.039E-2	-0.179
51.144	4.962E-3	-0.180
51.178	-1.014E-3	-0.180
51.211	-7.316E-3	-0.179
51.244	-1.211E-2	-0.179
51.278	-1.664E-2	-0.179
51.311	-1.922E-2	-0.179
51.344	-2.112E-2	-0.178
51.378	-2.087E-2	-0.178
51.411	-1.909E-2	-0.178
51.445	-1.534E-2	-0.179
51.478	-1.053E-2	-0.179
51.511	-5.345E-3	-0.179
51.545	4.368E-4	-0.179
51.578	6.301E-3	-0.179
51.611	1.194E-2	-0.179
51.645	1.596E-2	-0.179
51.678	1.909E-2	-0.178
51.711	2.009E-2	-0.179
51.745	1.995E-2	-0.179
51.778	1.789E-2	-0.179
51.812	1.477E-2	-0.180
51.845	1.045E-2	-0.180
51.878	4.637E-3	-0.180
51.912	-1.222E-3	-0.181
51.945	-6.981E-3	-0.180
51.978	-1.272E-2	-0.180
52.012	-1.731E-2	-0.179
52.045	-1.998E-2	-0.179
52.078	-2.130E-2	-0.179
52.112	-2.119E-2	-0.179
52.145	-1.946E-2	-0.179
52.179	-1.559E-2	-0.180
52.212	-1.085E-2	-0.180
52.245	-5.700E-3	-0.181
52.279	4.076E-5	-0.181
52.312	5.956E-3	-0.180
52.345	1.118E-2	-0.180
52.379	1.548E-2	-0.180
52.412	1.882E-2	-0.180
52.445	2.007E-2	-0.179
52.479	1.978E-2	-0.179
52.512	1.785E-2	-0.179
52.546	1.469E-2	-0.180
52.579	1.040E-2	-0.180
52.612	4.761E-3	-0.180
52.646	-1.079E-3	-0.180
52.679	-6.601E-3	-0.181
52.712	-1.173E-2	-0.181
52.746	-1.613E-2	-0.180
52.779	-1.974E-2	-0.179
52.812	-2.116E-2	-0.179
52.846	-2.112E-2	-0.179
52.879	-1.927E-2	-0.179
52.912	-1.598E-2	-0.180
52.946	-1.098E-2	-0.180
52.979	-5.880E-3	-0.181
53.013	-4.364E-4	-0.181
53.046	5.545E-3	-0.181
53.079	1.101E-2	-0.180
53.113	1.508E-2	-0.180
53.146	1.826E-2	-0.180
53.179	1.957E-2	-0.179
53.213	1.944E-2	-0.179
53.246	1.756E-2	-0.179
53.279	1.483E-2	-0.180
53.313	1.048E-2	-0.180
53.346	5.211E-3	-0.180
53.380	-6.816E-4	-0.181
53.413	-6.354E-3	-0.180
53.446	-1.146E-2	-0.180
53.480	-1.666E-2	-0.179
53.513	-1.937E-2	-0.179
53.546	-2.073E-2	-0.179
53.580	-2.077E-2	-0.179
53.613	-1.938E-2	-0.179
53.646	-1.627E-2	-0.179
53.680	-1.169E-2	-0.180
53.713	-6.290E-3	-0.180
53.747	-5.380E-4	-0.180
53.780	5.215E-3	-0.180
53.813	1.053E-2	-0.180
53.847	1.488E-2	-0.180
53.880	1.812E-2	-0.180
53.913	1.945E-2	-0.179
53.947	1.949E-2	-0.179
53.980	1.814E-2	-0.180
54.013	1.491E-2	-0.180
54.047	1.095E-2	-0.180
54.080	5.370E-3	-0.180
54.114	-9.069E-5	-0.181
54.147	-5.725E-3	-0.181
54.180	-1.152E-2	-0.180
54.214	-1.608E-2	-0.179
54.247	-1.885E-2	-0.179
54.280	-2.052E-2	-0.179
54.314	-2.064E-2	-0.179
54.347	-1.926E-2	-0.179
54.380	-1.624E-2	-0.179
54.414	-1.207E-2	-0.180
54.447	-6.471E-3	-0.180
54.481	-1.087E-3	-0.180
54.514	4.551E-3	-0.181
54.547	9.850E-3	-0.180
54.581	1.425E-2	-0.180
54.614	1.754E-2	-0.180
54.647	1.892E-2	-0.179
54.681	1.931E-2	-0.179
54.714	1.756E-2	-0.179
54.747	1.487E-2	-0.180
54.781	1.048E-2	-0.180
54.814	5.814E-3	-0.180
54.848	1.093E-4	-0.180
54.881	-5.668E-3	-0.180
54.914	-1.032E-2	-0.180
54.948	-1.494E-2	-0.180
54.981	-1.865E-2	-0.179
55.014	-2.050E-2	-0.179
55.048	-2.060E-2	-0.179
55.081	-1.928E-2	-0.179
55.114	-1.664E-2	-0.179
55.148	-1.223E-2	-0.180
55.181	-6.923E-3	-0.180
55.214	-1.367E-3	-0.181
55.248	4.463E-3	-0.181
55.281	9.722E-3	-0.180
55.315	1.374E-2	-0.180
55.348	1.702E-2	-0.180
55.381	1.874E-2	-0.179
55.415	1.889E-2	-0.179
55.448	1.751E-2	-0.179
55.481	1.488E-2	-0.180
55.515	1.046E-2	-0.180
55.548	5.938E-3	-0.180
55.581	1.858E-4	-0.180
55.615	-5.174E-3	-0.180
55.648	-1.084E-2	-0.180
55.682	-1.543E-2	-0.179
55.715	-1.863E-2	-0.179
55.748	-2.013E-2	-0.179
55.782	-2.056E-2	-0.179
55.815	-1.929E-2	-0.179
55.848	-1.663E-2	-0.179
55.882	-1.231E-2	-0.180
55.915	-7.004E-3	-0.180
55.948	-1.363E-3	-0.181
55.982	4.042E-3	-0.180
56.015	9.194E-3	-0.180
56.049	1.355E-2	-0.180
56.082	1.692E-2	-0.180
56.115	1.867E-2	-0.179
56.149	1.882E-2	-0.179
56.182	1.749E-2	-0.179
56.215	1.497E-2	-0.180
56.249	1.112E-2	-0.180
56.282	5.938E-3	-0.180
56.315	6.540E-4	-0.181
56.349	-4.966E-3	-0.180
56.382	-9.749E-3	-0.181
56.416	-1.473E-2	-0.180
56.449	-1.814E-2	-0.179
56.482	-1.996E-2	-0.179
56.516	-2.014E-2	-0.179
56.549	-1.921E-2	-0.179
56.582	-1.663E-2	-0.179
56.616	-1.274E-2	-0.180
56.649	-7.186E-3	-0.180
56.682	-1.921E-3	-0.181
56.716	3.817E-3	-0.180
56.749	8.950E-3	-0.180
56.783	1.303E-2	-0.180
56.816	1.637E-2	-0.180
56.849	1.816E-2	-0.179
56.883	1.871E-2	-0.179
56.916	1.753E-2	-0.179
56.949	1.498E-2	-0.180
56.983	1.094E-2	-0.180
57.016	6.412E-3	-0.180
57.049	1.200E-3	-0.180
57.083	-4.478E-3	-0.180
57.116	-9.501E-3	-0.180
57.150	-1.405E-2	-0.180
57.183	-1.794E-2	-0.179
57.216	-1.946E-2	-0.179
57.250	-1.993E-2	-0.179
57.283	-1.883E-2	-0.179
57.316	-1.632E-2	-0.179
57.350	-1.233E-2	-0.180
57.383	-7.085E-3	-0.180
57.416	-1.879E-3	-0.181
57.450	3.511E-3	-0.180
57.483	8.970E-3	-0.180
57.516	1.340E-2	-0.180
57.550	1.628E-2	-0.180
57.583	1.830E-2	-0.180
57.617	1.881E-2	-0.180
57.650	1.777E-2	-0.180
57.683	1.504E-2	-0.180
57.717	1.136E-2	-0.180
57.750	6.603E-3	-0.181
57.783	1.182E-3	-0.181
57.817	-4.334E-3	-0.181
57.850	-9.107E-3	-0.181
57.883	-1.401E-2	-0.180
57.917	-1.762E-2	-0.179
57.950	-1.948E-2	-0.179
57.984	-1.995E-2	-0.179
58.017	-1.886E-2	-0.179
58.050	-1.650E-2	-0.179
58.084	-1.239E-2	-0.180
58.117	-7.563E-3	-0.180
58.150	-2.027E-3	-0.181
58.184	3.293E-3	-0.180
58.217	8.444E-3	-0.180
58.250	1.295E-2	-0.180
58.284	1.615E-2	-0.180
58.317	1.815E-2	-0.180
58.351	1.870E-2	-0.180
58.384	1.760E-2	-0.180
58.417	1.499E-2	-0.180
58.451	1.157E-2	-0.180
58.484	6.594E-3	-0.181
58.517	1.333E-3	-0.181
58.551	-3.886E-3	-0.181
58.584	-8.907E-3	-0.180
58.617	-1.354E-2	-0.180
58.651	-1.665E-2	-0.180
58.684	-1.928E-2	-0.179
58.718	-1.986E-2	-0.179
58.751	-1.882E-2	-0.179
58.784	-1.661E-2	-0.179
58.818	-1.285E-2	-0.180
58.851	-7.607E-3	-0.180
58.884	-2.545E-3	-0.181
58.918	2.716E-3	-0.180
58.951	7.869E-3	-0.180
58.984	1.237E-2	-0.180
59.018	1.562E-2	-0.180
59.051	1.759E-2	-0.180
59.085	1.818E-2	-0.180
59.118	1.737E-2	-0.180
59.151	1.486E-2	-0.180
59.185	1.121E-2	-0.180
59.218	6.585E-3	-0.180
59.251	1.300E-3	-0.181
59.285	-3.898E-3	-0.181
59.318	-8.881E-3	-0.180
59.351	-1.356E-2	-0.180
59.385	-1.732E-2	-0.179
59.418	-1.926E-2	-0.179
59.451	-1.986E-2	-0.179
59.485	-1.884E-2	-0.179
59.518	-1.666E-2	-0.179
59.552	-1.279E-2	-0.180
59.585	-7.777E-3	-0.180
59.618	-2.661E-3	-0.181
59.652	2.552E-3	-0.181
59.685	7.835E-3	-0.180
59.718	1.229E-2	-0.180
59.752	1.552E-2	-0.180
59.785	1.759E-2	-0.180
59.818	1.823E-2	-0.180
59.852	1.738E-2	-0.180
59.885	1.489E-2	-0.180
59.919	1.162E-2	-0.180
59.952	6.674E-3	-0.180
59.985	1.475E-3	-0.181
60.019	-3.779E-3	-0.181
60.052	-8.492E-3	-0.181
60.085	-1.304E-2	-0.180
60.119	-1.608E-2	-0.180
60.152	-1.866E-2	-0.179
60.185	-1.930E-2	-0.179
60.219	-1.862E-2	-0.179
60.252	-1.626E-2	-0.179
60.286	-1.276E-2	-0.180
60.319	-7.739E-3	-0.181
60.352	-3.038E-3	-0.181
60.386	2.509E-3	-0.181
60.419	7.308E-3	-0.180
60.452	1.225E-2	-0.180
60.486	1.506E-2	-0.180
60.519	1.744E-2	-0.180
60.552	1.808E-2	-0.180
60.586	1.737E-2	-0.180
60.619	1.491E-2	-0.180
60.653	1.172E-2	-0.180
60.686	7.035E-3	-0.181
60.719	2.017E-3	-0.181
60.753	-3.128E-3	-0.181
60.786	-7.786E-3	-0.181
60.819	-1.215E-2	-0.180
60.853	-1.572E-2	-0.180
60.886	-1.836E-2	-0.179
60.919	-1.893E-2	-0.179
60.953	-1.828E-2	-0.179
60.986	-1.614E-2	-0.179
61.020	-1.264E-2	-0.180
61.053	-7.572E-3	-0.180
61.086	-2.866E-3	-0.181
61.120	2.132E-3	-0.180
61.153	7.293E-3	-0.180
61.186	1.168E-2	-0.180
61.220	1.491E-2	-0.180
61.253	1.697E-2	-0.180
61.286	1.763E-2	-0.180
61.320	1.693E-2	-0.180
61.353	1.472E-2	-0.180
61.387	1.159E-2	-0.180
61.420	7.128E-3	-0.180
61.453	2.030E-3	-0.181
61.487	-3.163E-3	-0.181
61.520	-7.779E-3	-0.181
61.553	-1.172E-2	-0.181
61.587	-1.550E-2	-0.180
61.620	-1.820E-2	-0.179
61.653	-1.884E-2	-0.179
61.687	-1.814E-2	-0.179
61.720	-1.611E-2	-0.179
61.753	-1.232E-2	-0.180
61.787	-7.742E-3	-0.180
61.820	-3.112E-3	-0.181
61.854	2.071E-3	-0.181
61.887	7.249E-3	-0.180
61.920	1.165E-2	-0.180
61.954	1.481E-2	-0.180
61.987	1.690E-2	-0.180
62.020	1.761E-2	-0.180
62.054	1.689E-2	-0.180
62.087	1.490E-2	-0.180
62.120	1.171E-2	-0.180
62.154	7.264E-3	-0.180
62.187	2.140E-3	-0.181
62.221	-3.027E-3	-0.181
62.254	-7.635E-3	-0.181
62.287	-1.168E-2	-0.181
62.321	-1.548E-2	-0.180
62.354	-1.803E-2	-0.179
62.387	-1.880E-2	-0.179
62.421	-1.811E-2	-0.179
62.454	-1.615E-2	-0.179
62.487	-1.281E-2	-0.180
62.521	-8.214E-3	-0.180
62.554	-3.692E-3	-0.180
62.588	1.423E-3	-0.180
62.621	6.442E-3	-0.180
62.654	1.102E-2	-0.180
62.688	1.419E-2	-0.180
62.721	1.637E-2	-0.180
62.754	1.742E-2	-0.180
62.788	1.684E-2	-0.180
62.821	1.482E-2	-0.180
62.854	1.167E-2	-0.180
62.888	7.327E-3	-0.180
62.921	2.563E-3	-0.181
62.955	-2.484E-3	-0.181
62.988	-7.055E-3	-0.181
63.021	-1.148E-2	-0.180
63.055	-1.535E-2	-0.180
63.088	-1.792E-2	-0.179
63.121	-1.872E-2	-0.179
63.155	-1.809E-2	-0.179
63.188	-1.619E-2	-0.179
63.221	-1.279E-2	-0.180
63.255	-8.375E-3	-0.180
63.288	-3.766E-3	-0.181
63.322	1.276E-3	-0.181
63.355	6.377E-3	-0.180
63.388	1.056E-2	-0.180
63.422	1.376E-2	-0.180
63.455	1.622E-2	-0.180
63.488	1.701E-2	-0.180
63.522	1.638E-2	-0.180
63.555	1.440E-2	-0.180
63.588	1.159E-2	-0.180
63.622	7.293E-3	-0.180
63.655	2.582E-3	-0.181
63.688	-2.462E-3	-0.181
63.722	-7.082E-3	-0.181
63.755	-1.104E-2	-0.181
63.789	-1.483E-2	-0.180
63.822	-1.689E-2	-0.180
63.855	-1.794E-2	-0.180
63.889	-1.743E-2	-0.180
63.922	-1.554E-2	-0.180
63.955	-1.219E-2	-0.181
63.989	-8.304E-3	-0.181
64.022	-3.825E-3	-0.181
64.055	1.255E-3	-0.181
64.089	5.874E-3	-0.181
64.122	1.048E-2	-0.180
64.156	1.416E-2	-0.180
64.189	1.609E-2	-0.180
64.222	1.694E-2	-0.180
64.256	1.637E-2	-0.180
64.289	1.479E-2	-0.180
64.322	1.177E-2	-0.180
64.356	7.727E-3	-0.181
64.389	2.787E-3	-0.181
64.422	-1.970E-3	-0.180
64.456	-6.522E-3	-0.181
64.489	-1.093E-2	-0.180
64.523	-1.477E-2	-0.180
64.556	-1.677E-2	-0.180
64.589	-1.753E-2	-0.180
64.623	-1.731E-2	-0.180
64.656	-1.548E-2	-0.180
64.689	-1.218E-2	-0.181
64.723	-8.385E-3	-0.181
64.756	-3.859E-3	-0.181
64.789	8.046E-4	-0.181
64.823	5.748E-3	-0.181
64.856	1.038E-2	-0.180
64.890	1.373E-2	-0.180
64.923	1.566E-2	-0.180
64.956	1.681E-2	-0.180
64.990	1.631E-2	-0.180
65.023	1.437E-2	-0.180
65.056	1.172E-2	-0.180
65.090	7.733E-3	-0.180
65.123	3.132E-3	-0.181
65.156	-1.813E-3	-0.180
65.190	-6.467E-3	-0.181
65.223	-1.033E-2	-0.181
65.257	-1.424E-2	-0.180
65.290	-1.623E-2	-0.180
65.323	-1.728E-2	-0.180
65.357	-1.698E-2	-0.180
65.390	-1.542E-2	-0.180
65.423	-1.169E-2	-0.181
65.457	-8.398E-3	-0.181
65.490	-3.965E-3	-0.181
65.523	8.213E-4	-0.181
65.557	5.751E-3	-0.181
65.590	9.885E-3	-0.180
65.624	1.353E-2	-0.180
65.657	1.554E-2	-0.180
65.690	1.670E-2	-0.180
65.724	1.628E-2	-0.180
65.757	1.444E-2	-0.180
65.790	1.175E-2	-0.180
65.824	7.810E-3	-0.180
65.857	3.273E-3	-0.180
65.890	-1.729E-3	-0.181
65.924	-6.346E-3	-0.181
65.957	-1.030E-2	-0.180
65.990	-1.412E-2	-0.180
66.024	-1.616E-2	-0.180
66.057	-1.731E-2	-0.180
66.091	-1.692E-2	-0.180
66.124	-1.532E-2	-0.180
66.157	-1.166E-2	-0.181
66.191	-8.393E-3	-0.181
66.224	-4.328E-3	-0.181
66.257	5.651E-4	-0.181
66.291	5.275E-3	-0.181
66.324	9.723E-3	-0.180
66.357	1.309E-2	-0.180
66.391	1.536E-2	-0.180
66.424	1.626E-2	-0.180
66.458	1.605E-2	-0.180
66.491	1.425E-2	-0.180
66.524	1.166E-2	-0.180
66.558	7.772E-3	-0.180
66.591	3.296E-3	-0.181
66.624	-1.356E-3	-0.181
66.658	-6.281E-3	-0.181
66.691	-1.020E-2	-0.180
66.724	-1.403E-2	-0.180
66.758	-1.609E-2	-0.180
66.791	-1.724E-2	-0.180
66.825	-1.682E-2	-0.180
66.858	-1.541E-2	-0.180
66.891	-1.167E-2	-0.181
66.925	-8.685E-3	-0.181
66.958	-4.338E-3	-0.181
66.991	3.009E-4	-0.181
67.025	5.172E-3	-0.181
67.058	9.285E-3	-0.180
67.091	1.301E-2	-0.180
67.125	1.524E-2	-0.180
67.158	1.608E-2	-0.180
67.192	1.582E-2	-0.180
67.225	1.410E-2	-0.180
67.258	1.166E-2	-0.180
67.292	7.728E-3	-0.180
67.325	3.301E-3	-0.180
67.358	-1.342E-3	-0.181
67.392	-5.765E-3	-0.181
67.425	-9.674E-3	-0.181
67.458	-1.358E-2	-0.180
67.492	-1.554E-2	-0.180
67.525	-1.736E-2	-0.179
67.559	-1.665E-2	-0.180
67.592	-1.522E-2	-0.180
67.625	-1.285E-2	-0.180
67.659	-8.870E-3	-0.180
67.692	-4.491E-3	-0.181
67.725	8.242E-5	-0.181
67.759	4.675E-3	-0.181
67.792	9.100E-3	-0.180
67.825	1.276E-2	-0.180
67.859	1.486E-2	-0.180
67.892	1.599E-2	-0.180
67.926	1.569E-2	-0.180
67.959	1.407E-2	-0.180
67.992	1.146E-2	-0.180
68.026	7.848E-3	-0.180
68.059	3.327E-3	-0.181
68.092	-1.245E-3	-0.181
68.126	-5.842E-3	-0.181
68.159	-9.736E-3	-0.181
68.192	-1.354E-2	-0.180
68.226	-1.574E-2	-0.180
68.259	-1.672E-2	-0.180
68.292	-1.632E-2	-0.180
68.326	-1.521E-2	-0.180
68.359	-1.210E-2	-0.180
68.393	-8.462E-3	-0.181
68.426	-4.341E-3	-0.181
68.459	1.423E-4	-0.181
68.493	4.588E-3	-0.181
68.526	8.897E-3	-0.180
68.559	1.240E-2	-0.180
68.593	1.489E-2	-0.180
68.626	1.567E-2	-0.180
68.659	1.553E-2	-0.180
68.693	1.421E-2	-0.180
68.726	1.162E-2	-0.180
68.760	7.870E-3	-0.180
68.793	3.423E-3	-0.181
68.826	-1.235E-3	-0.181
68.860	-5.722E-3	-0.181
68.893	-9.616E-3	-0.181
68.926	-1.349E-2	-0.180
68.960	-1.553E-2	-0.180
68.993	-1.672E-2	-0.180
69.026	-1.624E-2	-0.180
69.060	-1.495E-2	-0.180
69.093	-1.212E-2	-0.181
69.127	-8.491E-3	-0.181
69.160	-4.481E-3	-0.181
69.193	-1.860E-5	-0.181
69.227	4.547E-3	-0.181
69.260	8.601E-3	-0.180
69.293	1.234E-2	-0.180
69.327	1.435E-2	-0.180
69.360	1.551E-2	-0.180
69.393	1.551E-2	-0.180
69.427	1.395E-2	-0.180
69.460	1.165E-2	-0.180
69.494	7.954E-3	-0.180
69.527	3.848E-3	-0.181
69.560	-7.372E-4	-0.181
69.594	-5.128E-3	-0.181
69.627	-8.995E-3	-0.181
69.660	-1.294E-2	-0.180
69.694	-1.495E-2	-0.180
69.727	-1.608E-2	-0.180
69.760	-1.609E-2	-0.180
69.794	-1.470E-2	-0.180
69.827	-1.268E-2	-0.180
69.861	-8.371E-3	-0.181
69.894	-4.437E-3	-0.181
69.927	-1.604E-4	-0.181
69.961	4.289E-3	-0.181
69.994	8.511E-3	-0.180
70.027	1.222E-2	-0.180
70.061	1.453E-2	-0.180
70.094	1.572E-2	-0.180
70.127	1.536E-2	-0.180
70.161	1.398E-2	-0.180
70.194	1.153E-2	-0.180
70.227	8.067E-3	-0.180
70.261	3.843E-3	-0.181
70.294	-6.923E-4	-0.181
70.328	-5.107E-3	-0.181
70.361	-9.073E-3	-0.181
70.394	-1.229E-2	-0.180
70.428	-1.482E-2	-0.180
70.461	-1.601E-2	-0.180
70.494	-1.605E-2	-0.180
70.528	-1.478E-2	-0.180
70.561	-1.178E-2	-0.180
70.594	-8.895E-3	-0.181
70.628	-4.936E-3	-0.181
70.661	-5.218E-4	-0.181
70.695	4.078E-3	-0.181
70.728	8.333E-3	-0.180
70.761	1.177E-2	-0.180
70.795	1.414E-2	-0.180
70.828	1.505E-2	-0.180
70.861	1.504E-2	-0.180
70.895	1.369E-2	-0.180
70.928	1.160E-2	-0.180
70.961	8.054E-3	-0.180
70.995	3.848E-3	-0.181
71.028	-5.758E-4	-0.181
71.062	-4.999E-3	-0.181
71.095	-8.920E-3	-0.180
71.128	-1.215E-2	-0.180
71.162	-1.494E-2	-0.180
71.195	-1.609E-2	-0.180
71.228	-1.606E-2	-0.180
71.262	-1.482E-2	-0.180
71.295	-1.173E-2	-0.181
71.328	-8.912E-3	-0.181
71.362	-5.021E-3	-0.181
71.395	-6.216E-4	-0.181
71.429	3.888E-3	-0.181
71.462	7.913E-3	-0.180
71.495	1.168E-2	-0.180
71.529	1.392E-2	-0.180
71.562	1.492E-2	-0.180
71.595	1.491E-2	-0.180
71.629	1.362E-2	-0.180
71.662	1.156E-2	-0.180
71.695	7.972E-3	-0.180
71.729	3.897E-3	-0.180
71.762	-5.474E-4	-0.181
71.796	-4.968E-3	-0.181
71.829	-8.923E-3	-0.180
71.862	-1.274E-2	-0.180
71.896	-1.483E-2	-0.180
71.929	-1.608E-2	-0.180
71.962	-1.609E-2	-0.180
71.996	-1.481E-2	-0.180
72.029	-1.213E-2	-0.180
72.062	-9.076E-3	-0.181
72.096	-5.147E-3	-0.181
72.129	-7.297E-4	-0.181
72.163	3.439E-3	-0.180
72.196	7.733E-3	-0.180
72.229	1.110E-2	-0.180
72.263	1.363E-2	-0.180
72.296	1.494E-2	-0.180
72.329	1.480E-2	-0.180
72.363	1.368E-2	-0.180
72.396	1.120E-2	-0.180
72.429	7.903E-3	-0.181
72.463	3.910E-3	-0.181
72.496	-4.788E-4	-0.181
72.529	-4.636E-3	-0.181
72.563	-8.789E-3	-0.181
72.596	-1.184E-2	-0.181
72.630	-1.452E-2	-0.180
72.663	-1.575E-2	-0.180
72.696	-1.581E-2	-0.180
72.730	-1.459E-2	-0.180
72.763	-1.182E-2	-0.180
72.796	-9.009E-3	-0.181
72.830	-5.225E-3	-0.181
72.863	-9.212E-4	-0.181
72.896	3.313E-3	-0.181
72.930	7.474E-3	-0.180
72.963	1.088E-2	-0.180
72.997	1.327E-2	-0.180
73.030	1.442E-2	-0.180
73.063	1.442E-2	-0.180
73.097	1.314E-2	-0.180
73.130	1.118E-2	-0.180
73.163	7.856E-3	-0.180
73.197	3.849E-3	-0.181
73.230	-5.031E-4	-0.181
73.263	-4.593E-3	-0.181
73.297	-8.425E-3	-0.181
73.330	-1.221E-2	-0.180
73.364	-1.446E-2	-0.180
73.397	-1.566E-2	-0.180
73.430	-1.574E-2	-0.180
73.464	-1.474E-2	-0.180
73.497	-1.274E-2	-0.180
73.530	-8.991E-3	-0.181
73.564	-5.232E-3	-0.181
73.597	-1.176E-3	-0.181
73.630	3.298E-3	-0.181
73.664	7.216E-3	-0.180
73.697	1.053E-2	-0.180
73.731	1.302E-2	-0.180
73.764	1.422E-2	-0.180
73.797	1.428E-2	-0.180
73.831	1.307E-2	-0.180
73.864	1.117E-2	-0.180
73.897	7.906E-3	-0.180
73.931	3.963E-3	-0.181
73.964	-4.563E-4	-0.181
73.997	-4.535E-3	-0.181
74.031	-8.309E-3	-0.180
74.064	-1.143E-2	-0.180
74.098	-1.423E-2	-0.180
74.131	-1.546E-2	-0.180
74.164	-1.553E-2	-0.180
74.198	-1.469E-2	-0.180
74.231	-1.274E-2	-0.180
74.264	-9.132E-3	-0.181
74.298	-5.238E-3	-0.181
74.331	-1.129E-3	-0.181
74.364	3.156E-3	-0.181
74.398	7.178E-3	-0.180
74.431	1.042E-2	-0.180
74.465	1.291E-2	-0.180
74.498	1.423E-2	-0.180
74.531	1.436E-2	-0.180
74.565	1.340E-2	-0.180
74.598	1.104E-2	-0.180
74.631	7.892E-3	-0.181
74.665	4.031E-3	-0.181
74.698	-1.258E-5	-0.181
74.731	-4.346E-3	-0.181
74.765	-8.232E-3	-0.181
74.798	-1.171E-2	-0.180
74.831	-1.410E-2	-0.180
74.865	-1.536E-2	-0.180
74.898	-1.546E-2	-0.180
74.932	-1.449E-2	-0.180
74.965	-1.256E-2	-0.180
74.998	-8.910E-3	-0.180
75.032	-5.237E-3	-0.181
75.065	-1.296E-3	-0.181
75.098	2.796E-3	-0.181
75.132	7.027E-3	-0.180
75.165	1.036E-2	-0.180
75.198	1.285E-2	-0.180
75.232	1.418E-2	-0.180
75.265	1.435E-2	-0.180
75.299	1.313E-2	-0.180
75.332	1.105E-2	-0.180
75.365	7.900E-3	-0.180
75.399	3.993E-3	-0.181
75.432	-4.306E-4	-0.181
75.465	-4.315E-3	-0.181
75.499	-8.194E-3	-0.181
75.532	-1.142E-2	-0.181
75.565	-1.411E-2	-0.180
75.599	-1.539E-2	-0.180
75.632	-1.544E-2	-0.180
75.666	-1.469E-2	-0.180
75.699	-1.219E-2	-0.180
75.732	-9.490E-3	-0.181
75.766	-5.751E-3	-0.181
75.799	-1.791E-3	-0.181
75.832	2.584E-3	-0.181
75.866	6.544E-3	-0.180
75.899	9.813E-3	-0.180
75.932	1.233E-2	-0.180
75.966	1.367E-2	-0.180
75.999	1.378E-2	-0.180
76.033	1.289E-2	-0.180
