	mass A		
t	x	y	
1.435	-3.453E-2	-0.163
1.468	-3.441E-2	-0.163
1.501	-3.414E-2	-0.163
1.535	-3.351E-2	-0.163
1.568	-3.060E-2	-0.163
1.601	-2.606E-2	-0.164
1.635	-1.959E-2	-0.165
1.668	-1.250E-2	-0.166
1.701	-4.424E-3	-0.166
1.735	3.663E-3	-0.166
1.768	1.203E-2	-0.166
1.802	1.958E-2	-0.165
1.835	2.573E-2	-0.164
1.868	3.050E-2	-0.163
1.902	3.359E-2	-0.163
1.935	3.458E-2	-0.162
1.968	3.273E-2	-0.163
2.002	2.872E-2	-0.164
2.035	2.311E-2	-0.165
2.068	1.612E-2	-0.166
2.102	7.688E-3	-0.166
2.135	-8.011E-4	-0.166
2.169	-9.491E-3	-0.166
2.202	-1.754E-2	-0.166
2.235	-2.407E-2	-0.165
2.269	-2.943E-2	-0.164
2.302	-3.199E-2	-0.163
2.335	-3.254E-2	-0.163
2.369	-3.141E-2	-0.163
2.402	-2.789E-2	-0.164
2.435	-2.290E-2	-0.165
2.469	-1.546E-2	-0.166
2.502	-7.345E-3	-0.166
2.536	1.119E-3	-0.166
2.569	9.621E-3	-0.166
2.602	1.772E-2	-0.165
2.636	2.457E-2	-0.164
2.669	2.962E-2	-0.163
2.702	3.262E-2	-0.163
2.736	3.372E-2	-0.162
2.769	3.265E-2	-0.163
2.802	2.921E-2	-0.163
2.836	2.406E-2	-0.164
2.869	1.758E-2	-0.165
2.903	9.616E-3	-0.166
2.936	1.029E-3	-0.166
2.969	-7.833E-3	-0.166
3.003	-1.596E-2	-0.166
3.036	-2.287E-2	-0.165
3.069	-2.844E-2	-0.164
3.103	-3.192E-2	-0.163
3.136	-3.313E-2	-0.163
3.169	-3.163E-2	-0.163
3.203	-2.896E-2	-0.164
3.236	-2.396E-2	-0.165
3.270	-1.709E-2	-0.166
3.303	-9.026E-3	-0.166
3.336	-5.230E-4	-0.166
3.370	7.641E-3	-0.166
3.403	1.599E-2	-0.165
3.436	2.312E-2	-0.164
3.470	2.863E-2	-0.163
3.503	3.178E-2	-0.163
3.536	3.339E-2	-0.162
3.570	3.292E-2	-0.162
3.603	3.025E-2	-0.163
3.637	2.521E-2	-0.164
3.670	1.874E-2	-0.165
3.703	1.127E-2	-0.166
3.737	2.811E-3	-0.166
3.770	-6.106E-3	-0.166
3.803	-1.438E-2	-0.165
3.837	-2.167E-2	-0.165
3.870	-2.712E-2	-0.164
3.903	-3.058E-2	-0.163
3.937	-3.254E-2	-0.163
3.970	-3.205E-2	-0.163
4.004	-2.947E-2	-0.163
4.037	-2.498E-2	-0.164
4.070	-1.885E-2	-0.165
4.104	-1.088E-2	-0.166
4.137	-2.361E-3	-0.166
4.170	6.122E-3	-0.166
4.204	1.414E-2	-0.165
4.237	2.123E-2	-0.165
4.270	2.715E-2	-0.164
4.304	3.112E-2	-0.163
4.337	3.272E-2	-0.162
4.370	3.261E-2	-0.162
4.404	3.055E-2	-0.163
4.437	2.618E-2	-0.164
4.471	2.005E-2	-0.165
4.504	1.258E-2	-0.166
4.537	4.553E-3	-0.166
4.571	-4.034E-3	-0.166
4.604	-1.240E-2	-0.166
4.637	-1.994E-2	-0.165
4.671	-2.594E-2	-0.164
4.704	-2.978E-2	-0.164
4.737	-3.200E-2	-0.163
4.771	-3.201E-2	-0.163
4.804	-2.986E-2	-0.164
4.838	-2.540E-2	-0.164
4.871	-1.954E-2	-0.165
4.904	-1.252E-2	-0.166
4.938	-4.043E-3	-0.166
4.971	4.682E-3	-0.166
5.004	1.273E-2	-0.166
5.038	2.009E-2	-0.165
5.071	2.606E-2	-0.164
5.104	3.051E-2	-0.163
5.138	3.263E-2	-0.163
5.171	3.267E-2	-0.163
5.205	3.102E-2	-0.163
5.238	2.752E-2	-0.164
5.271	2.162E-2	-0.165
5.305	1.454E-2	-0.166
5.338	6.479E-3	-0.166
5.371	-1.906E-3	-0.166
5.405	-1.039E-2	-0.166
5.438	-1.804E-2	-0.165
5.471	-2.442E-2	-0.165
5.505	-2.894E-2	-0.164
5.538	-3.144E-2	-0.163
5.572	-3.199E-2	-0.163
5.605	-3.019E-2	-0.164
5.638	-2.648E-2	-0.164
5.672	-2.087E-2	-0.165
5.705	-1.357E-2	-0.166
5.738	-5.865E-3	-0.166
5.772	2.631E-3	-0.166
5.805	1.102E-2	-0.166
5.838	1.818E-2	-0.165
5.872	2.456E-2	-0.164
5.905	2.919E-2	-0.163
5.939	3.204E-2	-0.163
5.972	3.263E-2	-0.163
6.005	3.113E-2	-0.163
6.039	2.763E-2	-0.164
6.072	2.239E-2	-0.165
6.105	1.570E-2	-0.165
6.139	7.671E-3	-0.166
6.172	-9.575E-4	-0.166
6.205	-9.351E-3	-0.166
6.239	-1.693E-2	-0.166
6.272	-2.361E-2	-0.165
6.306	-2.853E-2	-0.164
6.339	-3.111E-2	-0.163
6.372	-3.184E-2	-0.163
6.406	-3.058E-2	-0.164
6.439	-2.746E-2	-0.164
6.472	-2.191E-2	-0.165
6.506	-1.541E-2	-0.166
6.539	-7.489E-3	-0.166
6.572	8.292E-4	-0.166
6.606	9.110E-3	-0.166
6.639	1.672E-2	-0.165
6.673	2.309E-2	-0.164
6.706	2.807E-2	-0.163
6.739	3.118E-2	-0.163
6.773	3.236E-2	-0.162
6.806	3.123E-2	-0.163
6.839	2.814E-2	-0.163
6.873	2.312E-2	-0.164
6.906	1.669E-2	-0.165
6.939	9.026E-3	-0.166
6.973	6.730E-4	-0.166
7.006	-7.440E-3	-0.166
7.039	-1.543E-2	-0.166
7.073	-2.219E-2	-0.165
7.106	-2.737E-2	-0.164
7.140	-3.046E-2	-0.164
7.173	-3.191E-2	-0.163
7.206	-3.087E-2	-0.164
7.240	-2.801E-2	-0.164
7.273	-2.347E-2	-0.165
7.306	-1.691E-2	-0.165
7.340	-9.372E-3	-0.166
7.373	-1.071E-3	-0.166
7.406	7.331E-3	-0.166
7.440	1.513E-2	-0.165
7.473	2.190E-2	-0.165
7.507	2.690E-2	-0.164
7.540	3.039E-2	-0.163
7.573	3.213E-2	-0.163
7.607	3.156E-2	-0.163
7.640	2.895E-2	-0.163
7.673	2.422E-2	-0.164
7.707	1.819E-2	-0.165
7.740	1.065E-2	-0.166
7.773	2.619E-3	-0.166
7.807	-5.782E-3	-0.166
7.840	-1.378E-2	-0.166
7.874	-2.055E-2	-0.165
7.907	-2.589E-2	-0.164
7.940	-2.992E-2	-0.164
7.974	-3.171E-2	-0.163
8.007	-3.093E-2	-0.164
8.040	-2.899E-2	-0.164
8.074	-2.442E-2	-0.165
8.107	-1.807E-2	-0.166
8.140	-1.086E-2	-0.166
8.174	-2.649E-3	-0.166
8.207	5.282E-3	-0.166
8.241	1.340E-2	-0.166
8.274	2.032E-2	-0.165
8.307	2.609E-2	-0.164
8.341	2.971E-2	-0.163
8.374	3.159E-2	-0.163
8.407	3.160E-2	-0.163
8.441	2.936E-2	-0.163
8.474	2.508E-2	-0.164
8.507	1.922E-2	-0.165
8.541	1.222E-2	-0.166
8.574	4.358E-3	-0.166
8.608	-4.081E-3	-0.166
8.641	-1.222E-2	-0.166
8.674	-1.911E-2	-0.165
8.708	-2.493E-2	-0.165
8.741	-2.919E-2	-0.164
8.774	-3.129E-2	-0.164
8.808	-3.116E-2	-0.164
8.841	-2.925E-2	-0.164
8.874	-2.517E-2	-0.165
8.908	-1.934E-2	-0.165
8.941	-1.236E-2	-0.166
8.975	-4.357E-3	-0.166
9.008	3.987E-3	-0.166
9.041	1.179E-2	-0.166
9.075	1.886E-2	-0.165
9.108	2.481E-2	-0.164
9.141	2.902E-2	-0.163
9.175	3.118E-2	-0.163
9.208	3.153E-2	-0.163
9.241	2.989E-2	-0.163
9.275	2.614E-2	-0.164
9.308	2.056E-2	-0.165
9.342	1.370E-2	-0.166
9.375	6.027E-3	-0.166
9.408	-2.194E-3	-0.166
9.442	-1.040E-2	-0.166
9.475	-1.768E-2	-0.165
9.508	-2.361E-2	-0.165
9.542	-2.824E-2	-0.164
9.575	-3.089E-2	-0.163
9.608	-3.121E-2	-0.163
9.642	-2.944E-2	-0.164
9.675	-2.591E-2	-0.164
9.708	-2.051E-2	-0.165
9.742	-1.354E-2	-0.166
9.775	-5.699E-3	-0.166
9.809	2.398E-3	-0.166
9.842	1.021E-2	-0.166
9.875	1.725E-2	-0.165
9.909	2.351E-2	-0.164
9.942	2.823E-2	-0.163
9.975	3.073E-2	-0.163
10.009	3.142E-2	-0.163
10.042	3.012E-2	-0.163
10.075	2.679E-2	-0.164
10.109	2.169E-2	-0.165
10.142	1.500E-2	-0.165
10.176	7.361E-3	-0.166
10.209	-4.624E-4	-0.166
10.242	-8.563E-3	-0.166
10.276	-1.637E-2	-0.166
10.309	-2.246E-2	-0.165
10.342	-2.704E-2	-0.164
10.376	-2.993E-2	-0.164
10.409	-3.095E-2	-0.163
10.442	-2.984E-2	-0.164
10.476	-2.660E-2	-0.164
10.509	-2.139E-2	-0.165
10.543	-1.540E-2	-0.166
10.576	-7.829E-3	-0.166
10.609	5.151E-4	-0.166
10.643	8.590E-3	-0.166
10.676	1.569E-2	-0.165
10.709	2.213E-2	-0.164
10.743	2.713E-2	-0.164
10.776	3.017E-2	-0.163
10.809	3.117E-2	-0.163
10.843	3.013E-2	-0.163
10.876	2.717E-2	-0.164
10.910	2.266E-2	-0.164
10.943	1.650E-2	-0.165
10.976	9.016E-3	-0.166
11.010	1.053E-3	-0.166
11.043	-6.849E-3	-0.166
11.076	-1.452E-2	-0.166
11.110	-2.142E-2	-0.165
11.143	-2.606E-2	-0.164
11.176	-2.955E-2	-0.163
11.210	-3.057E-2	-0.163
11.243	-3.005E-2	-0.163
11.277	-2.746E-2	-0.164
11.310	-2.249E-2	-0.165
11.343	-1.651E-2	-0.165
11.377	-8.989E-3	-0.166
11.410	-1.383E-3	-0.166
11.443	6.972E-3	-0.166
11.477	1.448E-2	-0.165
11.510	2.071E-2	-0.165
11.543	2.608E-2	-0.164
11.577	2.961E-2	-0.163
11.610	3.109E-2	-0.163
11.644	3.060E-2	-0.163
11.677	2.810E-2	-0.163
11.710	2.371E-2	-0.164
11.744	1.799E-2	-0.165
11.777	1.066E-2	-0.166
11.810	2.671E-3	-0.166
11.844	-5.348E-3	-0.166
11.877	-1.289E-2	-0.166
11.910	-1.989E-2	-0.165
11.944	-2.538E-2	-0.164
11.977	-2.901E-2	-0.164
12.011	-3.049E-2	-0.163
12.044	-3.043E-2	-0.163
12.077	-2.805E-2	-0.164
12.111	-2.402E-2	-0.164
12.144	-1.784E-2	-0.165
12.177	-1.056E-2	-0.166
12.211	-2.932E-3	-0.166
12.244	5.008E-3	-0.166
12.277	1.287E-2	-0.166
12.311	1.965E-2	-0.165
12.344	2.503E-2	-0.164
12.377	2.888E-2	-0.163
12.411	3.092E-2	-0.163
12.444	3.074E-2	-0.163
12.478	2.865E-2	-0.163
12.511	2.465E-2	-0.164
12.544	1.911E-2	-0.165
12.578	1.215E-2	-0.166
12.611	4.484E-3	-0.166
12.644	-3.536E-3	-0.166
12.678	-1.106E-2	-0.166
12.711	-1.800E-2	-0.165
12.744	-2.399E-2	-0.164
12.778	-2.789E-2	-0.164
12.811	-2.991E-2	-0.163
12.845	-2.994E-2	-0.163
12.878	-2.800E-2	-0.164
12.911	-2.452E-2	-0.164
12.945	-1.890E-2	-0.165
12.978	-1.199E-2	-0.166
13.011	-4.407E-3	-0.166
13.045	3.510E-3	-0.166
13.078	1.117E-2	-0.166
13.111	1.849E-2	-0.165
13.145	2.402E-2	-0.164
13.178	2.813E-2	-0.163
13.212	3.022E-2	-0.163
13.245	3.069E-2	-0.163
13.278	2.905E-2	-0.163
13.312	2.551E-2	-0.164
13.345	2.019E-2	-0.165
13.378	1.371E-2	-0.165
13.412	6.126E-3	-0.166
13.445	-1.927E-3	-0.166
13.478	-9.834E-3	-0.166
13.512	-1.692E-2	-0.165
13.545	-2.290E-2	-0.164
13.579	-2.705E-2	-0.164
13.612	-2.964E-2	-0.163
13.645	-2.997E-2	-0.163
13.679	-2.849E-2	-0.164
13.712	-2.499E-2	-0.164
13.745	-1.993E-2	-0.165
13.779	-1.338E-2	-0.166
13.812	-5.932E-3	-0.166
13.845	2.048E-3	-0.166
13.879	9.621E-3	-0.166
13.912	1.702E-2	-0.165
13.946	2.267E-2	-0.164
13.979	2.710E-2	-0.163
14.012	2.973E-2	-0.163
14.046	3.058E-2	-0.163
14.079	2.956E-2	-0.163
14.112	2.615E-2	-0.164
14.146	2.108E-2	-0.165
14.179	1.504E-2	-0.165
14.212	7.547E-3	-0.166
14.246	-3.646E-4	-0.166
14.279	-8.005E-3	-0.166
14.313	-1.538E-2	-0.165
14.346	-2.158E-2	-0.165
14.379	-2.606E-2	-0.164
14.413	-2.896E-2	-0.164
14.446	-2.994E-2	-0.163
14.479	-2.877E-2	-0.164
14.513	-2.562E-2	-0.164
14.546	-2.088E-2	-0.165
14.579	-1.488E-2	-0.166
14.613	-7.403E-3	-0.166
14.646	5.336E-4	-0.166
14.680	8.144E-3	-0.166
14.713	1.552E-2	-0.165
14.746	2.164E-2	-0.164
14.780	2.650E-2	-0.164
14.813	2.920E-2	-0.163
14.846	3.022E-2	-0.163
14.880	2.957E-2	-0.163
14.913	2.669E-2	-0.164
14.946	2.220E-2	-0.164
14.980	1.614E-2	-0.165
15.013	9.135E-3	-0.166
15.046	1.583E-3	-0.166
15.080	-6.505E-3	-0.166
15.113	-1.397E-2	-0.166
15.147	-2.003E-2	-0.165
15.180	-2.508E-2	-0.164
15.213	-2.813E-2	-0.164
15.247	-2.993E-2	-0.163
15.280	-2.890E-2	-0.164
15.313	-2.601E-2	-0.164
15.347	-2.190E-2	-0.165
15.380	-1.591E-2	-0.165
15.413	-8.978E-3	-0.166
15.447	-9.508E-4	-0.166
15.480	6.651E-3	-0.166
15.514	1.401E-2	-0.165
15.547	2.020E-2	-0.165
15.580	2.550E-2	-0.164
15.614	2.864E-2	-0.163
15.647	3.011E-2	-0.163
15.680	2.964E-2	-0.163
15.714	2.722E-2	-0.163
15.747	2.307E-2	-0.164
15.780	1.722E-2	-0.165
15.814	1.049E-2	-0.166
15.847	2.698E-3	-0.166
15.881	-4.953E-3	-0.166
15.914	-1.252E-2	-0.166
15.947	-1.902E-2	-0.165
15.981	-2.411E-2	-0.164
16.014	-2.759E-2	-0.164
16.047	-2.911E-2	-0.163
16.081	-2.902E-2	-0.163
16.114	-2.679E-2	-0.164
16.147	-2.274E-2	-0.164
16.181	-1.695E-2	-0.165
16.214	-9.940E-3	-0.166
16.248	-2.449E-3	-0.166
16.281	5.252E-3	-0.166
16.314	1.249E-2	-0.166
16.348	1.910E-2	-0.165
16.381	2.422E-2	-0.164
16.414	2.802E-2	-0.163
16.448	2.981E-2	-0.163
16.481	2.971E-2	-0.163
16.514	2.763E-2	-0.163
16.548	2.404E-2	-0.164
16.581	1.855E-2	-0.165
16.615	1.167E-2	-0.166
16.648	4.514E-3	-0.166
16.681	-3.394E-3	-0.166
16.715	-1.097E-2	-0.166
16.748	-1.769E-2	-0.165
16.781	-2.337E-2	-0.164
16.815	-2.696E-2	-0.164
16.848	-2.905E-2	-0.163
16.881	-2.908E-2	-0.163
16.915	-2.701E-2	-0.164
16.948	-2.351E-2	-0.164
16.982	-1.790E-2	-0.165
17.015	-1.147E-2	-0.166
17.048	-4.310E-3	-0.166
17.082	3.617E-3	-0.166
17.115	1.103E-2	-0.166
17.148	1.762E-2	-0.165
17.182	2.315E-2	-0.164
17.215	2.713E-2	-0.163
17.248	2.923E-2	-0.163
17.282	2.956E-2	-0.163
17.315	2.775E-2	-0.163
17.349	2.450E-2	-0.164
17.382	1.933E-2	-0.165
17.415	1.303E-2	-0.166
17.449	5.718E-3	-0.166
17.482	-1.894E-3	-0.166
17.515	-9.379E-3	-0.166
17.549	-1.657E-2	-0.165
17.582	-2.203E-2	-0.165
17.615	-2.599E-2	-0.164
17.649	-2.839E-2	-0.164
17.682	-2.875E-2	-0.164
17.715	-2.748E-2	-0.164
17.749	-2.403E-2	-0.164
17.782	-1.885E-2	-0.165
17.816	-1.262E-2	-0.166
17.849	-5.410E-3	-0.166
17.882	2.257E-3	-0.166
17.916	9.928E-3	-0.166
17.949	1.665E-2	-0.165
17.982	2.213E-2	-0.164
18.016	2.631E-2	-0.164
18.049	2.893E-2	-0.163
18.082	2.951E-2	-0.163
18.116	2.819E-2	-0.163
18.149	2.510E-2	-0.164
18.183	2.030E-2	-0.165
18.216	1.415E-2	-0.165
18.249	6.962E-3	-0.166
18.283	-7.016E-4	-0.166
18.316	-8.066E-3	-0.166
18.349	-1.510E-2	-0.166
18.383	-2.099E-2	-0.165
18.416	-2.548E-2	-0.164
18.449	-2.807E-2	-0.164
18.483	-2.889E-2	-0.164
18.516	-2.766E-2	-0.164
18.550	-2.474E-2	-0.164
18.583	-1.990E-2	-0.165
18.616	-1.378E-2	-0.166
18.650	-6.624E-3	-0.166
18.683	8.058E-4	-0.166
18.716	8.385E-3	-0.166
18.750	1.518E-2	-0.165
18.783	2.088E-2	-0.165
18.816	2.540E-2	-0.164
18.850	2.827E-2	-0.163
18.883	2.930E-2	-0.163
18.917	2.837E-2	-0.163
18.950	2.551E-2	-0.164
18.983	2.108E-2	-0.165
19.017	1.525E-2	-0.165
19.050	8.338E-3	-0.166
19.083	8.138E-4	-0.166
19.117	-6.617E-3	-0.166
19.150	-1.379E-2	-0.166
19.183	-1.977E-2	-0.165
19.217	-2.474E-2	-0.164
19.250	-2.770E-2	-0.164
19.284	-2.875E-2	-0.164
19.317	-2.787E-2	-0.164
19.350	-2.522E-2	-0.164
19.384	-2.072E-2	-0.165
19.417	-1.493E-2	-0.166
19.450	-8.000E-3	-0.166
19.484	-5.989E-4	-0.166
19.517	6.785E-3	-0.166
19.550	1.396E-2	-0.166
19.584	1.995E-2	-0.165
19.617	2.467E-2	-0.164
19.651	2.777E-2	-0.163
19.684	2.909E-2	-0.163
19.717	2.858E-2	-0.163
19.751	2.609E-2	-0.164
19.784	2.192E-2	-0.164
19.817	1.633E-2	-0.165
19.851	9.722E-3	-0.166
19.884	2.254E-3	-0.166
19.917	-5.233E-3	-0.166
19.951	-1.230E-2	-0.166
19.984	-1.826E-2	-0.165
20.018	-2.357E-2	-0.165
20.051	-2.683E-2	-0.164
20.084	-2.831E-2	-0.164
20.118	-2.786E-2	-0.164
20.151	-2.546E-2	-0.164
20.184	-2.135E-2	-0.165
20.218	-1.578E-2	-0.165
20.251	-9.149E-3	-0.166
20.284	-1.848E-3	-0.166
20.318	5.785E-3	-0.166
20.351	1.272E-2	-0.166
20.384	1.887E-2	-0.165
20.418	2.381E-2	-0.164
20.451	2.720E-2	-0.164
20.485	2.892E-2	-0.163
20.518	2.871E-2	-0.163
20.551	2.656E-2	-0.164
20.585	2.257E-2	-0.164
20.618	1.714E-2	-0.165
20.651	1.067E-2	-0.166
20.685	3.555E-3	-0.166
20.718	-3.933E-3	-0.166
20.751	-1.110E-2	-0.166
20.785	-1.747E-2	-0.165
20.818	-2.284E-2	-0.165
20.852	-2.640E-2	-0.164
20.885	-2.843E-2	-0.164
20.918	-2.841E-2	-0.164
20.952	-2.638E-2	-0.164
20.985	-2.254E-2	-0.165
21.018	-1.707E-2	-0.165
21.052	-1.052E-2	-0.166
21.085	-3.355E-3	-0.166
21.118	4.134E-3	-0.166
21.152	1.116E-2	-0.166
21.185	1.762E-2	-0.165
21.219	2.271E-2	-0.164
21.252	2.653E-2	-0.164
21.285	2.857E-2	-0.163
21.319	2.865E-2	-0.163
21.352	2.674E-2	-0.164
21.385	2.349E-2	-0.164
21.419	1.850E-2	-0.165
21.452	1.210E-2	-0.166
21.485	5.005E-3	-0.166
21.519	-2.373E-3	-0.166
21.552	-9.897E-3	-0.166
21.586	-1.637E-2	-0.165
21.619	-2.155E-2	-0.165
21.652	-2.543E-2	-0.164
21.686	-2.752E-2	-0.164
21.719	-2.808E-2	-0.164
21.752	-2.642E-2	-0.164
21.786	-2.302E-2	-0.165
21.819	-1.785E-2	-0.165
21.852	-1.185E-2	-0.166
21.886	-4.832E-3	-0.166
21.919	2.637E-3	-0.166
21.953	1.000E-2	-0.166
21.986	1.652E-2	-0.165
22.019	2.187E-2	-0.165
22.053	2.593E-2	-0.164
22.086	2.806E-2	-0.164
22.119	2.864E-2	-0.163
22.153	2.722E-2	-0.164
22.186	2.411E-2	-0.164
22.219	1.919E-2	-0.165
22.253	1.315E-2	-0.166
22.286	6.306E-3	-0.166
22.320	-9.075E-4	-0.166
22.353	-8.298E-3	-0.166
22.386	-1.524E-2	-0.166
22.420	-2.054E-2	-0.165
22.453	-2.460E-2	-0.165
22.486	-2.708E-2	-0.164
22.520	-2.762E-2	-0.164
22.553	-2.648E-2	-0.164
22.586	-2.346E-2	-0.165
22.620	-1.900E-2	-0.165
22.653	-1.260E-2	-0.166
22.687	-5.666E-3	-0.166
22.720	1.612E-3	-0.166
22.753	8.584E-3	-0.166
22.787	1.508E-2	-0.165
22.820	2.084E-2	-0.165
22.853	2.513E-2	-0.164
22.887	2.763E-2	-0.164
22.920	2.849E-2	-0.163
22.953	2.725E-2	-0.164
22.987	2.470E-2	-0.164
23.020	2.019E-2	-0.165
23.053	1.444E-2	-0.166
23.087	7.651E-3	-0.166
23.120	4.482E-4	-0.166
23.154	-6.803E-3	-0.166
23.187	-1.355E-2	-0.166
23.220	-1.929E-2	-0.165
23.254	-2.392E-2	-0.165
23.287	-2.676E-2	-0.164
23.320	-2.752E-2	-0.164
23.354	-2.686E-2	-0.164
23.387	-2.400E-2	-0.165
23.420	-1.983E-2	-0.165
23.454	-1.434E-2	-0.166
23.487	-7.039E-3	-0.166
23.521	-2.034E-5	-0.166
23.554	7.207E-3	-0.166
23.587	1.369E-2	-0.166
23.621	1.967E-2	-0.165
23.654	2.412E-2	-0.164
23.687	2.711E-2	-0.164
23.721	2.817E-2	-0.164
23.754	2.751E-2	-0.164
23.787	2.506E-2	-0.164
23.821	2.107E-2	-0.165
23.854	1.558E-2	-0.165
23.888	9.010E-3	-0.166
23.921	2.002E-3	-0.166
23.954	-5.356E-3	-0.166
23.988	-1.240E-2	-0.166
24.021	-1.809E-2	-0.165
24.054	-2.301E-2	-0.165
24.088	-2.601E-2	-0.164
24.121	-2.711E-2	-0.164
24.154	-2.664E-2	-0.164
24.188	-2.445E-2	-0.165
24.221	-2.040E-2	-0.165
24.255	-1.504E-2	-0.166
24.288	-8.499E-3	-0.166
24.321	-1.403E-3	-0.166
24.355	6.052E-3	-0.166
24.388	1.271E-2	-0.166
24.421	1.868E-2	-0.165
24.455	2.350E-2	-0.164
24.488	2.660E-2	-0.164
24.521	2.810E-2	-0.163
24.555	2.767E-2	-0.164
24.588	2.556E-2	-0.164
24.622	2.167E-2	-0.165
24.655	1.659E-2	-0.165
24.688	1.014E-2	-0.166
24.722	3.078E-3	-0.166
24.755	-4.031E-3	-0.166
24.788	-1.090E-2	-0.166
24.822	-1.704E-2	-0.165
24.855	-2.200E-2	-0.165
24.888	-2.547E-2	-0.164
24.922	-2.684E-2	-0.164
24.955	-2.661E-2	-0.164
24.989	-2.463E-2	-0.165
25.022	-2.102E-2	-0.165
25.055	-1.595E-2	-0.166
25.089	-9.734E-3	-0.166
25.122	-2.690E-3	-0.166
25.155	4.523E-3	-0.166
25.189	1.134E-2	-0.166
25.222	1.742E-2	-0.165
25.255	2.231E-2	-0.165
25.289	2.587E-2	-0.164
25.322	2.765E-2	-0.164
25.356	2.778E-2	-0.164
25.389	2.592E-2	-0.164
25.422	2.245E-2	-0.164
25.456	1.744E-2	-0.165
25.489	1.137E-2	-0.166
25.522	4.421E-3	-0.166
25.556	-2.680E-3	-0.166
25.589	-9.719E-3	-0.166
25.622	-1.606E-2	-0.166
25.656	-2.104E-2	-0.165
25.689	-2.466E-2	-0.164
25.722	-2.671E-2	-0.164
25.756	-2.680E-2	-0.164
25.789	-2.516E-2	-0.165
25.823	-2.178E-2	-0.165
25.856	-1.690E-2	-0.166
25.889	-1.082E-2	-0.166
25.923	-4.097E-3	-0.166
25.956	2.899E-3	-0.166
25.989	9.902E-3	-0.166
26.023	1.620E-2	-0.165
26.056	2.129E-2	-0.165
26.089	2.493E-2	-0.164
26.123	2.704E-2	-0.164
26.156	2.752E-2	-0.164
26.190	2.618E-2	-0.164
26.223	2.305E-2	-0.164
26.256	1.840E-2	-0.165
26.290	1.255E-2	-0.166
26.323	5.896E-3	-0.166
26.356	-1.327E-3	-0.166
26.390	-8.381E-3	-0.166
26.423	-1.496E-2	-0.166
26.456	-2.009E-2	-0.165
26.490	-2.400E-2	-0.165
26.523	-2.649E-2	-0.164
26.557	-2.691E-2	-0.164
26.590	-2.548E-2	-0.164
26.623	-2.249E-2	-0.165
26.657	-1.788E-2	-0.165
26.690	-1.191E-2	-0.166
26.723	-5.038E-3	-0.166
26.757	2.014E-3	-0.166
26.790	8.680E-3	-0.166
26.823	1.516E-2	-0.165
26.857	2.052E-2	-0.165
26.890	2.439E-2	-0.164
26.924	2.673E-2	-0.164
26.957	2.750E-2	-0.164
26.990	2.655E-2	-0.164
27.024	2.364E-2	-0.164
27.057	1.912E-2	-0.165
27.090	1.360E-2	-0.166
27.124	7.152E-3	-0.166
27.157	9.150E-5	-0.166
27.190	-6.861E-3	-0.166
27.224	-1.349E-2	-0.166
27.257	-1.899E-2	-0.165
27.291	-2.340E-2	-0.165
27.324	-2.578E-2	-0.164
27.357	-2.687E-2	-0.164
27.391	-2.553E-2	-0.165
27.424	-2.282E-2	-0.165
27.457	-1.845E-2	-0.166
27.491	-1.303E-2	-0.166
27.524	-6.479E-3	-0.166
27.557	6.137E-4	-0.166
27.591	7.548E-3	-0.166
27.624	1.409E-2	-0.166
27.658	1.960E-2	-0.165
27.691	2.370E-2	-0.164
27.724	2.619E-2	-0.164
27.758	2.714E-2	-0.164
27.791	2.652E-2	-0.164
27.824	2.406E-2	-0.164
27.858	1.972E-2	-0.165
27.891	1.451E-2	-0.165
27.924	8.054E-3	-0.166
27.958	1.166E-3	-0.166
27.991	-5.583E-3	-0.166
28.025	-1.216E-2	-0.166
28.058	-1.795E-2	-0.165
28.091	-2.255E-2	-0.165
28.125	-2.543E-2	-0.164
28.158	-2.645E-2	-0.164
28.191	-2.599E-2	-0.164
28.225	-2.342E-2	-0.165
28.258	-1.941E-2	-0.165
28.291	-1.404E-2	-0.166
28.325	-7.869E-3	-0.166
28.358	-8.455E-4	-0.166
28.391	6.114E-3	-0.166
28.425	1.259E-2	-0.166
28.458	1.820E-2	-0.165
28.492	2.270E-2	-0.164
28.525	2.572E-2	-0.164
28.558	2.702E-2	-0.164
28.592	2.660E-2	-0.164
28.625	2.425E-2	-0.164
28.658	2.058E-2	-0.165
28.692	1.548E-2	-0.165
28.725	9.124E-3	-0.166
28.758	2.560E-3	-0.166
28.792	-4.476E-3	-0.166
28.825	-1.102E-2	-0.166
28.859	-1.701E-2	-0.165
28.892	-2.151E-2	-0.165
28.925	-2.454E-2	-0.165
28.959	-2.599E-2	-0.164
28.992	-2.560E-2	-0.165
29.025	-2.387E-2	-0.165
29.059	-1.996E-2	-0.165
29.092	-1.507E-2	-0.166
29.125	-8.914E-3	-0.166
29.159	-1.887E-3	-0.166
29.192	5.079E-3	-0.166
29.226	1.156E-2	-0.166
29.259	1.721E-2	-0.165
29.292	2.199E-2	-0.165
29.326	2.519E-2	-0.164
29.359	2.672E-2	-0.164
29.392	2.658E-2	-0.164
29.426	2.461E-2	-0.164
29.459	2.110E-2	-0.165
29.492	1.617E-2	-0.165
29.526	1.021E-2	-0.166
29.559	3.564E-3	-0.166
29.593	-3.342E-3	-0.166
29.626	-1.002E-2	-0.166
29.659	-1.597E-2	-0.166
29.693	-2.060E-2	-0.165
29.726	-2.396E-2	-0.165
29.759	-2.589E-2	-0.164
29.793	-2.593E-2	-0.164
29.826	-2.402E-2	-0.165
29.859	-2.048E-2	-0.165
29.893	-1.562E-2	-0.165
29.926	-9.878E-3	-0.166
29.960	-3.049E-3	-0.166
29.993	3.661E-3	-0.166
30.026	1.021E-2	-0.166
30.060	1.611E-2	-0.165
30.093	2.103E-2	-0.165
30.126	2.453E-2	-0.164
30.160	2.650E-2	-0.164
30.193	2.660E-2	-0.164
30.226	2.505E-2	-0.164
30.260	2.184E-2	-0.165
30.293	1.717E-2	-0.165
30.327	1.145E-2	-0.166
30.360	4.820E-3	-0.166
30.393	-1.938E-3	-0.166
30.427	-8.900E-3	-0.166
30.460	-1.496E-2	-0.166
30.493	-1.995E-2	-0.165
30.527	-2.347E-2	-0.165
30.560	-2.554E-2	-0.164
30.593	-2.586E-2	-0.164
30.627	-2.413E-2	-0.165
30.660	-2.099E-2	-0.165
30.694	-1.631E-2	-0.165
30.727	-1.078E-2	-0.166
30.760	-4.013E-3	-0.166
30.794	2.648E-3	-0.166
30.827	9.091E-3	-0.166
30.860	1.520E-2	-0.165
30.894	2.020E-2	-0.165
30.927	2.374E-2	-0.164
30.960	2.600E-2	-0.164
30.994	2.654E-2	-0.164
31.027	2.520E-2	-0.164
31.060	2.216E-2	-0.164
31.094	1.767E-2	-0.165
31.127	1.216E-2	-0.166
31.161	6.032E-3	-0.166
31.194	-9.084E-4	-0.166
31.227	-7.953E-3	-0.166
31.261	-1.391E-2	-0.166
31.294	-1.896E-2	-0.165
31.327	-2.298E-2	-0.165
31.361	-2.537E-2	-0.164
31.394	-2.560E-2	-0.164
31.427	-2.439E-2	-0.164
31.461	-2.169E-2	-0.165
31.494	-1.740E-2	-0.165
31.528	-1.159E-2	-0.166
31.561	-5.336E-3	-0.166
31.594	1.438E-3	-0.166
31.628	7.882E-3	-0.166
31.661	1.417E-2	-0.166
31.694	1.929E-2	-0.165
31.728	2.321E-2	-0.164
31.761	2.554E-2	-0.164
31.794	2.629E-2	-0.164
31.828	2.540E-2	-0.164
31.861	2.268E-2	-0.164
31.895	1.841E-2	-0.165
31.928	1.311E-2	-0.166
31.961	6.889E-3	-0.166
31.995	-7.708E-5	-0.166
32.028	-6.663E-3	-0.166
32.061	-1.314E-2	-0.166
32.095	-1.824E-2	-0.165
32.128	-2.212E-2	-0.165
32.161	-2.485E-2	-0.164
32.195	-2.566E-2	-0.164
32.228	-2.476E-2	-0.164
32.262	-2.207E-2	-0.165
32.295	-1.800E-2	-0.165
32.328	-1.286E-2	-0.166
32.362	-6.397E-3	-0.166
32.395	1.616E-4	-0.166
32.428	6.821E-3	-0.166
32.462	1.307E-2	-0.166
32.495	1.834E-2	-0.165
32.528	2.253E-2	-0.164
32.562	2.511E-2	-0.164
32.595	2.612E-2	-0.164
32.629	2.548E-2	-0.164
32.662	2.300E-2	-0.164
32.695	1.917E-2	-0.165
32.729	1.409E-2	-0.166
32.762	7.998E-3	-0.166
32.795	1.493E-3	-0.166
32.829	-5.407E-3	-0.166
32.862	-1.153E-2	-0.166
32.895	-1.711E-2	-0.165
32.929	-2.131E-2	-0.165
32.962	-2.406E-2	-0.165
32.996	-2.525E-2	-0.164
33.029	-2.453E-2	-0.164
33.062	-2.220E-2	-0.165
33.096	-1.841E-2	-0.165
33.129	-1.341E-2	-0.166
33.162	-7.473E-3	-0.166
33.196	-9.147E-4	-0.166
33.229	5.699E-3	-0.166
33.262	1.217E-2	-0.166
33.296	1.754E-2	-0.165
33.329	2.173E-2	-0.164
33.363	2.466E-2	-0.164
33.396	2.572E-2	-0.164
33.429	2.523E-2	-0.164
33.463	2.317E-2	-0.164
33.496	1.961E-2	-0.165
33.529	1.462E-2	-0.165
33.563	8.685E-3	-0.166
33.596	2.141E-3	-0.166
33.629	-4.445E-3	-0.166
33.663	-1.084E-2	-0.166
33.696	-1.646E-2	-0.165
33.729	-2.082E-2	-0.165
33.763	-2.375E-2	-0.165
33.796	-2.546E-2	-0.164
33.830	-2.492E-2	-0.164
33.863	-2.300E-2	-0.165
33.896	-1.950E-2	-0.165
33.930	-1.449E-2	-0.166
33.963	-8.522E-3	-0.166
33.996	-1.943E-3	-0.166
34.030	4.644E-3	-0.166
34.063	1.100E-2	-0.166
34.096	1.661E-2	-0.165
34.130	2.111E-2	-0.165
34.163	2.420E-2	-0.164
34.197	2.566E-2	-0.164
34.230	2.559E-2	-0.164
34.263	2.369E-2	-0.164
34.297	2.053E-2	-0.165
34.330	1.571E-2	-0.165
34.363	1.012E-2	-0.166
34.397	3.600E-3	-0.166
34.430	-2.972E-3	-0.166
34.463	-9.467E-3	-0.166
34.497	-1.510E-2	-0.166
34.530	-1.983E-2	-0.165
34.564	-2.297E-2	-0.165
34.597	-2.452E-2	-0.164
34.630	-2.454E-2	-0.165
34.664	-2.300E-2	-0.165
34.697	-1.989E-2	-0.165
34.730	-1.505E-2	-0.166
34.764	-9.492E-3	-0.166
34.797	-2.969E-3	-0.166
34.830	3.577E-3	-0.166
34.864	1.007E-2	-0.166
34.897	1.564E-2	-0.165
34.931	2.015E-2	-0.165
34.964	2.357E-2	-0.164
34.997	2.522E-2	-0.164
35.031	2.556E-2	-0.164
35.064	2.407E-2	-0.164
35.097	2.104E-2	-0.165
35.131	1.656E-2	-0.165
35.164	1.102E-2	-0.166
35.197	5.006E-3	-0.166
35.231	-1.524E-3	-0.166
35.264	-7.952E-3	-0.166
35.298	-1.386E-2	-0.166
35.331	-1.859E-2	-0.165
35.364	-2.209E-2	-0.165
35.398	-2.408E-2	-0.165
35.431	-2.437E-2	-0.165
35.464	-2.307E-2	-0.165
35.498	-2.000E-2	-0.165
35.531	-1.587E-2	-0.166
35.564	-1.030E-2	-0.166
35.598	-3.921E-3	-0.166
35.631	2.517E-3	-0.166
35.665	9.137E-3	-0.166
35.698	1.472E-2	-0.166
35.731	1.958E-2	-0.165
35.765	2.310E-2	-0.164
35.798	2.514E-2	-0.164
35.831	2.557E-2	-0.164
35.865	2.439E-2	-0.164
35.898	2.166E-2	-0.165
35.931	1.749E-2	-0.165
35.965	1.211E-2	-0.166
35.998	6.061E-3	-0.166
36.032	-4.547E-4	-0.166
36.065	-6.833E-3	-0.166
36.098	-1.293E-2	-0.166
36.132	-1.793E-2	-0.165
36.165	-2.173E-2	-0.165
36.198	-2.396E-2	-0.165
36.232	-2.445E-2	-0.165
36.265	-2.350E-2	-0.165
36.298	-2.086E-2	-0.165
36.332	-1.666E-2	-0.166
36.365	-1.143E-2	-0.166
36.398	-5.317E-3	-0.166
36.432	1.136E-3	-0.166
36.465	7.535E-3	-0.166
36.499	1.354E-2	-0.166
36.532	1.855E-2	-0.165
36.565	2.220E-2	-0.165
36.599	2.462E-2	-0.164
36.632	2.524E-2	-0.164
36.665	2.424E-2	-0.164
36.699	2.171E-2	-0.165
36.732	1.766E-2	-0.165
36.765	1.267E-2	-0.166
36.799	6.657E-3	-0.166
36.832	1.971E-4	-0.166
36.866	-5.971E-3	-0.166
36.899	-1.195E-2	-0.166
36.932	-1.701E-2	-0.166
36.966	-2.101E-2	-0.165
36.999	-2.369E-2	-0.165
37.032	-2.439E-2	-0.165
37.066	-2.386E-2	-0.165
37.099	-2.140E-2	-0.165
37.132	-1.743E-2	-0.165
37.166	-1.250E-2	-0.166
37.199	-6.377E-3	-0.166
37.233	5.636E-5	-0.166
37.266	6.487E-3	-0.166
37.299	1.215E-2	-0.166
37.333	1.752E-2	-0.165
37.366	2.123E-2	-0.165
37.399	2.405E-2	-0.164
37.433	2.502E-2	-0.164
37.466	2.452E-2	-0.164
37.499	2.223E-2	-0.165
37.533	1.853E-2	-0.165
37.566	1.372E-2	-0.166
37.600	8.002E-3	-0.166
37.633	1.655E-3	-0.166
37.666	-4.809E-3	-0.166
37.700	-1.093E-2	-0.166
37.733	-1.606E-2	-0.166
37.766	-2.008E-2	-0.165
37.800	-2.295E-2	-0.165
37.833	-2.400E-2	-0.165
37.866	-2.352E-2	-0.165
37.900	-2.139E-2	-0.165
37.933	-1.785E-2	-0.165
37.967	-1.294E-2	-0.166
38.000	-6.999E-3	-0.166
38.033	-9.248E-4	-0.166
38.067	5.582E-3	-0.166
38.100	1.152E-2	-0.166
38.133	1.665E-2	-0.165
38.167	2.070E-2	-0.165
38.200	2.357E-2	-0.164
38.233	2.469E-2	-0.164
38.267	2.454E-2	-0.164
38.300	2.261E-2	-0.165
38.334	1.918E-2	-0.165
38.367	1.455E-2	-0.166
38.400	9.067E-3	-0.166
38.434	2.675E-3	-0.166
38.467	-3.647E-3	-0.166
38.500	-9.826E-3	-0.166
38.534	-1.502E-2	-0.166
38.567	-1.944E-2	-0.165
38.600	-2.245E-2	-0.165
38.634	-2.391E-2	-0.165
38.667	-2.361E-2	-0.165
38.701	-2.181E-2	-0.165
38.734	-1.848E-2	-0.165
38.767	-1.389E-2	-0.166
38.801	-8.169E-3	-0.166
38.834	-2.063E-3	-0.166
38.867	4.173E-3	-0.166
38.901	1.016E-2	-0.166
38.934	1.565E-2	-0.165
38.967	2.008E-2	-0.165
39.001	2.307E-2	-0.164
39.034	2.455E-2	-0.164
39.067	2.452E-2	-0.164
39.101	2.278E-2	-0.164
39.134	1.966E-2	-0.165
39.168	1.526E-2	-0.165
39.201	9.764E-3	-0.166
39.234	3.819E-3	-0.166
39.268	-2.500E-3	-0.166
39.301	-8.626E-3	-0.166
39.334	-1.426E-2	-0.166
39.368	-1.871E-2	-0.165
39.401	-2.183E-2	-0.165
39.434	-2.363E-2	-0.165
39.468	-2.367E-2	-0.165
39.501	-2.217E-2	-0.165
39.535	-1.883E-2	-0.165
39.568	-1.433E-2	-0.166
39.601	-8.856E-3	-0.166
39.635	-2.905E-3	-0.166
39.668	3.303E-3	-0.166
39.701	9.276E-3	-0.166
39.735	1.483E-2	-0.165
39.768	1.930E-2	-0.165
39.801	2.272E-2	-0.164
39.835	2.428E-2	-0.164
39.868	2.450E-2	-0.164
39.902	2.322E-2	-0.164
39.935	2.023E-2	-0.165
39.968	1.609E-2	-0.165
40.002	1.071E-2	-0.166
40.035	4.802E-3	-0.166
40.068	-1.497E-3	-0.166
40.102	-7.910E-3	-0.166
40.135	-1.338E-2	-0.166
40.168	-1.793E-2	-0.165
40.202	-2.136E-2	-0.165
40.235	-2.339E-2	-0.165
40.269	-2.357E-2	-0.165
40.302	-2.245E-2	-0.165
40.335	-1.945E-2	-0.165
40.369	-1.536E-2	-0.165
40.402	-1.019E-2	-0.166
40.435	-4.019E-3	-0.166
40.469	2.121E-3	-0.166
40.502	8.210E-3	-0.166
40.535	1.399E-2	-0.166
40.569	1.853E-2	-0.165
40.602	2.191E-2	-0.165
40.636	2.389E-2	-0.164
40.669	2.432E-2	-0.164
40.702	2.324E-2	-0.164
40.736	2.061E-2	-0.165
40.769	1.664E-2	-0.165
40.802	1.137E-2	-0.166
40.836	5.679E-3	-0.166
40.869	-4.749E-4	-0.166
40.902	-6.488E-3	-0.166
40.936	-1.235E-2	-0.166
40.969	-1.711E-2	-0.166
41.003	-2.077E-2	-0.165
41.036	-2.297E-2	-0.165
41.069	-2.347E-2	-0.165
41.103	-2.257E-2	-0.165
41.136	-1.993E-2	-0.165
41.169	-1.585E-2	-0.165
41.203	-1.086E-2	-0.166
41.236	-4.875E-3	-0.166
41.269	1.236E-3	-0.166
41.303	7.147E-3	-0.166
41.336	1.303E-2	-0.166
41.370	1.769E-2	-0.165
41.403	2.112E-2	-0.165
41.436	2.346E-2	-0.164
41.470	2.414E-2	-0.164
41.503	2.317E-2	-0.164
41.536	2.073E-2	-0.165
41.570	1.706E-2	-0.165
41.603	1.223E-2	-0.166
41.636	6.583E-3	-0.166
41.670	1.793E-4	-0.166
41.703	-5.832E-3	-0.166
41.736	-1.154E-2	-0.166
41.770	-1.647E-2	-0.166
41.803	-2.036E-2	-0.165
41.837	-2.290E-2	-0.165
41.870	-2.348E-2	-0.165
41.903	-2.289E-2	-0.165
41.937	-2.046E-2	-0.165
41.970	-1.655E-2	-0.166
42.003	-1.156E-2	-0.166
42.037	-5.850E-3	-0.166
42.070	1.245E-5	-0.166
42.103	6.053E-3	-0.166
42.137	1.172E-2	-0.166
42.170	1.668E-2	-0.165
42.204	2.052E-2	-0.165
42.237	2.300E-2	-0.164
42.270	2.401E-2	-0.164
42.304	2.344E-2	-0.164
42.337	2.114E-2	-0.165
42.370	1.765E-2	-0.165
42.404	1.302E-2	-0.166
42.437	7.511E-3	-0.166
42.470	1.467E-3	-0.166
42.504	-4.530E-3	-0.166
42.537	-1.043E-2	-0.166
42.571	-1.552E-2	-0.166
42.604	-1.946E-2	-0.165
42.637	-2.202E-2	-0.165
42.671	-2.298E-2	-0.165
42.704	-2.247E-2	-0.165
42.737	-2.033E-2	-0.165
42.771	-1.672E-2	-0.165
42.804	-1.199E-2	-0.166
42.837	-6.821E-3	-0.166
42.871	-5.298E-4	-0.166
42.904	5.491E-3	-0.166
42.938	1.116E-2	-0.166
42.971	1.615E-2	-0.165
43.004	2.014E-2	-0.165
43.038	2.269E-2	-0.164
43.071	2.401E-2	-0.164
43.104	2.361E-2	-0.164
43.138	2.165E-2	-0.165
43.171	1.819E-2	-0.165
43.204	1.362E-2	-0.166
43.238	8.517E-3	-0.166
43.271	2.535E-3	-0.166
43.305	-3.510E-3	-0.166
43.338	-9.485E-3	-0.166
43.371	-1.473E-2	-0.166
43.405	-1.883E-2	-0.165
43.438	-2.133E-2	-0.165
43.471	-2.276E-2	-0.165
43.505	-2.250E-2	-0.165
43.538	-2.057E-2	-0.165
43.571	-1.721E-2	-0.165
43.605	-1.276E-2	-0.166
43.638	-7.270E-3	-0.166
43.672	-1.354E-3	-0.166
43.705	4.707E-3	-0.166
43.738	1.027E-2	-0.166
43.772	1.534E-2	-0.165
43.805	1.969E-2	-0.165
43.838	2.245E-2	-0.164
43.872	2.375E-2	-0.164
43.905	2.366E-2	-0.164
43.938	2.191E-2	-0.165
43.972	1.872E-2	-0.165
44.005	1.455E-2	-0.165
44.039	9.177E-3	-0.166
44.072	3.458E-3	-0.166
44.105	-2.618E-3	-0.166
44.139	-8.822E-3	-0.166
44.172	-1.405E-2	-0.166
44.205	-1.827E-2	-0.165
44.239	-2.082E-2	-0.165
44.272	-2.260E-2	-0.165
44.305	-2.246E-2	-0.165
44.339	-2.077E-2	-0.165
44.372	-1.763E-2	-0.165
44.405	-1.372E-2	-0.166
44.439	-8.469E-3	-0.166
44.472	-2.398E-3	-0.166
44.506	3.617E-3	-0.166
44.539	9.483E-3	-0.166
44.572	1.465E-2	-0.165
44.606	1.898E-2	-0.165
44.639	2.201E-2	-0.165
44.672	2.361E-2	-0.164
44.706	2.370E-2	-0.164
44.739	2.216E-2	-0.165
44.772	1.953E-2	-0.165
44.806	1.518E-2	-0.165
44.839	1.015E-2	-0.166
44.873	4.503E-3	-0.166
44.906	-1.427E-3	-0.166
44.939	-7.452E-3	-0.166
44.973	-1.285E-2	-0.166
45.006	-1.705E-2	-0.165
45.039	-2.040E-2	-0.165
45.073	-2.200E-2	-0.165
45.106	-2.208E-2	-0.165
45.139	-2.089E-2	-0.165
45.173	-1.790E-2	-0.165
45.206	-1.386E-2	-0.166
45.240	-8.942E-3	-0.166
45.273	-3.321E-3	-0.166
45.306	2.592E-3	-0.166
45.340	8.474E-3	-0.166
45.373	1.366E-2	-0.166
45.406	1.811E-2	-0.165
45.440	2.120E-2	-0.165
45.473	2.309E-2	-0.165
45.506	2.322E-2	-0.165
45.540	2.208E-2	-0.165
45.573	1.957E-2	-0.165
45.607	1.567E-2	-0.166
45.640	1.061E-2	-0.166
45.673	5.138E-3	-0.166
45.707	-9.415E-4	-0.166
45.740	-6.546E-3	-0.166
45.773	-1.191E-2	-0.166
45.807	-1.658E-2	-0.166
45.840	-1.987E-2	-0.165
45.873	-2.190E-2	-0.165
45.907	-2.241E-2	-0.165
45.940	-2.142E-2	-0.165
45.974	-1.856E-2	-0.166
46.007	-1.499E-2	-0.166
46.040	-9.859E-3	-0.166
46.074	-4.398E-3	-0.166
46.107	1.588E-3	-0.166
46.140	7.530E-3	-0.166
46.174	1.263E-2	-0.166
46.207	1.719E-2	-0.165
46.240	2.060E-2	-0.165
46.274	2.263E-2	-0.164
46.307	2.305E-2	-0.164
46.341	2.213E-2	-0.164
46.374	1.992E-2	-0.165
46.407	1.617E-2	-0.165
46.441	1.148E-2	-0.166
46.474	6.023E-3	-0.166
46.507	1.086E-4	-0.166
46.541	-5.545E-3	-0.166
46.574	-1.104E-2	-0.166
46.607	-1.591E-2	-0.166
46.641	-1.948E-2	-0.165
46.674	-2.137E-2	-0.165
46.708	-2.239E-2	-0.165
46.741	-2.136E-2	-0.165
46.774	-1.939E-2	-0.165
46.808	-1.544E-2	-0.166
46.841	-1.052E-2	-0.166
46.874	-5.351E-3	-0.166
46.908	5.870E-4	-0.166
46.941	6.522E-3	-0.166
46.974	1.169E-2	-0.166
47.008	1.657E-2	-0.165
47.041	2.003E-2	-0.165
47.074	2.219E-2	-0.165
47.108	2.305E-2	-0.164
47.141	2.222E-2	-0.164
47.175	2.013E-2	-0.165
47.208	1.660E-2	-0.165
47.241	1.213E-2	-0.166
47.275	6.708E-3	-0.166
47.308	1.050E-3	-0.166
47.341	-4.670E-3	-0.166
47.375	-1.040E-2	-0.166
47.408	-1.518E-2	-0.166
47.441	-1.896E-2	-0.165
47.475	-2.099E-2	-0.165
47.508	-2.228E-2	-0.165
47.542	-2.141E-2	-0.165
47.575	-1.945E-2	-0.165
47.608	-1.602E-2	-0.166
47.642	-1.140E-2	-0.166
47.675	-5.966E-3	-0.166
47.708	-4.397E-4	-0.166
47.742	5.570E-3	-0.166
47.775	1.098E-2	-0.166
47.808	1.566E-2	-0.165
47.842	1.922E-2	-0.165
47.875	2.167E-2	-0.164
47.909	2.267E-2	-0.164
47.942	2.218E-2	-0.164
47.975	2.018E-2	-0.165
48.009	1.711E-2	-0.165
48.042	1.272E-2	-0.166
48.075	7.307E-3	-0.166
48.109	1.960E-3	-0.166
48.142	-3.867E-3	-0.166
48.175	-9.514E-3	-0.166
48.209	-1.444E-2	-0.166
48.242	-1.842E-2	-0.165
48.276	-2.069E-2	-0.165
48.309	-2.174E-2	-0.165
48.342	-2.137E-2	-0.165
48.376	-1.983E-2	-0.165
48.409	-1.664E-2	-0.166
48.442	-1.220E-2	-0.166
48.476	-6.967E-3	-0.166
48.509	-1.444E-3	-0.166
48.542	4.464E-3	-0.166
48.576	1.005E-2	-0.166
48.609	1.483E-2	-0.165
48.643	1.870E-2	-0.165
48.676	2.117E-2	-0.164
48.709	2.249E-2	-0.164
48.743	2.223E-2	-0.164
48.776	2.063E-2	-0.165
48.809	1.756E-2	-0.165
48.843	1.353E-2	-0.166
48.876	8.511E-3	-0.166
48.909	2.809E-3	-0.166
48.943	-2.953E-3	-0.166
48.976	-8.482E-3	-0.166
49.010	-1.343E-2	-0.166
49.043	-1.741E-2	-0.165
49.076	-2.002E-2	-0.165
49.110	-2.143E-2	-0.165
49.143	-2.140E-2	-0.165
49.176	-1.985E-2	-0.165
49.210	-1.689E-2	-0.165
49.243	-1.287E-2	-0.166
49.276	-7.860E-3	-0.166
49.310	-2.349E-3	-0.166
49.343	3.123E-3	-0.166
49.377	8.705E-3	-0.166
49.410	1.372E-2	-0.165
49.443	1.763E-2	-0.165
49.477	2.059E-2	-0.165
49.510	2.207E-2	-0.164
49.543	2.211E-2	-0.164
49.577	2.064E-2	-0.164
49.610	1.804E-2	-0.165
49.643	1.405E-2	-0.165
49.677	9.112E-3	-0.166
49.710	3.667E-3	-0.166
49.743	-2.110E-3	-0.166
49.777	-7.524E-3	-0.166
49.810	-1.251E-2	-0.166
49.844	-1.687E-2	-0.165
49.877	-1.972E-2	-0.165
49.910	-2.133E-2	-0.165
49.944	-2.145E-2	-0.165
49.977	-2.003E-2	-0.165
50.010	-1.745E-2	-0.165
50.044	-1.346E-2	-0.166
50.077	-8.528E-3	-0.166
50.110	-2.977E-3	-0.166
50.144	2.598E-3	-0.166
50.177	8.172E-3	-0.166
50.211	1.309E-2	-0.166
50.244	1.720E-2	-0.165
50.277	2.015E-2	-0.165
50.311	2.198E-2	-0.164
50.344	2.210E-2	-0.164
50.377	2.099E-2	-0.165
50.411	1.823E-2	-0.165
50.444	1.464E-2	-0.165
50.477	1.001E-2	-0.166
50.511	4.640E-3	-0.166
50.544	-1.006E-3	-0.166
50.578	-6.500E-3	-0.166
50.611	-1.188E-2	-0.166
50.644	-1.634E-2	-0.165
50.678	-1.898E-2	-0.165
50.711	-2.095E-2	-0.165
50.744	-2.138E-2	-0.165
50.778	-2.038E-2	-0.165
50.811	-1.787E-2	-0.165
50.844	-1.395E-2	-0.166
50.878	-9.463E-3	-0.166
50.911	-4.014E-3	-0.166
50.945	1.672E-3	-0.166
50.978	7.170E-3	-0.166
51.011	1.215E-2	-0.166
51.045	1.649E-2	-0.165
51.078	1.964E-2	-0.165
51.111	2.159E-2	-0.164
51.145	2.205E-2	-0.164
51.178	2.112E-2	-0.164
51.211	1.872E-2	-0.165
51.245	1.516E-2	-0.165
51.278	1.062E-2	-0.166
51.312	5.493E-3	-0.166
51.345	5.027E-5	-0.166
51.378	-5.851E-3	-0.166
51.412	-1.090E-2	-0.166
51.445	-1.541E-2	-0.166
51.478	-1.850E-2	-0.165
51.512	-2.049E-2	-0.165
51.545	-2.101E-2	-0.165
51.578	-2.028E-2	-0.165
51.612	-1.797E-2	-0.165
51.645	-1.445E-2	-0.166
51.679	-9.923E-3	-0.166
51.712	-4.823E-3	-0.166
51.745	9.958E-4	-0.166
51.779	6.544E-3	-0.166
51.812	1.164E-2	-0.166
51.845	1.602E-2	-0.165
51.879	1.917E-2	-0.165
51.912	2.120E-2	-0.165
51.945	2.205E-2	-0.164
51.979	2.118E-2	-0.165
52.012	1.906E-2	-0.165
52.046	1.569E-2	-0.165
52.079	1.121E-2	-0.166
52.112	6.279E-3	-0.166
52.146	6.114E-4	-0.166
52.179	-4.888E-3	-0.166
52.212	-1.029E-2	-0.166
52.246	-1.485E-2	-0.166
52.279	-1.801E-2	-0.165
52.312	-2.015E-2	-0.165
52.346	-2.094E-2	-0.165
52.379	-2.039E-2	-0.165
52.412	-1.838E-2	-0.165
52.446	-1.501E-2	-0.166
52.479	-1.066E-2	-0.166
52.513	-5.425E-3	-0.166
52.546	1.290E-5	-0.166
52.579	5.574E-3	-0.166
52.613	1.067E-2	-0.166
52.646	1.517E-2	-0.165
52.679	1.859E-2	-0.165
52.713	2.073E-2	-0.165
52.746	2.168E-2	-0.165
52.779	2.116E-2	-0.165
52.813	1.918E-2	-0.165
52.846	1.604E-2	-0.165
52.880	1.175E-2	-0.166
52.913	6.768E-3	-0.166
52.946	1.487E-3	-0.166
52.980	-3.985E-3	-0.166
53.013	-9.403E-3	-0.166
53.046	-1.399E-2	-0.166
53.080	-1.750E-2	-0.165
53.113	-1.985E-2	-0.165
53.146	-2.078E-2	-0.165
53.180	-2.036E-2	-0.165
53.213	-1.849E-2	-0.165
53.247	-1.552E-2	-0.166
53.280	-1.117E-2	-0.166
53.313	-6.330E-3	-0.166
53.347	-9.666E-4	-0.166
53.380	4.648E-3	-0.166
53.413	1.003E-2	-0.166
53.447	1.455E-2	-0.165
53.480	1.814E-2	-0.165
53.513	2.052E-2	-0.165
53.547	2.161E-2	-0.165
53.580	2.119E-2	-0.165
53.614	1.959E-2	-0.165
53.647	1.660E-2	-0.165
53.680	1.260E-2	-0.166
53.714	7.607E-3	-0.166
53.747	2.184E-3	-0.166
53.780	-3.313E-3	-0.166
53.814	-8.545E-3	-0.166
53.847	-1.318E-2	-0.166
53.880	-1.685E-2	-0.165
53.914	-1.950E-2	-0.165
53.947	-2.049E-2	-0.165
53.981	-2.038E-2	-0.165
54.014	-1.867E-2	-0.165
54.047	-1.585E-2	-0.166
54.081	-1.179E-2	-0.166
54.114	-6.872E-3	-0.166
54.147	-1.431E-3	-0.166
54.181	4.024E-3	-0.166
54.214	9.093E-3	-0.166
54.247	1.369E-2	-0.166
54.281	1.741E-2	-0.165
54.314	2.005E-2	-0.165
54.348	2.131E-2	-0.165
54.381	2.130E-2	-0.165
54.414	1.978E-2	-0.165
54.448	1.709E-2	-0.165
54.481	1.312E-2	-0.166
54.514	8.351E-3	-0.166
54.548	3.064E-3	-0.166
54.581	-2.320E-3	-0.166
54.614	-7.706E-3	-0.166
54.648	-1.238E-2	-0.166
54.681	-1.632E-2	-0.166
54.715	-1.896E-2	-0.165
54.748	-2.022E-2	-0.165
54.781	-2.019E-2	-0.165
54.815	-1.879E-2	-0.165
54.848	-1.603E-2	-0.166
54.881	-1.198E-2	-0.166
54.915	-7.459E-3	-0.166
54.948	-1.952E-3	-0.166
54.981	3.522E-3	-0.166
55.015	8.186E-3	-0.166
55.048	1.294E-2	-0.166
55.081	1.676E-2	-0.165
55.115	1.959E-2	-0.165
55.148	2.103E-2	-0.165
55.182	2.111E-2	-0.165
55.215	1.989E-2	-0.165
55.248	1.721E-2	-0.165
55.282	1.356E-2	-0.166
55.315	8.975E-3	-0.166
55.348	3.809E-3	-0.166
55.382	-1.615E-3	-0.166
55.415	-6.811E-3	-0.166
55.448	-1.177E-2	-0.166
55.482	-1.578E-2	-0.166
55.515	-1.846E-2	-0.165
55.549	-2.015E-2	-0.165
55.582	-2.028E-2	-0.165
55.615	-1.888E-2	-0.165
55.649	-1.653E-2	-0.166
55.682	-1.270E-2	-0.166
55.715	-8.033E-3	-0.166
55.749	-2.899E-3	-0.166
55.782	2.460E-3	-0.166
55.815	7.664E-3	-0.166
55.849	1.236E-2	-0.166
55.882	1.621E-2	-0.165
55.916	1.907E-2	-0.165
55.949	2.066E-2	-0.165
55.982	2.101E-2	-0.165
56.016	2.009E-2	-0.165
56.049	1.770E-2	-0.165
56.082	1.408E-2	-0.166
56.116	9.614E-3	-0.166
56.149	4.571E-3	-0.166
56.182	-9.082E-4	-0.166
56.216	-5.998E-3	-0.166
56.249	-1.093E-2	-0.166
56.283	-1.493E-2	-0.166
56.316	-1.784E-2	-0.165
56.349	-1.968E-2	-0.165
56.383	-2.002E-2	-0.165
56.416	-1.904E-2	-0.165
56.449	-1.651E-2	-0.166
56.483	-1.304E-2	-0.166
56.516	-8.907E-3	-0.166
56.549	-3.508E-3	-0.166
56.583	1.690E-3	-0.166
56.616	7.023E-3	-0.166
56.650	1.172E-2	-0.166
56.683	1.565E-2	-0.165
56.716	1.863E-2	-0.165
56.750	2.055E-2	-0.165
56.783	2.106E-2	-0.165
56.816	2.009E-2	-0.165
56.850	1.803E-2	-0.165
56.883	1.462E-2	-0.165
56.916	1.022E-2	-0.166
56.950	5.369E-3	-0.166
56.983	6.300E-5	-0.166
57.017	-5.135E-3	-0.166
57.050	-1.006E-2	-0.166
57.083	-1.439E-2	-0.166
57.117	-1.742E-2	-0.165
57.150	-1.938E-2	-0.165
57.183	-1.991E-2	-0.165
57.217	-1.918E-2	-0.165
57.250	-1.697E-2	-0.165
57.283	-1.389E-2	-0.166
57.317	-9.383E-3	-0.166
57.350	-4.433E-3	-0.166
57.384	8.973E-4	-0.166
57.417	6.016E-3	-0.166
57.450	1.091E-2	-0.166
57.484	1.505E-2	-0.165
57.517	1.814E-2	-0.165
57.550	2.012E-2	-0.165
57.584	2.067E-2	-0.165
57.617	2.003E-2	-0.165
57.650	1.807E-2	-0.165
57.684	1.483E-2	-0.165
57.717	1.076E-2	-0.166
57.750	5.912E-3	-0.166
57.784	6.287E-4	-0.166
57.817	-4.640E-3	-0.166
57.851	-9.694E-3	-0.166
57.884	-1.408E-2	-0.166
57.917	-1.698E-2	-0.165
57.951	-1.911E-2	-0.165
57.984	-1.981E-2	-0.165
58.017	-1.933E-2	-0.165
58.051	-1.715E-2	-0.165
58.084	-1.431E-2	-0.166
58.117	-9.917E-3	-0.166
58.151	-5.489E-3	-0.166
58.184	2.540E-5	-0.166
58.218	5.064E-3	-0.166
58.251	1.006E-2	-0.166
58.284	1.428E-2	-0.165
58.318	1.762E-2	-0.165
58.351	1.969E-2	-0.165
58.384	2.057E-2	-0.165
58.418	2.007E-2	-0.165
58.451	1.819E-2	-0.165
58.484	1.522E-2	-0.165
58.518	1.120E-2	-0.166
58.551	6.559E-3	-0.166
58.585	1.203E-3	-0.166
58.618	-3.824E-3	-0.166
58.651	-8.977E-3	-0.166
58.685	-1.305E-2	-0.166
58.718	-1.646E-2	-0.165
58.751	-1.891E-2	-0.165
58.785	-1.990E-2	-0.165
58.818	-1.947E-2	-0.165
58.851	-1.747E-2	-0.165
58.885	-1.486E-2	-0.166
58.918	-1.054E-2	-0.166
58.952	-5.905E-3	-0.166
58.985	-8.621E-4	-0.166
59.018	4.296E-3	-0.166
59.052	9.180E-3	-0.166
59.085	1.360E-2	-0.166
59.118	1.705E-2	-0.165
59.152	1.919E-2	-0.165
59.185	2.019E-2	-0.165
59.218	2.003E-2	-0.165
59.252	1.850E-2	-0.165
59.285	1.570E-2	-0.165
59.319	1.176E-2	-0.166
59.352	7.179E-3	-0.166
59.385	2.116E-3	-0.166
59.419	-3.043E-3	-0.166
59.452	-7.995E-3	-0.166
59.485	-1.239E-2	-0.166
59.519	-1.601E-2	-0.166
59.552	-1.842E-2	-0.165
59.585	-1.950E-2	-0.165
59.619	-1.938E-2	-0.165
59.652	-1.750E-2	-0.165
59.686	-1.502E-2	-0.166
59.719	-1.106E-2	-0.166
59.752	-6.457E-3	-0.166
59.786	-1.404E-3	-0.166
59.819	3.674E-3	-0.166
59.852	8.624E-3	-0.166
59.886	1.305E-2	-0.166
59.919	1.657E-2	-0.165
59.952	1.908E-2	-0.165
59.986	2.017E-2	-0.165
60.019	2.017E-2	-0.165
60.053	1.867E-2	-0.165
60.086	1.616E-2	-0.165
60.119	1.251E-2	-0.166
60.153	8.028E-3	-0.166
60.186	3.107E-3	-0.166
60.219	-1.912E-3	-0.166
60.253	-7.011E-3	-0.166
60.286	-1.144E-2	-0.166
60.319	-1.534E-2	-0.166
60.353	-1.786E-2	-0.165
60.386	-1.897E-2	-0.165
60.419	-1.894E-2	-0.165
60.453	-1.755E-2	-0.166
60.486	-1.538E-2	-0.166
60.520	-1.150E-2	-0.166
60.553	-6.859E-3	-0.166
60.586	-2.011E-3	-0.166
60.620	3.039E-3	-0.166
60.653	8.051E-3	-0.166
60.686	1.255E-2	-0.166
60.720	1.615E-2	-0.165
60.753	1.863E-2	-0.165
60.786	2.012E-2	-0.165
60.820	2.015E-2	-0.165
60.853	1.899E-2	-0.165
60.887	1.659E-2	-0.165
60.920	1.307E-2	-0.166
60.953	8.712E-3	-0.166
60.987	4.010E-3	-0.166
61.020	-1.321E-3	-0.166
61.053	-6.319E-3	-0.166
61.087	-1.092E-2	-0.166
61.120	-1.489E-2	-0.166
61.153	-1.736E-2	-0.165
61.187	-1.897E-2	-0.165
61.220	-1.900E-2	-0.165
61.254	-1.792E-2	-0.165
61.287	-1.551E-2	-0.166
61.320	-1.202E-2	-0.166
61.354	-7.898E-3	-0.166
61.387	-2.902E-3	-0.166
61.420	2.125E-3	-0.166
61.454	7.120E-3	-0.166
61.487	1.165E-2	-0.166
61.520	1.522E-2	-0.165
61.554	1.803E-2	-0.165
61.587	1.959E-2	-0.165
61.621	2.005E-2	-0.165
61.654	1.905E-2	-0.165
61.687	1.701E-2	-0.165
61.721	1.361E-2	-0.166
61.754	9.259E-3	-0.166
61.787	4.628E-3	-0.166
61.821	-4.608E-4	-0.166
61.854	-5.456E-3	-0.166
61.887	-9.948E-3	-0.166
61.921	-1.395E-2	-0.166
61.954	-1.687E-2	-0.166
61.988	-1.843E-2	-0.165
62.021	-1.874E-2	-0.165
62.054	-1.783E-2	-0.166
62.088	-1.565E-2	-0.166
62.121	-1.235E-2	-0.166
62.154	-8.364E-3	-0.166
62.188	-3.459E-3	-0.166
62.221	1.486E-3	-0.166
62.254	6.523E-3	-0.166
62.288	1.110E-2	-0.166
62.321	1.501E-2	-0.166
62.355	1.800E-2	-0.165
62.388	1.964E-2	-0.165
62.421	2.009E-2	-0.165
62.455	1.918E-2	-0.165
62.488	1.718E-2	-0.165
62.521	1.405E-2	-0.166
62.555	1.003E-2	-0.166
62.588	5.473E-3	-0.166
62.621	5.164E-4	-0.166
62.655	-4.476E-3	-0.166
62.688	-9.040E-3	-0.166
62.722	-1.300E-2	-0.166
62.755	-1.606E-2	-0.166
62.788	-1.788E-2	-0.165
62.822	-1.843E-2	-0.165
62.855	-1.783E-2	-0.165
62.888	-1.589E-2	-0.166
62.922	-1.266E-2	-0.166
62.955	-8.482E-3	-0.166
62.988	-3.927E-3	-0.166
63.022	1.012E-3	-0.166
63.055	6.027E-3	-0.166
63.088	1.060E-2	-0.166
63.122	1.456E-2	-0.166
63.155	1.764E-2	-0.165
63.189	1.961E-2	-0.165
63.222	2.016E-2	-0.165
63.255	1.962E-2	-0.165
63.289	1.764E-2	-0.165
63.322	1.462E-2	-0.165
63.355	1.068E-2	-0.166
63.389	6.122E-3	-0.166
63.422	1.111E-3	-0.166
63.455	-3.820E-3	-0.166
63.489	-8.484E-3	-0.166
63.522	-1.245E-2	-0.166
63.556	-1.585E-2	-0.166
63.589	-1.763E-2	-0.165
63.622	-1.840E-2	-0.165
63.656	-1.789E-2	-0.166
63.689	-1.604E-2	-0.166
63.722	-1.312E-2	-0.166
63.756	-9.333E-3	-0.166
63.789	-4.893E-3	-0.166
63.822	5.254E-5	-0.166
63.856	5.007E-3	-0.166
63.889	9.706E-3	-0.166
63.923	1.369E-2	-0.166
63.956	1.672E-2	-0.165
63.989	1.872E-2	-0.165
64.023	1.961E-2	-0.165
64.056	1.916E-2	-0.165
64.089	1.754E-2	-0.165
64.123	1.471E-2	-0.166
64.156	1.103E-2	-0.166
64.189	6.582E-3	-0.166
64.223	1.668E-3	-0.166
64.256	-3.363E-3	-0.166
64.290	-7.900E-3	-0.166
64.323	-1.201E-2	-0.166
64.356	-1.542E-2	-0.166
64.390	-1.747E-2	-0.165
64.423	-1.828E-2	-0.165
64.456	-1.789E-2	-0.165
64.490	-1.644E-2	-0.166
64.523	-1.345E-2	-0.166
64.556	-9.927E-3	-0.166
64.590	-5.349E-3	-0.166
64.623	-5.197E-4	-0.166
64.657	4.197E-3	-0.166
64.690	9.009E-3	-0.166
64.723	1.304E-2	-0.166
64.757	1.622E-2	-0.165
64.790	1.851E-2	-0.165
64.823	1.946E-2	-0.165
64.857	1.917E-2	-0.165
64.890	1.766E-2	-0.165
64.923	1.512E-2	-0.166
64.957	1.153E-2	-0.166
64.990	7.150E-3	-0.166
65.024	2.465E-3	-0.166
65.057	-2.501E-3	-0.166
65.090	-7.327E-3	-0.166
65.124	-1.145E-2	-0.166
65.157	-1.497E-2	-0.166
65.190	-1.704E-2	-0.166
65.224	-1.797E-2	-0.165
65.257	-1.785E-2	-0.165
65.290	-1.646E-2	-0.166
65.324	-1.400E-2	-0.166
65.357	-1.038E-2	-0.166
65.391	-5.844E-3	-0.166
65.424	-1.324E-3	-0.166
65.457	3.628E-3	-0.166
65.491	8.094E-3	-0.166
65.524	1.251E-2	-0.166
65.557	1.567E-2	-0.165
65.591	1.813E-2	-0.165
65.624	1.920E-2	-0.165
65.657	1.915E-2	-0.165
65.691	1.780E-2	-0.165
65.724	1.542E-2	-0.165
65.757	1.193E-2	-0.166
65.791	7.633E-3	-0.166
65.824	3.020E-3	-0.166
65.858	-1.894E-3	-0.166
65.891	-6.517E-3	-0.166
65.924	-1.089E-2	-0.166
65.958	-1.445E-2	-0.166
65.991	-1.658E-2	-0.166
66.024	-1.772E-2	-0.165
66.058	-1.777E-2	-0.165
66.091	-1.653E-2	-0.166
66.124	-1.396E-2	-0.166
66.158	-1.062E-2	-0.166
66.191	-6.358E-3	-0.166
66.225	-1.795E-3	-0.166
66.258	3.184E-3	-0.166
66.291	7.725E-3	-0.166
66.325	1.199E-2	-0.166
66.358	1.560E-2	-0.165
66.391	1.808E-2	-0.165
66.425	1.918E-2	-0.165
66.458	1.921E-2	-0.165
66.491	1.817E-2	-0.165
66.525	1.575E-2	-0.165
66.558	1.250E-2	-0.166
66.592	8.588E-3	-0.166
66.625	3.675E-3	-0.166
66.658	-9.846E-4	-0.166
66.692	-5.845E-3	-0.166
66.725	-9.946E-3	-0.166
