	mass A		
t	x	y	
3.236	-4.220E-2	-0.184
3.270	-4.225E-2	-0.184
3.303	-4.242E-2	-0.184
3.336	-4.145E-2	-0.184
3.370	-3.798E-2	-0.185
3.403	-3.190E-2	-0.186
3.436	-2.364E-2	-0.187
3.470	-1.395E-2	-0.188
3.503	-4.481E-3	-0.189
3.536	6.051E-3	-0.189
3.570	1.567E-2	-0.190
3.603	2.438E-2	-0.189
3.637	3.150E-2	-0.188
3.670	3.733E-2	-0.187
3.703	4.132E-2	-0.186
3.737	4.241E-2	-0.186
3.770	4.124E-2	-0.186
3.803	3.779E-2	-0.187
3.837	3.218E-2	-0.188
3.870	2.446E-2	-0.189
3.903	1.507E-2	-0.190
3.937	4.688E-3	-0.191
3.970	-5.855E-3	-0.191
4.003	-1.590E-2	-0.190
4.037	-2.530E-2	-0.189
4.070	-3.307E-2	-0.188
4.104	-3.828E-2	-0.187
4.137	-4.161E-2	-0.186
4.170	-4.293E-2	-0.186
4.204	-4.117E-2	-0.187
4.237	-3.710E-2	-0.188
4.270	-3.138E-2	-0.189
4.304	-2.374E-2	-0.190
4.337	-1.505E-2	-0.191
4.370	-4.481E-3	-0.191
4.404	5.781E-3	-0.191
4.437	1.544E-2	-0.190
4.471	2.421E-2	-0.189
4.504	3.201E-2	-0.188
4.537	3.817E-2	-0.187
4.571	4.148E-2	-0.186
4.604	4.238E-2	-0.186
4.637	4.113E-2	-0.186
4.671	3.756E-2	-0.187
4.704	3.143E-2	-0.188
4.737	2.332E-2	-0.189
4.771	1.406E-2	-0.190
4.804	4.098E-3	-0.191
4.838	-6.092E-3	-0.191
4.871	-1.627E-2	-0.190
4.904	-2.463E-2	-0.189
4.938	-3.266E-2	-0.188
4.971	-3.787E-2	-0.187
5.004	-4.101E-2	-0.186
5.038	-4.192E-2	-0.186
5.071	-4.053E-2	-0.186
5.104	-3.638E-2	-0.187
5.138	-3.076E-2	-0.188
5.171	-2.325E-2	-0.189
5.205	-1.378E-2	-0.190
5.238	-3.677E-3	-0.191
5.271	5.853E-3	-0.189
5.305	1.570E-2	-0.189
5.338	2.483E-2	-0.188
5.371	3.254E-2	-0.187
5.405	3.772E-2	-0.185
5.438	4.079E-2	-0.185
5.471	4.180E-2	-0.184
5.505	4.069E-2	-0.185
5.538	3.669E-2	-0.186
5.572	3.046E-2	-0.187
5.605	2.271E-2	-0.188
5.638	1.344E-2	-0.189
5.672	3.369E-3	-0.189
5.705	-7.064E-3	-0.189
5.738	-1.678E-2	-0.189
5.772	-2.544E-2	-0.187
5.805	-3.306E-2	-0.186
5.838	-3.880E-2	-0.185
5.872	-4.187E-2	-0.185
5.905	-4.246E-2	-0.184
5.939	-4.081E-2	-0.185
5.972	-3.721E-2	-0.185
6.005	-3.110E-2	-0.187
6.039	-2.299E-2	-0.188
6.072	-1.405E-2	-0.189
6.105	-4.418E-3	-0.189
6.139	5.864E-3	-0.189
6.172	1.602E-2	-0.189
6.205	2.484E-2	-0.188
6.239	3.212E-2	-0.187
6.272	3.762E-2	-0.185
6.305	4.078E-2	-0.185
6.339	4.175E-2	-0.185
6.372	3.985E-2	-0.185
6.406	3.566E-2	-0.186
6.439	2.951E-2	-0.187
6.472	2.179E-2	-0.188
6.506	1.253E-2	-0.189
6.539	2.293E-3	-0.190
6.572	-7.913E-3	-0.189
6.606	-1.765E-2	-0.189
6.639	-2.641E-2	-0.188
6.672	-3.362E-2	-0.186
6.706	-3.877E-2	-0.185
6.739	-4.150E-2	-0.185
6.773	-4.202E-2	-0.185
6.806	-4.044E-2	-0.185
6.839	-3.672E-2	-0.186
6.873	-3.057E-2	-0.187
6.906	-2.287E-2	-0.188
6.939	-1.375E-2	-0.189
6.973	-3.935E-3	-0.189
7.006	6.403E-3	-0.189
7.039	1.620E-2	-0.189
7.073	2.490E-2	-0.188
7.106	3.203E-2	-0.187
7.140	3.722E-2	-0.185
7.173	4.033E-2	-0.185
7.206	4.087E-2	-0.185
7.240	3.921E-2	-0.185
7.273	3.513E-2	-0.186
7.306	2.901E-2	-0.187
7.340	2.120E-2	-0.188
7.373	1.195E-2	-0.189
7.406	1.753E-3	-0.190
7.440	-8.090E-3	-0.189
7.473	-1.780E-2	-0.189
7.507	-2.651E-2	-0.188
7.540	-3.362E-2	-0.186
7.573	-3.832E-2	-0.185
7.607	-4.132E-2	-0.185
7.640	-4.189E-2	-0.185
7.673	-4.030E-2	-0.185
7.707	-3.621E-2	-0.186
7.740	-3.013E-2	-0.187
7.773	-2.230E-2	-0.188
7.807	-1.309E-2	-0.189
7.840	-3.320E-3	-0.189
7.874	6.829E-3	-0.189
7.907	1.624E-2	-0.189
7.940	2.525E-2	-0.188
7.974	3.212E-2	-0.187
8.007	3.752E-2	-0.186
8.040	4.020E-2	-0.185
8.074	4.073E-2	-0.185
8.107	3.880E-2	-0.185
8.140	3.491E-2	-0.186
8.174	2.849E-2	-0.187
8.207	2.034E-2	-0.188
8.241	1.113E-2	-0.189
8.274	1.303E-3	-0.190
8.307	-8.817E-3	-0.189
8.341	-1.845E-2	-0.189
8.374	-2.663E-2	-0.188
8.407	-3.367E-2	-0.186
8.441	-3.869E-2	-0.185
8.474	-4.136E-2	-0.185
8.507	-4.182E-2	-0.185
8.541	-3.978E-2	-0.185
8.574	-3.566E-2	-0.186
8.607	-2.951E-2	-0.187
8.641	-2.134E-2	-0.188
8.674	-1.212E-2	-0.189
8.708	-2.321E-3	-0.190
8.741	7.413E-3	-0.189
8.774	1.704E-2	-0.189
8.808	2.540E-2	-0.188
8.841	3.248E-2	-0.187
8.874	3.727E-2	-0.186
8.908	3.983E-2	-0.185
8.941	4.030E-2	-0.185
8.974	3.823E-2	-0.185
9.008	3.407E-2	-0.186
9.041	2.751E-2	-0.187
9.075	1.965E-2	-0.188
9.108	1.052E-2	-0.189
9.141	6.878E-4	-0.190
9.175	-9.465E-3	-0.189
9.208	-1.881E-2	-0.188
9.241	-2.696E-2	-0.188
9.275	-3.372E-2	-0.186
9.308	-3.858E-2	-0.185
9.341	-4.106E-2	-0.185
9.375	-4.122E-2	-0.185
9.408	-3.916E-2	-0.185
9.442	-3.495E-2	-0.186
9.475	-2.854E-2	-0.187
9.508	-2.053E-2	-0.188
9.542	-1.175E-2	-0.189
9.575	-1.760E-3	-0.190
9.608	7.732E-3	-0.189
9.642	1.753E-2	-0.189
9.675	2.564E-2	-0.188
9.708	3.231E-2	-0.187
9.742	3.732E-2	-0.186
9.775	4.001E-2	-0.185
9.809	4.004E-2	-0.185
9.842	3.792E-2	-0.185
9.875	3.346E-2	-0.186
9.909	2.715E-2	-0.187
9.942	1.941E-2	-0.189
9.975	9.825E-3	-0.189
10.009	1.559E-4	-0.190
10.042	-9.858E-3	-0.189
10.075	-1.882E-2	-0.189
10.109	-2.703E-2	-0.188
10.142	-3.366E-2	-0.187
10.176	-3.824E-2	-0.186
10.209	-4.075E-2	-0.185
10.242	-4.086E-2	-0.185
10.276	-3.876E-2	-0.186
10.309	-3.423E-2	-0.187
10.342	-2.767E-2	-0.188
10.376	-1.985E-2	-0.189
10.409	-1.061E-2	-0.190
10.442	-1.210E-3	-0.190
10.476	8.942E-3	-0.190
10.509	1.779E-2	-0.189
10.543	2.583E-2	-0.188
10.576	3.258E-2	-0.187
10.609	3.730E-2	-0.186
10.643	3.970E-2	-0.185
10.676	3.972E-2	-0.185
10.709	3.760E-2	-0.186
10.743	3.312E-2	-0.187
10.776	2.648E-2	-0.188
10.809	1.829E-2	-0.189
10.843	8.980E-3	-0.189
10.876	-7.600E-4	-0.190
10.910	-1.051E-2	-0.189
10.943	-1.938E-2	-0.189
10.976	-2.751E-2	-0.188
11.010	-3.410E-2	-0.186
11.043	-3.831E-2	-0.186
11.076	-4.077E-2	-0.185
11.110	-4.078E-2	-0.185
11.143	-3.835E-2	-0.186
11.176	-3.371E-2	-0.187
11.210	-2.712E-2	-0.188
11.243	-1.926E-2	-0.189
11.276	-1.009E-2	-0.189
11.310	-3.412E-4	-0.190
11.343	9.385E-3	-0.189
11.377	1.825E-2	-0.188
11.410	2.640E-2	-0.188
11.443	3.267E-2	-0.186
11.477	3.713E-2	-0.186
11.510	3.933E-2	-0.185
11.543	3.920E-2	-0.185
11.577	3.675E-2	-0.185
11.610	3.216E-2	-0.186
11.643	2.543E-2	-0.188
11.677	1.721E-2	-0.189
11.710	8.325E-3	-0.189
11.744	-1.328E-3	-0.189
11.777	-1.113E-2	-0.189
11.810	-1.991E-2	-0.189
11.844	-2.802E-2	-0.187
11.877	-3.418E-2	-0.186
11.910	-3.835E-2	-0.185
11.944	-4.038E-2	-0.185
11.977	-4.031E-2	-0.185
12.010	-3.780E-2	-0.185
12.044	-3.320E-2	-0.186
12.077	-2.652E-2	-0.188
12.111	-1.873E-2	-0.188
12.144	-9.442E-3	-0.189
12.177	1.947E-4	-0.190
12.211	9.540E-3	-0.189
12.244	1.869E-2	-0.188
12.277	2.679E-2	-0.188
12.311	3.302E-2	-0.186
12.344	3.716E-2	-0.186
12.377	3.919E-2	-0.185
12.411	3.882E-2	-0.185
12.444	3.660E-2	-0.186
12.478	3.156E-2	-0.187
12.511	2.494E-2	-0.188
12.544	1.706E-2	-0.189
12.578	7.870E-3	-0.189
12.611	-2.267E-3	-0.189
12.644	-1.161E-2	-0.189
12.678	-2.041E-2	-0.188
12.711	-2.808E-2	-0.187
12.744	-3.421E-2	-0.186
12.778	-3.828E-2	-0.185
12.811	-3.989E-2	-0.185
12.845	-3.946E-2	-0.185
12.878	-3.717E-2	-0.186
12.911	-3.220E-2	-0.187
12.945	-2.558E-2	-0.188
12.978	-1.765E-2	-0.189
13.011	-8.575E-3	-0.189
13.045	1.219E-3	-0.190
13.078	1.057E-2	-0.189
13.111	1.963E-2	-0.189
13.145	2.733E-2	-0.188
13.178	3.315E-2	-0.186
13.212	3.724E-2	-0.186
13.245	3.919E-2	-0.185
13.278	3.874E-2	-0.185
13.312	3.608E-2	-0.186
13.345	3.142E-2	-0.187
13.378	2.481E-2	-0.188
13.412	1.661E-2	-0.189
13.445	7.332E-3	-0.189
13.478	-2.390E-3	-0.189
13.512	-1.159E-2	-0.189
13.545	-2.041E-2	-0.188
13.578	-2.803E-2	-0.187
13.612	-3.412E-2	-0.186
13.645	-3.787E-2	-0.186
13.679	-3.974E-2	-0.185
13.712	-3.930E-2	-0.185
13.745	-3.636E-2	-0.186
13.779	-3.158E-2	-0.187
13.812	-2.483E-2	-0.188
13.845	-1.665E-2	-0.189
13.879	-7.576E-3	-0.189
13.912	2.190E-3	-0.190
13.945	1.147E-2	-0.189
13.979	1.992E-2	-0.188
14.012	2.753E-2	-0.187
14.046	3.353E-2	-0.186
14.079	3.750E-2	-0.186
14.112	3.909E-2	-0.185
14.146	3.835E-2	-0.185
14.179	3.545E-2	-0.186
14.212	3.052E-2	-0.187
14.246	2.375E-2	-0.188
14.279	1.560E-2	-0.189
14.312	6.455E-3	-0.189
14.346	-3.422E-3	-0.189
14.379	-1.257E-2	-0.189
14.413	-2.126E-2	-0.188
14.446	-2.854E-2	-0.187
14.479	-3.425E-2	-0.186
14.513	-3.792E-2	-0.185
14.546	-3.939E-2	-0.185
14.579	-3.879E-2	-0.185
14.613	-3.578E-2	-0.186
14.646	-3.071E-2	-0.187
14.679	-2.396E-2	-0.188
14.713	-1.572E-2	-0.189
14.746	-6.554E-3	-0.189
14.780	2.782E-3	-0.189
14.813	1.211E-2	-0.189
14.846	2.077E-2	-0.188
14.880	2.800E-2	-0.187
14.913	3.358E-2	-0.186
14.946	3.718E-2	-0.185
14.980	3.875E-2	-0.185
15.013	3.778E-2	-0.185
15.046	3.465E-2	-0.186
15.080	2.990E-2	-0.187
15.113	2.289E-2	-0.188
15.147	1.462E-2	-0.189
15.180	5.435E-3	-0.189
15.213	-3.901E-3	-0.189
15.247	-1.312E-2	-0.189
15.280	-2.185E-2	-0.188
15.313	-2.907E-2	-0.187
15.347	-3.463E-2	-0.186
15.380	-3.821E-2	-0.185
15.413	-3.940E-2	-0.185
15.447	-3.861E-2	-0.185
15.480	-3.551E-2	-0.186
15.514	-3.030E-2	-0.187
15.547	-2.338E-2	-0.188
15.580	-1.530E-2	-0.189
15.614	-6.143E-3	-0.189
15.647	3.330E-3	-0.189
15.680	1.233E-2	-0.189
15.714	2.090E-2	-0.188
15.747	2.803E-2	-0.187
15.780	3.358E-2	-0.186
15.814	3.710E-2	-0.185
15.847	3.833E-2	-0.185
15.881	3.722E-2	-0.185
15.914	3.411E-2	-0.186
15.947	2.896E-2	-0.187
15.981	2.189E-2	-0.188
16.014	1.359E-2	-0.189
16.047	4.370E-3	-0.189
16.081	-4.878E-3	-0.189
16.114	-1.419E-2	-0.189
16.147	-2.233E-2	-0.188
16.181	-2.954E-2	-0.187
16.214	-3.471E-2	-0.186
16.247	-3.783E-2	-0.185
16.281	-3.884E-2	-0.185
16.314	-3.787E-2	-0.185
16.348	-3.473E-2	-0.186
16.381	-2.951E-2	-0.187
16.414	-2.280E-2	-0.188
16.448	-1.423E-2	-0.189
16.481	-5.421E-3	-0.189
16.514	3.957E-3	-0.189
16.548	1.311E-2	-0.189
16.581	2.169E-2	-0.188
16.614	2.880E-2	-0.187
16.648	3.380E-2	-0.186
16.681	3.700E-2	-0.185
16.715	3.802E-2	-0.185
16.748	3.697E-2	-0.185
16.781	3.359E-2	-0.186
16.815	2.813E-2	-0.187
16.848	2.118E-2	-0.188
16.881	1.306E-2	-0.189
16.915	3.964E-3	-0.189
16.948	-5.384E-3	-0.189
16.981	-1.457E-2	-0.189
17.015	-2.268E-2	-0.188
17.048	-2.946E-2	-0.187
17.082	-3.470E-2	-0.186
17.115	-3.778E-2	-0.185
17.148	-3.862E-2	-0.185
17.182	-3.733E-2	-0.186
17.215	-3.416E-2	-0.186
17.248	-2.857E-2	-0.187
17.282	-2.146E-2	-0.188
17.315	-1.344E-2	-0.189
17.348	-4.400E-3	-0.189
17.382	4.915E-3	-0.189
17.415	1.405E-2	-0.189
17.449	2.229E-2	-0.188
17.482	2.889E-2	-0.187
17.515	3.406E-2	-0.186
17.549	3.712E-2	-0.186
17.582	3.808E-2	-0.185
17.615	3.669E-2	-0.186
17.649	3.315E-2	-0.186
17.682	2.783E-2	-0.187
17.715	2.070E-2	-0.188
17.749	1.244E-2	-0.189
17.782	3.336E-3	-0.189
17.816	-5.983E-3	-0.189
17.849	-1.474E-2	-0.189
17.882	-2.295E-2	-0.188
17.916	-2.960E-2	-0.187
17.949	-3.468E-2	-0.186
17.982	-3.735E-2	-0.185
18.016	-3.823E-2	-0.185
18.049	-3.680E-2	-0.186
18.082	-3.326E-2	-0.186
18.116	-2.794E-2	-0.187
18.149	-2.080E-2	-0.188
18.183	-1.267E-2	-0.189
18.216	-3.460E-3	-0.189
18.249	5.915E-3	-0.189
18.283	1.469E-2	-0.189
18.316	2.272E-2	-0.188
18.349	2.923E-2	-0.187
18.383	3.413E-2	-0.186
18.416	3.706E-2	-0.185
18.449	3.770E-2	-0.185
18.483	3.619E-2	-0.186
18.516	3.258E-2	-0.186
18.549	2.697E-2	-0.187
18.583	2.012E-2	-0.188
18.616	1.156E-2	-0.189
18.650	2.731E-3	-0.189
18.683	-6.480E-3	-0.189
18.716	-1.568E-2	-0.188
18.750	-2.335E-2	-0.188
18.783	-3.002E-2	-0.187
18.816	-3.472E-2	-0.186
18.850	-3.739E-2	-0.185
18.883	-3.795E-2	-0.185
18.916	-3.630E-2	-0.186
18.950	-3.265E-2	-0.186
18.983	-2.703E-2	-0.187
19.017	-1.978E-2	-0.188
19.050	-1.158E-2	-0.189
19.083	-2.756E-3	-0.189
19.117	6.671E-3	-0.189
19.150	1.539E-2	-0.189
19.183	2.293E-2	-0.188
19.217	2.939E-2	-0.187
19.250	3.407E-2	-0.186
19.283	3.667E-2	-0.186
19.317	3.718E-2	-0.185
19.350	3.556E-2	-0.186
19.384	3.173E-2	-0.187
19.417	2.618E-2	-0.187
19.450	1.888E-2	-0.188
19.484	1.046E-2	-0.189
19.517	1.433E-3	-0.189
19.550	-7.598E-3	-0.189
19.584	-1.625E-2	-0.189
19.617	-2.405E-2	-0.188
19.650	-3.058E-2	-0.187
19.684	-3.489E-2	-0.186
19.717	-3.768E-2	-0.185
19.751	-3.807E-2	-0.185
19.784	-3.619E-2	-0.186
19.817	-3.224E-2	-0.186
19.851	-2.659E-2	-0.187
19.884	-1.936E-2	-0.188
19.917	-1.108E-2	-0.189
19.951	-1.880E-3	-0.189
19.984	7.283E-3	-0.189
20.017	1.573E-2	-0.189
20.051	2.341E-2	-0.188
20.084	2.960E-2	-0.187
20.118	3.408E-2	-0.186
20.151	3.641E-2	-0.186
20.184	3.668E-2	-0.185
20.218	3.483E-2	-0.186
20.251	3.098E-2	-0.187
20.284	2.530E-2	-0.188
20.318	1.793E-2	-0.189
20.351	9.490E-3	-0.189
20.384	2.156E-4	-0.189
20.418	-8.905E-3	-0.189
20.451	-1.715E-2	-0.189
20.485	-2.480E-2	-0.188
20.518	-3.084E-2	-0.187
20.551	-3.501E-2	-0.186
20.585	-3.745E-2	-0.186
20.618	-3.758E-2	-0.186
20.651	-3.553E-2	-0.186
20.685	-3.185E-2	-0.187
20.718	-2.583E-2	-0.188
20.751	-1.851E-2	-0.189
20.785	-1.028E-2	-0.189
20.818	-1.557E-3	-0.189
20.851	7.592E-3	-0.189
20.885	1.631E-2	-0.189
20.918	2.360E-2	-0.188
20.952	2.972E-2	-0.187
20.985	3.392E-2	-0.186
21.018	3.640E-2	-0.186
21.052	3.651E-2	-0.186
21.085	3.442E-2	-0.186
21.118	3.020E-2	-0.187
21.152	2.448E-2	-0.188
21.185	1.710E-2	-0.189
21.218	8.714E-3	-0.189
21.252	-5.279E-4	-0.189
21.285	-9.378E-3	-0.189
21.319	-1.752E-2	-0.189
21.352	-2.517E-2	-0.188
21.385	-3.129E-2	-0.187
21.419	-3.505E-2	-0.186
21.452	-3.741E-2	-0.186
21.485	-3.749E-2	-0.186
21.519	-3.511E-2	-0.186
21.552	-3.112E-2	-0.187
21.585	-2.519E-2	-0.188
21.619	-1.770E-2	-0.189
21.652	-9.447E-3	-0.189
21.686	-9.603E-4	-0.189
21.719	8.368E-3	-0.189
21.752	1.683E-2	-0.189
21.786	2.405E-2	-0.188
21.819	2.995E-2	-0.187
21.852	3.411E-2	-0.186
21.886	3.616E-2	-0.186
21.919	3.605E-2	-0.186
21.952	3.393E-2	-0.186
21.986	2.971E-2	-0.187
22.019	2.380E-2	-0.188
22.053	1.620E-2	-0.189
22.086	7.844E-3	-0.189
22.119	-1.164E-3	-0.189
22.153	-1.003E-2	-0.189
22.186	-1.825E-2	-0.189
22.219	-2.549E-2	-0.188
22.253	-3.115E-2	-0.187
22.286	-3.520E-2	-0.186
22.319	-3.724E-2	-0.186
22.353	-3.714E-2	-0.186
22.386	-3.461E-2	-0.186
22.420	-3.016E-2	-0.187
22.453	-2.445E-2	-0.188
22.486	-1.718E-2	-0.189
22.520	-8.597E-3	-0.189
22.553	1.247E-4	-0.189
22.586	9.330E-3	-0.189
22.620	1.751E-2	-0.189
22.653	2.448E-2	-0.188
22.686	3.037E-2	-0.187
22.720	3.421E-2	-0.186
22.753	3.597E-2	-0.186
22.787	3.564E-2	-0.186
22.820	3.357E-2	-0.186
22.853	2.903E-2	-0.187
22.887	2.284E-2	-0.188
22.920	1.551E-2	-0.189
22.953	6.954E-3	-0.189
22.987	-1.926E-3	-0.189
23.020	-1.061E-2	-0.189
23.053	-1.879E-2	-0.189
23.087	-2.587E-2	-0.188
23.120	-3.124E-2	-0.187
23.154	-3.517E-2	-0.186
23.187	-3.685E-2	-0.186
23.220	-3.631E-2	-0.186
23.254	-3.411E-2	-0.186
23.287	-2.964E-2	-0.187
23.320	-2.390E-2	-0.188
23.354	-1.622E-2	-0.189
23.387	-7.924E-3	-0.189
23.420	1.179E-3	-0.190
23.454	9.899E-3	-0.189
23.487	1.816E-2	-0.189
23.520	2.491E-2	-0.188
23.554	3.043E-2	-0.187
23.587	3.415E-2	-0.186
23.621	3.573E-2	-0.186
23.654	3.561E-2	-0.186
23.687	3.303E-2	-0.187
23.721	2.842E-2	-0.187
23.754	2.230E-2	-0.188
23.787	1.460E-2	-0.189
23.821	6.318E-3	-0.189
23.854	-2.849E-3	-0.189
23.887	-1.112E-2	-0.189
23.921	-1.931E-2	-0.188
23.954	-2.606E-2	-0.188
23.988	-3.164E-2	-0.187
24.021	-3.520E-2	-0.186
24.054	-3.670E-2	-0.186
24.088	-3.620E-2	-0.186
24.121	-3.371E-2	-0.186
24.154	-2.911E-2	-0.187
24.188	-2.289E-2	-0.188
24.221	-1.528E-2	-0.189
24.254	-7.061E-3	-0.189
24.288	1.693E-3	-0.189
24.321	1.047E-2	-0.189
24.355	1.857E-2	-0.188
24.388	2.533E-2	-0.188
24.421	3.061E-2	-0.187
24.455	3.414E-2	-0.186
24.488	3.561E-2	-0.186
24.521	3.505E-2	-0.186
24.555	3.249E-2	-0.186
24.588	2.788E-2	-0.187
24.621	2.175E-2	-0.188
24.655	1.401E-2	-0.189
24.688	5.364E-3	-0.189
24.722	-3.465E-3	-0.189
24.755	-1.203E-2	-0.189
24.788	-1.983E-2	-0.188
24.822	-2.658E-2	-0.187
24.855	-3.163E-2	-0.187
24.888	-3.514E-2	-0.186
24.922	-3.629E-2	-0.186
24.955	-3.572E-2	-0.186
24.988	-3.309E-2	-0.186
25.022	-2.846E-2	-0.187
25.055	-2.229E-2	-0.188
25.089	-1.462E-2	-0.189
25.122	-6.074E-3	-0.189
25.155	2.317E-3	-0.189
25.189	1.092E-2	-0.189
25.222	1.873E-2	-0.188
25.255	2.546E-2	-0.187
25.289	3.062E-2	-0.187
25.322	3.402E-2	-0.186
25.355	3.519E-2	-0.186
25.389	3.449E-2	-0.186
25.422	3.160E-2	-0.186
25.456	2.696E-2	-0.187
25.489	2.069E-2	-0.188
25.522	1.300E-2	-0.189
25.556	4.711E-3	-0.189
25.589	-3.929E-3	-0.189
25.622	-1.268E-2	-0.189
25.656	-2.035E-2	-0.188
25.689	-2.698E-2	-0.187
25.722	-3.173E-2	-0.186
25.756	-3.482E-2	-0.186
25.789	-3.623E-2	-0.186
25.822	-3.525E-2	-0.186
25.856	-3.222E-2	-0.186
25.889	-2.744E-2	-0.187
25.923	-2.128E-2	-0.188
25.956	-1.359E-2	-0.189
25.989	-5.017E-3	-0.189
26.023	3.353E-3	-0.189
26.056	1.160E-2	-0.189
26.089	1.961E-2	-0.188
26.123	2.594E-2	-0.187
26.156	3.104E-2	-0.187
26.189	3.407E-2	-0.186
26.223	3.512E-2	-0.186
26.256	3.415E-2	-0.186
26.290	3.111E-2	-0.186
26.323	2.630E-2	-0.188
26.356	1.971E-2	-0.188
26.390	1.245E-2	-0.189
26.423	3.880E-3	-0.189
26.456	-4.924E-3	-0.189
26.490	-1.322E-2	-0.189
26.523	-2.085E-2	-0.188
26.556	-2.706E-2	-0.187
26.590	-3.210E-2	-0.187
26.623	-3.515E-2	-0.186
26.657	-3.582E-2	-0.186
26.690	-3.472E-2	-0.186
26.723	-3.164E-2	-0.187
26.757	-2.695E-2	-0.187
26.790	-2.040E-2	-0.188
26.823	-1.271E-2	-0.189
26.857	-4.419E-3	-0.189
26.890	4.311E-3	-0.189
26.923	1.250E-2	-0.189
26.957	2.018E-2	-0.188
26.990	2.641E-2	-0.187
27.024	3.109E-2	-0.187
27.057	3.410E-2	-0.186
27.090	3.507E-2	-0.186
27.124	3.404E-2	-0.186
27.157	3.061E-2	-0.187
27.190	2.579E-2	-0.188
27.224	1.921E-2	-0.188
27.257	1.145E-2	-0.189
27.290	2.810E-3	-0.189
27.324	-5.545E-3	-0.189
27.357	-1.377E-2	-0.189
27.391	-2.129E-2	-0.188
27.424	-2.752E-2	-0.187
27.457	-3.211E-2	-0.187
27.491	-3.474E-2	-0.186
27.524	-3.567E-2	-0.186
27.557	-3.429E-2	-0.186
27.591	-3.107E-2	-0.187
27.624	-2.599E-2	-0.188
27.657	-1.936E-2	-0.188
27.691	-1.169E-2	-0.189
27.724	-3.431E-3	-0.190
27.758	4.818E-3	-0.189
27.791	1.308E-2	-0.189
27.824	2.068E-2	-0.188
27.858	2.679E-2	-0.187
27.891	3.147E-2	-0.187
27.924	3.409E-2	-0.186
27.958	3.467E-2	-0.186
27.991	3.321E-2	-0.186
28.024	3.000E-2	-0.187
28.058	2.493E-2	-0.188
28.091	1.824E-2	-0.188
28.125	1.049E-2	-0.189
28.158	2.148E-3	-0.189
28.191	-6.384E-3	-0.189
28.225	-1.457E-2	-0.189
28.258	-2.184E-2	-0.188
28.291	-2.800E-2	-0.187
28.325	-3.214E-2	-0.187
28.358	-3.469E-2	-0.186
28.391	-3.526E-2	-0.186
28.425	-3.410E-2	-0.186
28.458	-3.066E-2	-0.187
28.491	-2.541E-2	-0.188
28.525	-1.873E-2	-0.189
28.558	-1.108E-2	-0.189
28.592	-2.852E-3	-0.189
28.625	5.446E-3	-0.189
28.658	1.360E-2	-0.189
28.692	2.084E-2	-0.188
28.725	2.686E-2	-0.187
28.758	3.146E-2	-0.187
28.792	3.371E-2	-0.186
28.825	3.419E-2	-0.186
28.858	3.258E-2	-0.186
28.892	2.901E-2	-0.187
28.925	2.381E-2	-0.188
28.959	1.715E-2	-0.189
28.992	9.376E-3	-0.189
29.025	1.179E-3	-0.189
29.059	-7.385E-3	-0.189
29.092	-1.525E-2	-0.189
29.125	-2.249E-2	-0.188
29.159	-2.813E-2	-0.187
29.192	-3.220E-2	-0.187
29.225	-3.465E-2	-0.186
29.259	-3.515E-2	-0.186
29.292	-3.364E-2	-0.186
29.326	-3.008E-2	-0.187
29.359	-2.493E-2	-0.187
29.392	-1.828E-2	-0.188
29.426	-1.049E-2	-0.189
29.459	-2.254E-3	-0.189
29.492	6.293E-3	-0.189
29.526	1.446E-2	-0.189
29.559	2.126E-2	-0.188
29.592	2.737E-2	-0.187
29.626	3.149E-2	-0.187
29.659	3.358E-2	-0.186
29.693	3.400E-2	-0.186
29.726	3.247E-2	-0.187
29.759	2.892E-2	-0.187
29.793	2.331E-2	-0.188
29.826	1.660E-2	-0.189
29.859	8.866E-3	-0.189
29.893	2.669E-4	-0.189
29.926	-7.987E-3	-0.189
29.959	-1.579E-2	-0.189
29.993	-2.281E-2	-0.188
30.026	-2.813E-2	-0.187
30.060	-3.219E-2	-0.187
30.093	-3.432E-2	-0.186
30.126	-3.459E-2	-0.186
30.160	-3.265E-2	-0.187
30.193	-2.904E-2	-0.187
30.226	-2.352E-2	-0.188
30.260	-1.676E-2	-0.189
30.293	-9.077E-3	-0.189
30.326	-8.751E-4	-0.189
30.360	7.415E-3	-0.189
30.393	1.515E-2	-0.189
30.427	2.229E-2	-0.188
30.460	2.787E-2	-0.187
30.493	3.165E-2	-0.187
30.527	3.369E-2	-0.186
30.560	3.393E-2	-0.186
30.593	3.199E-2	-0.187
30.627	2.804E-2	-0.187
30.660	2.274E-2	-0.188
30.693	1.567E-2	-0.189
30.727	7.818E-3	-0.189
30.760	-7.306E-4	-0.189
30.793	-8.940E-3	-0.189
30.827	-1.631E-2	-0.189
30.860	-2.330E-2	-0.188
30.894	-2.861E-2	-0.187
30.927	-3.255E-2	-0.187
30.960	-3.462E-2	-0.186
30.994	-3.459E-2	-0.186
31.027	-3.255E-2	-0.187
31.060	-2.853E-2	-0.187
31.094	-2.299E-2	-0.188
31.127	-1.626E-2	-0.189
31.160	-8.539E-3	-0.189
31.194	-3.091E-4	-0.189
31.227	7.975E-3	-0.189
31.261	1.565E-2	-0.189
31.294	2.228E-2	-0.188
31.327	2.752E-2	-0.187
31.361	3.151E-2	-0.187
31.394	3.334E-2	-0.186
31.427	3.313E-2	-0.186
31.461	3.103E-2	-0.187
31.494	2.730E-2	-0.187
31.527	2.175E-2	-0.188
31.561	1.467E-2	-0.189
31.594	6.827E-3	-0.189
31.628	-1.760E-3	-0.189
31.661	-9.598E-3	-0.189
31.694	-1.730E-2	-0.189
31.728	-2.395E-2	-0.188
31.761	-2.901E-2	-0.187
31.794	-3.267E-2	-0.186
31.828	-3.422E-2	-0.186
31.861	-3.416E-2	-0.186
31.894	-3.210E-2	-0.186
31.928	-2.793E-2	-0.187
31.961	-2.238E-2	-0.188
31.995	-1.530E-2	-0.189
32.028	-7.577E-3	-0.189
32.061	7.094E-4	-0.189
32.095	8.826E-3	-0.189
32.128	1.623E-2	-0.189
32.161	2.279E-2	-0.188
32.195	2.832E-2	-0.187
32.228	3.162E-2	-0.187
32.261	3.313E-2	-0.186
32.295	3.298E-2	-0.186
32.328	3.059E-2	-0.187
32.362	2.645E-2	-0.187
32.395	2.075E-2	-0.188
32.428	1.360E-2	-0.189
32.462	5.875E-3	-0.189
32.495	-2.382E-3	-0.189
32.528	-1.057E-2	-0.189
32.562	-1.783E-2	-0.189
32.595	-2.440E-2	-0.188
32.628	-2.950E-2	-0.187
32.662	-3.270E-2	-0.186
32.695	-3.418E-2	-0.186
32.729	-3.371E-2	-0.186
32.762	-3.124E-2	-0.187
32.795	-2.703E-2	-0.188
32.829	-2.134E-2	-0.188
32.862	-1.459E-2	-0.189
32.895	-6.500E-3	-0.189
32.929	1.663E-3	-0.190
32.962	9.502E-3	-0.189
32.995	1.713E-2	-0.189
33.029	2.333E-2	-0.188
33.062	2.844E-2	-0.187
33.095	3.155E-2	-0.187
33.129	3.300E-2	-0.186
33.162	3.254E-2	-0.186
33.196	3.001E-2	-0.187
33.229	2.582E-2	-0.188
33.262	2.011E-2	-0.188
33.296	1.296E-2	-0.189
33.329	5.255E-3	-0.189
33.362	-2.982E-3	-0.190
33.396	-1.107E-2	-0.189
33.429	-1.830E-2	-0.189
33.462	-2.450E-2	-0.188
33.496	-2.955E-2	-0.187
33.529	-3.261E-2	-0.186
33.563	-3.374E-2	-0.186
33.596	-3.318E-2	-0.186
33.629	-3.054E-2	-0.187
33.663	-2.607E-2	-0.188
33.696	-2.037E-2	-0.188
33.729	-1.354E-2	-0.189
33.763	-5.530E-3	-0.189
33.796	2.688E-3	-0.189
33.829	1.047E-2	-0.189
33.863	1.770E-2	-0.189
33.896	2.384E-2	-0.188
33.930	2.867E-2	-0.187
33.963	3.169E-2	-0.187
33.996	3.299E-2	-0.186
34.030	3.214E-2	-0.186
34.063	2.949E-2	-0.187
34.096	2.525E-2	-0.188
34.130	1.923E-2	-0.188
34.163	1.200E-2	-0.189
34.196	4.207E-3	-0.190
34.230	-3.913E-3	-0.189
34.263	-1.167E-2	-0.189
34.297	-1.884E-2	-0.189
34.330	-2.497E-2	-0.188
34.363	-2.960E-2	-0.187
34.397	-3.255E-2	-0.187
34.430	-3.362E-2	-0.186
34.463	-3.265E-2	-0.187
34.497	-3.010E-2	-0.187
34.530	-2.558E-2	-0.188
34.563	-1.980E-2	-0.188
34.597	-1.257E-2	-0.189
34.630	-4.851E-3	-0.189
34.664	3.291E-3	-0.189
34.697	1.101E-2	-0.189
34.730	1.822E-2	-0.188
34.764	2.429E-2	-0.188
34.797	2.889E-2	-0.187
34.830	3.159E-2	-0.187
34.864	3.260E-2	-0.186
34.897	3.155E-2	-0.187
34.930	2.891E-2	-0.187
34.964	2.436E-2	-0.188
34.997	1.817E-2	-0.189
35.031	1.099E-2	-0.189
35.064	3.300E-3	-0.189
35.097	-4.934E-3	-0.189
35.131	-1.260E-2	-0.189
35.164	-1.980E-2	-0.188
35.197	-2.549E-2	-0.188
35.231	-3.000E-2	-0.187
35.264	-3.259E-2	-0.187
35.297	-3.325E-2	-0.187
35.331	-3.220E-2	-0.187
35.364	-2.911E-2	-0.187
35.398	-2.456E-2	-0.188
35.431	-1.835E-2	-0.189
35.464	-1.155E-2	-0.189
35.498	-3.865E-3	-0.190
35.531	4.280E-3	-0.189
35.564	1.206E-2	-0.189
35.598	1.877E-2	-0.188
35.631	2.476E-2	-0.188
35.664	2.902E-2	-0.187
35.698	3.156E-2	-0.187
35.731	3.246E-2	-0.187
35.764	3.108E-2	-0.187
35.798	2.822E-2	-0.187
35.831	2.332E-2	-0.188
35.865	1.725E-2	-0.189
35.898	1.000E-2	-0.189
35.931	2.293E-3	-0.190
35.965	-5.538E-3	-0.190
35.998	-1.326E-2	-0.189
36.031	-2.025E-2	-0.188
36.065	-2.591E-2	-0.188
36.098	-3.003E-2	-0.187
36.131	-3.254E-2	-0.187
36.165	-3.314E-2	-0.187
36.198	-3.203E-2	-0.187
36.232	-2.901E-2	-0.187
36.265	-2.436E-2	-0.188
36.298	-1.786E-2	-0.189
36.332	-1.062E-2	-0.189
36.365	-2.896E-3	-0.189
36.398	4.883E-3	-0.189
36.432	1.250E-2	-0.189
36.465	1.931E-2	-0.188
36.498	2.491E-2	-0.188
36.532	2.900E-2	-0.187
36.565	3.149E-2	-0.187
36.599	3.199E-2	-0.187
36.632	3.046E-2	-0.187
36.665	2.740E-2	-0.187
36.699	2.237E-2	-0.188
36.732	1.621E-2	-0.189
36.765	8.998E-3	-0.189
36.799	1.215E-3	-0.189
36.832	-6.877E-3	-0.189
36.865	-1.421E-2	-0.189
36.899	-2.088E-2	-0.188
36.932	-2.646E-2	-0.187
36.966	-3.052E-2	-0.187
36.999	-3.264E-2	-0.187
37.032	-3.312E-2	-0.186
37.066	-3.158E-2	-0.187
37.099	-2.844E-2	-0.187
37.132	-2.341E-2	-0.188
37.166	-1.715E-2	-0.189
37.199	-1.002E-2	-0.189
37.232	-2.315E-3	-0.189
37.266	5.441E-3	-0.189
37.299	1.303E-2	-0.189
37.333	1.971E-2	-0.188
37.366	2.493E-2	-0.187
37.399	2.898E-2	-0.187
37.433	3.104E-2	-0.186
37.466	3.149E-2	-0.187
37.499	2.993E-2	-0.187
37.533	2.644E-2	-0.187
37.566	2.131E-2	-0.188
37.599	1.508E-2	-0.189
37.633	7.832E-3	-0.189
37.666	1.581E-4	-0.190
37.700	-7.584E-3	-0.189
37.733	-1.514E-2	-0.189
37.766	-2.148E-2	-0.188
37.800	-2.654E-2	-0.188
37.833	-3.053E-2	-0.187
37.866	-3.265E-2	-0.186
37.900	-3.262E-2	-0.187
37.933	-3.107E-2	-0.187
37.966	-2.746E-2	-0.187
38.000	-2.238E-2	-0.188
38.033	-1.617E-2	-0.189
38.066	-9.012E-3	-0.189
38.100	-1.262E-3	-0.189
38.133	6.399E-3	-0.189
38.167	1.398E-2	-0.189
38.200	2.031E-2	-0.188
38.233	2.581E-2	-0.188
38.267	2.949E-2	-0.187
38.300	3.221E-2	-0.187
38.333	3.226E-2	-0.187
38.367	3.060E-2	-0.188
38.400	2.702E-2	-0.188
38.433	2.191E-2	-0.189
38.467	1.536E-2	-0.190
38.500	8.107E-3	-0.190
38.534	-3.338E-5	-0.190
38.567	-7.429E-3	-0.190
38.600	-1.459E-2	-0.190
38.634	-2.123E-2	-0.189
38.667	-2.626E-2	-0.188
38.700	-2.984E-2	-0.188
38.734	-3.141E-2	-0.188
38.767	-3.140E-2	-0.188
38.800	-2.982E-2	-0.188
38.834	-2.584E-2	-0.189
38.867	-2.065E-2	-0.189
38.901	-1.442E-2	-0.190
38.934	-7.399E-3	-0.190
38.967	4.589E-4	-0.190
39.001	8.017E-3	-0.190
39.034	1.529E-2	-0.189
39.067	2.148E-2	-0.189
39.101	2.661E-2	-0.188
39.134	3.011E-2	-0.188
39.167	3.175E-2	-0.187
39.201	3.164E-2	-0.187
39.234	2.971E-2	-0.188
39.268	2.597E-2	-0.188
39.301	2.048E-2	-0.189
39.334	1.423E-2	-0.190
39.368	6.978E-3	-0.190
39.401	-1.064E-3	-0.190
39.434	-8.396E-3	-0.190
39.468	-1.557E-2	-0.190
39.501	-2.181E-2	-0.189
39.534	-2.674E-2	-0.188
39.568	-2.993E-2	-0.188
39.601	-3.140E-2	-0.188
39.635	-3.103E-2	-0.188
39.668	-2.931E-2	-0.188
39.701	-2.536E-2	-0.188
39.735	-2.016E-2	-0.189
39.768	-1.352E-2	-0.190
39.801	-6.322E-3	-0.190
39.835	1.399E-3	-0.190
39.868	8.573E-3	-0.190
39.901	1.582E-2	-0.189
39.935	2.233E-2	-0.189
39.968	2.705E-2	-0.188
40.002	3.021E-2	-0.188
40.035	3.162E-2	-0.187
40.068	3.120E-2	-0.188
40.102	2.911E-2	-0.188
40.135	2.544E-2	-0.189
40.168	1.997E-2	-0.189
40.202	1.329E-2	-0.190
40.235	6.034E-3	-0.190
40.268	-1.681E-3	-0.190
40.302	-9.396E-3	-0.190
40.335	-1.650E-2	-0.189
40.369	-2.229E-2	-0.189
40.402	-2.686E-2	-0.188
40.435	-2.992E-2	-0.188
40.469	-3.101E-2	-0.188
40.502	-3.060E-2	-0.188
40.535	-2.842E-2	-0.188
40.569	-2.471E-2	-0.188
40.602	-1.914E-2	-0.189
40.635	-1.249E-2	-0.190
40.669	-5.235E-3	-0.190
40.702	2.443E-3	-0.190
40.735	9.658E-3	-0.190
40.769	1.640E-2	-0.189
40.802	2.254E-2	-0.189
40.836	2.705E-2	-0.188
40.869	3.018E-2	-0.188
40.902	3.120E-2	-0.187
40.936	3.064E-2	-0.187
40.969	2.821E-2	-0.188
41.002	2.410E-2	-0.188
41.036	1.894E-2	-0.189
41.069	1.224E-2	-0.190
41.102	4.539E-3	-0.190
41.136	-3.142E-3	-0.190
41.169	-1.037E-2	-0.190
41.203	-1.713E-2	-0.189
41.236	-2.281E-2	-0.189
41.269	-2.727E-2	-0.188
41.303	-3.003E-2	-0.188
41.336	-3.098E-2	-0.188
41.369	-3.038E-2	-0.188
41.403	-2.786E-2	-0.188
41.436	-2.382E-2	-0.189
41.469	-1.867E-2	-0.189
41.503	-1.201E-2	-0.190
41.536	-4.260E-3	-0.190
41.570	3.005E-3	-0.190
41.603	1.052E-2	-0.190
41.636	1.730E-2	-0.189
41.670	2.335E-2	-0.189
41.703	2.760E-2	-0.188
41.736	3.022E-2	-0.188
41.770	3.126E-2	-0.188
41.803	3.057E-2	-0.188
41.836	2.807E-2	-0.188
41.870	2.398E-2	-0.189
41.903	1.835E-2	-0.190
41.937	1.158E-2	-0.190
41.970	4.028E-3	-0.190
42.003	-3.311E-3	-0.190
42.037	-1.095E-2	-0.190
42.070	-1.751E-2	-0.189
42.103	-2.306E-2	-0.189
42.137	-2.732E-2	-0.188
42.170	-2.999E-2	-0.188
42.203	-3.079E-2	-0.188
42.237	-2.984E-2	-0.188
42.270	-2.728E-2	-0.188
42.304	-2.318E-2	-0.189
42.337	-1.762E-2	-0.189
42.370	-1.083E-2	-0.190
42.404	-3.314E-3	-0.190
42.437	4.062E-3	-0.190
42.470	1.126E-2	-0.190
42.504	1.789E-2	-0.189
42.537	2.346E-2	-0.189
42.570	2.753E-2	-0.188
42.604	3.024E-2	-0.188
42.637	3.113E-2	-0.188
42.671	3.011E-2	-0.188
42.704	2.749E-2	-0.188
42.737	2.305E-2	-0.189
42.771	1.734E-2	-0.189
42.804	1.065E-2	-0.190
42.837	3.472E-3	-0.190
42.871	-4.276E-3	-0.190
42.904	-1.148E-2	-0.190
42.937	-1.807E-2	-0.189
42.971	-2.336E-2	-0.189
43.004	-2.738E-2	-0.188
43.037	-2.992E-2	-0.188
43.071	-3.050E-2	-0.188
43.104	-2.945E-2	-0.188
43.138	-2.649E-2	-0.188
43.171	-2.223E-2	-0.189
43.204	-1.616E-2	-0.190
43.238	-9.423E-3	-0.190
43.271	-2.603E-3	-0.190
43.304	5.018E-3	-0.190
43.338	1.212E-2	-0.190
43.371	1.877E-2	-0.189
43.404	2.397E-2	-0.189
43.438	2.808E-2	-0.188
43.471	3.020E-2	-0.188
43.505	3.074E-2	-0.188
43.538	2.956E-2	-0.188
43.571	2.666E-2	-0.188
43.605	2.206E-2	-0.189
43.638	1.622E-2	-0.189
43.671	9.557E-3	-0.190
43.705	2.408E-3	-0.190
43.738	-4.883E-3	-0.190
43.771	-1.205E-2	-0.190
43.805	-1.853E-2	-0.189
43.838	-2.377E-2	-0.189
43.872	-2.737E-2	-0.188
43.905	-2.980E-2	-0.188
43.938	-3.008E-2	-0.188
43.972	-2.899E-2	-0.188
44.005	-2.593E-2	-0.188
44.038	-2.160E-2	-0.189
44.072	-1.601E-2	-0.189
44.105	-8.945E-3	-0.190
44.138	-1.591E-3	-0.190
44.172	5.502E-3	-0.190
44.205	1.273E-2	-0.190
44.239	1.898E-2	-0.189
44.272	2.404E-2	-0.189
44.305	2.767E-2	-0.188
44.339	3.006E-2	-0.188
44.372	3.058E-2	-0.188
44.405	2.912E-2	-0.188
44.439	2.606E-2	-0.188
44.472	2.139E-2	-0.189
44.505	1.532E-2	-0.189
44.539	8.540E-3	-0.190
44.572	1.453E-3	-0.190
44.606	-5.822E-3	-0.190
44.639	-1.297E-2	-0.190
44.672	-1.910E-2	-0.189
44.706	-2.416E-2	-0.189
44.739	-2.781E-2	-0.188
44.772	-2.988E-2	-0.188
44.806	-3.002E-2	-0.188
44.839	-2.856E-2	-0.188
44.872	-2.548E-2	-0.188
44.906	-2.104E-2	-0.189
44.939	-1.524E-2	-0.189
44.973	-8.271E-3	-0.190
45.006	-7.561E-4	-0.190
45.039	6.108E-3	-0.190
45.073	1.354E-2	-0.190
45.106	1.963E-2	-0.189
45.139	2.446E-2	-0.188
45.173	2.804E-2	-0.188
45.206	3.003E-2	-0.188
45.239	3.022E-2	-0.188
45.273	2.854E-2	-0.188
45.306	2.540E-2	-0.188
45.339	2.045E-2	-0.189
45.373	1.474E-2	-0.190
45.406	7.665E-3	-0.190
45.440	8.139E-4	-0.190
45.473	-6.720E-3	-0.190
45.506	-1.351E-2	-0.190
45.540	-1.953E-2	-0.189
45.573	-2.431E-2	-0.189
45.606	-2.786E-2	-0.188
45.640	-2.979E-2	-0.188
45.673	-2.978E-2	-0.188
45.706	-2.789E-2	-0.188
45.740	-2.488E-2	-0.188
45.773	-1.991E-2	-0.189
45.807	-1.379E-2	-0.190
45.840	-7.007E-3	-0.190
45.873	1.675E-4	-0.190
45.907	7.489E-3	-0.190
45.940	1.440E-2	-0.190
45.973	2.035E-2	-0.189
46.007	2.503E-2	-0.189
46.040	2.829E-2	-0.188
46.073	2.998E-2	-0.188
46.107	2.994E-2	-0.188
46.140	2.830E-2	-0.188
46.174	2.489E-2	-0.189
46.207	1.997E-2	-0.189
46.240	1.380E-2	-0.190
46.274	6.862E-3	-0.190
46.307	-5.760E-4	-0.190
46.340	-7.353E-3	-0.190
46.374	-1.410E-2	-0.190
46.407	-2.012E-2	-0.189
46.440	-2.476E-2	-0.189
46.474	-2.781E-2	-0.188
46.507	-2.950E-2	-0.188
46.541	-2.941E-2	-0.188
46.574	-2.741E-2	-0.188
46.607	-2.382E-2	-0.189
46.641	-1.907E-2	-0.189
46.674	-1.307E-2	-0.190
46.707	-6.247E-3	-0.190
46.741	9.292E-4	-0.190
46.774	8.142E-3	-0.190
46.807	1.482E-2	-0.190
46.841	2.052E-2	-0.189
46.874	2.509E-2	-0.189
46.908	2.810E-2	-0.188
46.941	2.964E-2	-0.188
46.974	2.944E-2	-0.188
47.008	2.754E-2	-0.188
47.041	2.410E-2	-0.189
47.074	1.911E-2	-0.189
47.108	1.279E-2	-0.190
47.141	5.997E-3	-0.190
47.174	-1.194E-3	-0.190
47.208	-8.318E-3	-0.190
47.241	-1.499E-2	-0.190
47.275	-2.064E-2	-0.189
47.308	-2.486E-2	-0.189
47.341	-2.789E-2	-0.188
47.375	-2.942E-2	-0.188
47.408	-2.900E-2	-0.188
47.441	-2.681E-2	-0.188
47.475	-2.321E-2	-0.189
47.508	-1.817E-2	-0.189
47.541	-1.237E-2	-0.190
47.575	-5.295E-3	-0.190
47.608	1.949E-3	-0.190
47.642	8.654E-3	-0.190
47.675	1.524E-2	-0.189
47.708	2.096E-2	-0.189
47.742	2.548E-2	-0.188
47.775	2.813E-2	-0.188
47.808	2.955E-2	-0.188
47.842	2.907E-2	-0.188
47.875	2.706E-2	-0.188
47.908	2.304E-2	-0.189
47.942	1.792E-2	-0.189
47.975	1.169E-2	-0.190
48.008	5.063E-3	-0.190
48.042	-2.138E-3	-0.190
48.075	-8.894E-3	-0.190
48.109	-1.554E-2	-0.190
48.142	-2.078E-2	-0.189
48.175	-2.491E-2	-0.189
48.209	-2.793E-2	-0.188
48.242	-2.889E-2	-0.188
48.275	-2.838E-2	-0.188
48.309	-2.614E-2	-0.189
48.342	-2.229E-2	-0.189
48.375	-1.712E-2	-0.190
48.409	-1.093E-2	-0.190
48.442	-4.222E-3	-0.190
48.476	2.904E-3	-0.190
48.509	1.003E-2	-0.190
48.542	1.632E-2	-0.190
48.576	2.141E-2	-0.189
48.609	2.557E-2	-0.188
48.642	2.812E-2	-0.188
48.676	2.925E-2	-0.188
48.709	2.860E-2	-0.188
48.742	2.641E-2	-0.188
48.776	2.242E-2	-0.189
48.809	1.732E-2	-0.189
48.843	1.112E-2	-0.190
48.876	4.372E-3	-0.190
48.909	-2.741E-3	-0.190
48.943	-9.964E-3	-0.190
48.976	-1.614E-2	-0.189
49.009	-2.129E-2	-0.189
49.043	-2.539E-2	-0.188
49.076	-2.795E-2	-0.188
49.109	-2.881E-2	-0.188
49.143	-2.802E-2	-0.188
49.176	-2.577E-2	-0.188
49.210	-2.174E-2	-0.189
49.243	-1.658E-2	-0.189
49.276	-1.032E-2	-0.190
49.310	-3.236E-3	-0.190
49.343	3.932E-3	-0.190
49.376	1.056E-2	-0.190
49.410	1.674E-2	-0.189
49.443	2.191E-2	-0.189
49.476	2.604E-2	-0.188
49.510	2.853E-2	-0.188
49.543	2.946E-2	-0.188
49.577	2.840E-2	-0.188
49.610	2.593E-2	-0.188
49.643	2.191E-2	-0.189
49.677	1.668E-2	-0.189
49.710	1.034E-2	-0.190
49.743	3.664E-3	-0.190
49.777	-3.352E-3	-0.190
49.810	-1.041E-2	-0.190
49.843	-1.655E-2	-0.189
49.877	-2.173E-2	-0.189
49.910	-2.547E-2	-0.188
49.944	-2.797E-2	-0.188
49.977	-2.850E-2	-0.188
50.010	-2.775E-2	-0.188
50.044	-2.505E-2	-0.188
50.077	-2.094E-2	-0.189
50.110	-1.564E-2	-0.189
50.144	-9.344E-3	-0.190
50.177	-2.717E-3	-0.190
50.210	4.458E-3	-0.190
50.244	1.154E-2	-0.190
50.277	1.732E-2	-0.189
50.310	2.245E-2	-0.189
50.344	2.609E-2	-0.188
50.377	2.830E-2	-0.188
50.411	2.891E-2	-0.188
50.444	2.772E-2	-0.188
50.477	2.514E-2	-0.188
50.511	2.094E-2	-0.189
50.544	1.555E-2	-0.189
50.577	9.102E-3	-0.190
50.611	2.151E-3	-0.190
50.644	-4.663E-3	-0.190
50.677	-1.118E-2	-0.190
50.711	-1.716E-2	-0.189
50.744	-2.200E-2	-0.189
50.778	-2.579E-2	-0.188
50.811	-2.794E-2	-0.188
50.844	-2.844E-2	-0.188
50.878	-2.740E-2	-0.188
50.911	-2.436E-2	-0.188
50.944	-2.017E-2	-0.189
50.978	-1.491E-2	-0.189
51.011	-8.446E-3	-0.190
51.044	-1.698E-3	-0.190
51.078	5.437E-3	-0.190
51.111	1.208E-2	-0.190
51.145	1.794E-2	-0.189
51.178	2.289E-2	-0.189
51.211	2.633E-2	-0.188
51.245	2.820E-2	-0.188
51.278	2.863E-2	-0.188
51.311	2.752E-2	-0.188
51.345	2.460E-2	-0.189
51.378	2.035E-2	-0.189
51.411	1.481E-2	-0.190
51.445	8.182E-3	-0.190
51.478	1.430E-3	-0.190
51.512	-5.268E-3	-0.190
51.545	-1.205E-2	-0.190
51.578	-1.772E-2	-0.189
51.612	-2.255E-2	-0.189
51.645	-2.591E-2	-0.188
51.678	-2.776E-2	-0.188
51.712	-2.794E-2	-0.188
51.745	-2.668E-2	-0.188
51.778	-2.369E-2	-0.189
51.812	-1.909E-2	-0.189
51.845	-1.375E-2	-0.190
51.879	-7.187E-3	-0.190
51.912	-5.770E-4	-0.190
51.945	6.466E-3	-0.190
51.979	1.274E-2	-0.190
52.012	1.840E-2	-0.189
52.045	2.314E-2	-0.189
52.079	2.645E-2	-0.188
52.112	2.819E-2	-0.188
52.145	2.824E-2	-0.188
52.179	2.690E-2	-0.188
52.212	2.396E-2	-0.189
52.246	1.945E-2	-0.189
52.279	1.404E-2	-0.190
52.312	7.615E-3	-0.190
52.346	4.841E-4	-0.190
52.379	-6.373E-3	-0.190
52.412	-1.280E-2	-0.190
52.446	-1.837E-2	-0.189
52.479	-2.280E-2	-0.189
52.512	-2.617E-2	-0.188
52.546	-2.760E-2	-0.188
52.579	-2.761E-2	-0.188
52.613	-2.621E-2	-0.188
52.646	-2.298E-2	-0.189
52.679	-1.852E-2	-0.189
52.713	-1.296E-2	-0.190
52.746	-6.272E-3	-0.190
52.779	3.059E-4	-0.190
52.813	7.149E-3	-0.190
52.846	1.330E-2	-0.190
52.879	1.892E-2	-0.189
52.913	2.345E-2	-0.189
52.946	2.653E-2	-0.188
52.979	2.810E-2	-0.188
53.013	2.812E-2	-0.188
53.046	2.649E-2	-0.188
53.080	2.337E-2	-0.189
53.113	1.873E-2	-0.189
53.146	1.313E-2	-0.190
53.180	6.554E-3	-0.190
53.213	-1.056E-4	-0.190
53.246	-6.871E-3	-0.190
53.280	-1.343E-2	-0.190
53.313	-1.881E-2	-0.189
53.346	-2.316E-2	-0.189
53.380	-2.624E-2	-0.188
53.413	-2.786E-2	-0.188
53.447	-2.743E-2	-0.188
53.480	-2.574E-2	-0.188
53.513	-2.234E-2	-0.189
53.547	-1.766E-2	-0.189
53.580	-1.198E-2	-0.190
53.613	-5.260E-3	-0.190
53.647	1.371E-3	-0.190
53.680	7.619E-3	-0.190
53.713	1.423E-2	-0.190
53.747	1.933E-2	-0.189
53.780	2.354E-2	-0.188
53.814	2.660E-2	-0.188
53.847	2.766E-2	-0.188
53.880	2.748E-2	-0.188
53.914	2.561E-2	-0.188
53.947	2.240E-2	-0.189
53.980	1.777E-2	-0.189
54.014	1.174E-2	-0.190
54.047	5.068E-3	-0.190
54.080	-1.250E-3	-0.190
54.114	-8.300E-3	-0.190
54.147	-1.414E-2	-0.190
54.181	-1.953E-2	-0.189
54.214	-2.369E-2	-0.189
54.247	-2.639E-2	-0.188
54.281	-2.742E-2	-0.188
54.314	-2.695E-2	-0.188
54.347	-2.486E-2	-0.189
54.381	-2.171E-2	-0.189
54.414	-1.707E-2	-0.189
54.447	-1.136E-2	-0.190
54.481	-4.719E-3	-0.190
54.514	2.005E-3	-0.190
54.548	8.525E-3	-0.190
54.581	1.476E-2	-0.190
54.614	1.994E-2	-0.189
54.648	2.404E-2	-0.189
54.681	2.657E-2	-0.188
54.714	2.767E-2	-0.188
54.748	2.718E-2	-0.188
54.781	2.501E-2	-0.188
54.814	2.141E-2	-0.189
54.848	1.673E-2	-0.189
54.881	1.072E-2	-0.190
54.915	4.058E-3	-0.190
54.948	-2.225E-3	-0.190
54.981	-9.299E-3	-0.190
55.015	-1.464E-2	-0.190
55.048	-1.977E-2	-0.189
55.081	-2.382E-2	-0.189
55.115	-2.637E-2	-0.188
55.148	-2.727E-2	-0.188
55.181	-2.679E-2	-0.188
55.215	-2.435E-2	-0.189
55.248	-2.071E-2	-0.189
55.281	-1.564E-2	-0.190
55.315	-1.030E-2	-0.190
55.348	-3.623E-3	-0.190
55.382	3.040E-3	-0.190
55.415	9.217E-3	-0.190
55.448	1.520E-2	-0.189
55.482	2.040E-2	-0.189
55.515	2.398E-2	-0.188
55.548	2.658E-2	-0.188
55.582	2.757E-2	-0.188
55.615	2.695E-2	-0.188
55.648	2.456E-2	-0.189
55.682	2.082E-2	-0.189
55.715	1.574E-2	-0.189
55.749	1.005E-2	-0.190
55.782	3.394E-3	-0.190
55.815	-3.286E-3	-0.190
55.849	-9.824E-3	-0.190
55.882	-1.559E-2	-0.189
55.915	-2.066E-2	-0.189
55.949	-2.431E-2	-0.188
55.982	-2.638E-2	-0.188
56.015	-2.690E-2	-0.188
56.049	-2.630E-2	-0.188
56.082	-2.383E-2	-0.189
56.116	-2.016E-2	-0.189
56.149	-1.513E-2	-0.189
56.182	-9.316E-3	-0.190
56.216	-2.672E-3	-0.190
56.249	3.984E-3	-0.190
56.282	1.014E-2	-0.190
56.316	1.618E-2	-0.189
56.349	2.093E-2	-0.189
56.382	2.444E-2	-0.188
56.416	2.660E-2	-0.188
56.449	2.712E-2	-0.188
56.483	2.652E-2	-0.188
56.516	2.396E-2	-0.189
56.549	1.997E-2	-0.189
56.583	1.479E-2	-0.190
56.616	8.577E-3	-0.190
56.649	2.402E-3	-0.190
56.683	-4.218E-3	-0.190
56.716	-1.046E-2	-0.190
56.749	-1.618E-2	-0.189
56.783	-2.107E-2	-0.189
56.816	-2.467E-2	-0.188
56.850	-2.643E-2	-0.188
56.883	-2.686E-2	-0.188
56.916	-2.583E-2	-0.188
56.950	-2.322E-2	-0.189
56.983	-1.919E-2	-0.189
57.016	-1.403E-2	-0.190
57.050	-8.367E-3	-0.190
57.083	-1.708E-3	-0.190
57.116	4.937E-3	-0.190
57.150	1.108E-2	-0.190
57.183	1.679E-2	-0.189
57.217	2.140E-2	-0.189
57.250	2.458E-2	-0.188
57.283	2.660E-2	-0.188
57.317	2.706E-2	-0.188
57.350	2.595E-2	-0.188
57.383	2.335E-2	-0.189
57.417	1.928E-2	-0.189
57.450	1.419E-2	-0.190
57.483	8.028E-3	-0.190
57.517	1.795E-3	-0.190
57.550	-4.785E-3	-0.190
57.583	-1.100E-2	-0.190
57.617	-1.667E-2	-0.189
57.650	-2.115E-2	-0.189
57.684	-2.424E-2	-0.189
57.717	-2.629E-2	-0.188
57.750	-2.644E-2	-0.188
57.784	-2.529E-2	-0.188
57.817	-2.234E-2	-0.189
57.850	-1.817E-2	-0.189
57.884	-1.295E-2	-0.190
57.917	-7.225E-3	-0.190
57.950	-6.222E-4	-0.190
57.984	5.556E-3	-0.190
58.017	1.173E-2	-0.190
58.051	1.734E-2	-0.189
58.084	2.188E-2	-0.189
58.117	2.498E-2	-0.188
58.151	2.661E-2	-0.188
58.184	2.696E-2	-0.188
58.217	2.550E-2	-0.188
58.251	2.257E-2	-0.189
58.284	1.837E-2	-0.189
58.317	1.325E-2	-0.190
58.351	6.945E-3	-0.190
58.384	8.129E-4	-0.190
58.418	-5.872E-3	-0.190
58.451	-1.192E-2	-0.190
58.484	-1.709E-2	-0.189
58.518	-2.167E-2	-0.189
58.551	-2.477E-2	-0.188
58.584	-2.623E-2	-0.188
58.618	-2.636E-2	-0.188
58.651	-2.484E-2	-0.188
58.684	-2.177E-2	-0.189
58.718	-1.760E-2	-0.189
58.751	-1.239E-2	-0.190
58.785	-6.391E-3	-0.190
58.818	4.076E-4	-0.190
58.851	6.481E-3	-0.190
58.885	1.265E-2	-0.190
58.918	1.787E-2	-0.189
58.951	2.202E-2	-0.189
58.985	2.496E-2	-0.188
59.018	2.659E-2	-0.188
59.051	2.655E-2	-0.188
59.085	2.495E-2	-0.188
59.118	2.195E-2	-0.189
59.152	1.778E-2	-0.189
59.185	1.226E-2	-0.190
59.218	6.038E-3	-0.190
59.252	-5.844E-4	-0.190
59.285	-6.794E-3	-0.190
59.318	-1.298E-2	-0.189
59.352	-1.801E-2	-0.189
59.385	-2.213E-2	-0.189
59.418	-2.488E-2	-0.188
59.452	-2.622E-2	-0.188
59.485	-2.592E-2	-0.188
59.519	-2.433E-2	-0.188
59.552	-2.119E-2	-0.189
59.585	-1.696E-2	-0.189
59.619	-1.148E-2	-0.190
59.652	-5.271E-3	-0.190
59.685	9.239E-4	-0.190
59.719	7.140E-3	-0.190
59.752	1.328E-2	-0.190
59.785	1.839E-2	-0.189
59.819	2.244E-2	-0.189
59.852	2.500E-2	-0.188
59.886	2.649E-2	-0.188
59.919	2.609E-2	-0.188
59.952	2.453E-2	-0.189
59.986	2.100E-2	-0.189
60.019	1.677E-2	-0.189
60.052	1.116E-2	-0.190
60.086	4.968E-3	-0.190
60.119	-1.169E-3	-0.190
60.152	-7.423E-3	-0.190
60.186	-1.343E-2	-0.190
60.219	-1.851E-2	-0.189
60.252	-2.235E-2	-0.189
60.286	-2.476E-2	-0.189
60.319	-2.590E-2	-0.188
60.353	-2.533E-2	-0.189
60.386	-2.366E-2	-0.189
60.419	-2.022E-2	-0.189
60.453	-1.561E-2	-0.190
60.486	-1.049E-2	-0.190
60.519	-4.237E-3	-0.190
60.553	2.342E-3	-0.190
60.586	8.546E-3	-0.190
60.619	1.415E-2	-0.190
60.653	1.893E-2	-0.189
60.686	2.286E-2	-0.189
60.720	2.511E-2	-0.188
60.753	2.611E-2	-0.188
60.786	2.560E-2	-0.188
60.820	2.391E-2	-0.189
60.853	2.046E-2	-0.189
60.886	1.587E-2	-0.190
60.920	1.014E-2	-0.190
60.953	4.431E-3	-0.190
60.986	-2.136E-3	-0.190
61.020	-8.369E-3	-0.190
61.053	-1.397E-2	-0.190
61.087	-1.872E-2	-0.189
61.120	-2.267E-2	-0.189
61.153	-2.479E-2	-0.189
61.187	-2.583E-2	-0.188
61.220	-2.529E-2	-0.188
61.253	-2.321E-2	-0.189
61.287	-1.973E-2	-0.189
61.320	-1.507E-2	-0.190
61.353	-9.437E-3	-0.190
61.387	-3.276E-3	-0.190
61.420	2.934E-3	-0.190
61.454	9.051E-3	-0.190
61.487	1.474E-2	-0.190
61.520	1.939E-2	-0.189
61.554	2.299E-2	-0.189
61.587	2.509E-2	-0.188
61.620	2.602E-2	-0.188
61.654	2.544E-2	-0.188
61.687	2.343E-2	-0.189
61.720	1.989E-2	-0.189
61.754	1.528E-2	-0.190
61.787	9.619E-3	-0.190
61.821	3.510E-3	-0.190
61.854	-2.725E-3	-0.190
61.887	-8.979E-3	-0.190
61.921	-1.451E-2	-0.190
61.954	-1.912E-2	-0.189
61.987	-2.272E-2	-0.189
62.021	-2.478E-2	-0.189
62.054	-2.537E-2	-0.189
62.087	-2.473E-2	-0.189
62.121	-2.230E-2	-0.189
62.154	-1.874E-2	-0.189
62.188	-1.397E-2	-0.190
62.221	-8.768E-3	-0.190
62.254	-2.667E-3	-0.190
62.288	3.928E-3	-0.190
62.321	9.646E-3	-0.190
62.354	1.524E-2	-0.190
62.388	1.984E-2	-0.189
62.421	2.309E-2	-0.189
62.454	2.507E-2	-0.188
62.488	2.592E-2	-0.188
62.521	2.499E-2	-0.189
62.554	2.257E-2	-0.189
62.588	1.892E-2	-0.189
62.621	1.422E-2	-0.190
62.655	8.512E-3	-0.190
62.688	2.472E-3	-0.190
62.721	-3.744E-3	-0.190
62.755	-9.911E-3	-0.190
62.788	-1.510E-2	-0.190
62.821	-1.961E-2	-0.189
62.855	-2.281E-2	-0.189
62.888	-2.479E-2	-0.189
62.921	-2.528E-2	-0.188
62.955	-2.424E-2	-0.189
62.988	-2.182E-2	-0.189
63.022	-1.814E-2	-0.189
63.055	-1.346E-2	-0.190
63.088	-7.783E-3	-0.190
63.122	-1.611E-3	-0.190
63.155	4.528E-3	-0.190
63.188	1.020E-2	-0.190
63.222	1.535E-2	-0.189
63.255	1.989E-2	-0.189
63.288	2.305E-2	-0.188
63.322	2.501E-2	-0.188
63.355	2.548E-2	-0.188
63.389	2.444E-2	-0.188
63.422	2.200E-2	-0.189
63.455	1.824E-2	-0.189
63.489	1.328E-2	-0.190
63.522	7.538E-3	-0.190
63.555	1.837E-3	-0.190
63.589	-4.351E-3	-0.190
63.622	-1.041E-2	-0.190
63.655	-1.553E-2	-0.190
63.689	-1.973E-2	-0.189
63.722	-2.313E-2	-0.189
63.756	-2.473E-2	-0.189
63.789	-2.485E-2	-0.189
63.822	-2.382E-2	-0.189
63.856	-2.117E-2	-0.189
63.889	-1.712E-2	-0.190
63.922	-1.244E-2	-0.190
63.956	-6.694E-3	-0.190
63.989	-7.066E-4	-0.190
64.022	5.448E-3	-0.190
64.056	1.108E-2	-0.190
64.089	1.629E-2	-0.190
64.123	2.048E-2	-0.189
64.156	2.353E-2	-0.189
64.189	2.512E-2	-0.189
64.223	2.546E-2	-0.189
64.256	2.406E-2	-0.189
64.289	2.141E-2	-0.189
64.323	1.734E-2	-0.190
64.356	1.223E-2	-0.190
64.389	6.609E-3	-0.190
64.423	7.715E-4	-0.190
64.456	-5.372E-3	-0.190
64.490	-1.135E-2	-0.190
64.523	-1.609E-2	-0.190
64.556	-2.028E-2	-0.189
64.590	-2.329E-2	-0.189
64.623	-2.470E-2	-0.189
64.656	-2.471E-2	-0.189
64.690	-2.332E-2	-0.189
64.723	-2.062E-2	-0.189
64.756	-1.656E-2	-0.190
64.790	-1.146E-2	-0.190
64.823	-5.858E-3	-0.190
64.857	-7.819E-5	-0.190
64.890	6.050E-3	-0.190
64.923	1.172E-2	-0.190
64.957	1.679E-2	-0.190
64.990	2.085E-2	-0.189
65.023	2.356E-2	-0.189
65.057	2.509E-2	-0.189
65.090	2.507E-2	-0.189
65.123	2.351E-2	-0.189
65.157	2.085E-2	-0.189
65.190	1.674E-2	-0.190
65.223	1.169E-2	-0.190
65.257	5.996E-3	-0.190
65.290	-1.948E-4	-0.190
65.324	-6.209E-3	-0.190
65.357	-1.192E-2	-0.190
65.390	-1.662E-2	-0.190
65.424	-2.061E-2	-0.189
65.457	-2.331E-2	-0.189
65.490	-2.468E-2	-0.189
65.524	-2.437E-2	-0.189
65.557	-2.286E-2	-0.189
65.590	-1.977E-2	-0.189
65.624	-1.556E-2	-0.190
65.657	-1.086E-2	-0.190
65.691	-4.799E-3	-0.190
65.724	9.349E-4	-0.190
65.757	7.018E-3	-0.190
65.791	1.257E-2	-0.190
65.824	1.732E-2	-0.189
65.857	2.097E-2	-0.189
65.891	2.387E-2	-0.189
65.924	2.501E-2	-0.189
65.957	2.490E-2	-0.189
65.991	2.301E-2	-0.189
66.024	2.031E-2	-0.189
66.058	1.616E-2	-0.190
66.091	1.073E-2	-0.190
66.124	5.057E-3	-0.190
66.158	-7.596E-4	-0.190
66.191	-6.837E-3	-0.190
66.224	-1.249E-2	-0.190
66.258	-1.715E-2	-0.189
66.291	-2.065E-2	-0.189
66.324	-2.326E-2	-0.189
66.358	-2.425E-2	-0.189
66.391	-2.382E-2	-0.189
66.425	-2.225E-2	-0.189
66.458	-1.910E-2	-0.189
66.491	-1.495E-2	-0.190
66.525	-9.883E-3	-0.190
66.558	-4.143E-3	-0.190
66.591	1.857E-3	-0.190
66.625	7.666E-3	-0.190
66.658	1.314E-2	-0.190
66.691	1.784E-2	-0.189
66.725	2.137E-2	-0.189
66.758	2.390E-2	-0.189
66.792	2.492E-2	-0.189
66.825	2.446E-2	-0.189
66.858	2.253E-2	-0.189
66.892	1.943E-2	-0.189
66.925	1.534E-2	-0.190
66.958	1.005E-2	-0.190
