	mass A		
t	x	y	
2.569	-7.566E-2	-0.231
2.602	-7.566E-2	-0.231
2.636	-7.573E-2	-0.231
2.669	-7.574E-2	-0.231
2.702	-7.559E-2	-0.231
2.736	-7.555E-2	-0.231
2.769	-7.511E-2	-0.231
2.802	-7.354E-2	-0.231
2.836	-6.836E-2	-0.232
2.869	-6.082E-2	-0.235
2.903	-5.196E-2	-0.236
2.936	-4.045E-2	-0.238
2.969	-2.623E-2	-0.239
3.003	-9.300E-3	-0.243
3.036	6.951E-3	-0.241
3.069	2.185E-2	-0.242
3.103	3.810E-2	-0.240
3.136	4.961E-2	-0.239
3.169	5.951E-2	-0.236
3.203	6.753E-2	-0.234
3.236	7.248E-2	-0.233
3.270	7.453E-2	-0.232
3.303	7.378E-2	-0.232
3.336	6.977E-2	-0.234
3.370	6.290E-2	-0.235
3.403	5.357E-2	-0.238
3.436	4.078E-2	-0.240
3.470	2.663E-2	-0.242
3.503	1.036E-2	-0.243
3.536	-5.602E-3	-0.243
3.570	-2.179E-2	-0.242
3.603	-3.633E-2	-0.240
3.637	-4.874E-2	-0.238
3.670	-5.805E-2	-0.236
3.703	-6.482E-2	-0.233
3.737	-6.889E-2	-0.230
3.770	-6.956E-2	-0.230
3.803	-6.686E-2	-0.231
3.837	-6.104E-2	-0.233
3.870	-5.283E-2	-0.235
3.903	-4.136E-2	-0.238
3.937	-2.709E-2	-0.240
3.970	-1.170E-2	-0.242
4.004	8.570E-4	-0.242
4.037	1.686E-2	-0.241
4.070	3.187E-2	-0.240
4.104	4.602E-2	-0.238
4.137	5.734E-2	-0.235
4.170	6.580E-2	-0.233
4.204	7.183E-2	-0.231
4.237	7.442E-2	-0.230
4.270	7.398E-2	-0.230
4.304	7.019E-2	-0.232
4.337	6.339E-2	-0.234
4.371	5.395E-2	-0.236
4.404	4.178E-2	-0.238
4.437	2.823E-2	-0.240
4.471	1.246E-2	-0.242
4.504	-3.883E-3	-0.242
4.537	-1.932E-2	-0.242
4.571	-3.465E-2	-0.240
4.604	-4.692E-2	-0.237
4.637	-5.738E-2	-0.234
4.671	-6.497E-2	-0.232
4.704	-6.992E-2	-0.231
4.737	-7.171E-2	-0.230
4.771	-6.968E-2	-0.231
4.804	-6.504E-2	-0.232
4.838	-5.711E-2	-0.235
4.871	-4.661E-2	-0.237
4.904	-3.426E-2	-0.240
4.938	-1.940E-2	-0.242
4.971	-4.001E-3	-0.242
5.004	1.212E-2	-0.242
5.038	2.764E-2	-0.241
5.071	4.116E-2	-0.239
5.104	5.256E-2	-0.237
5.138	6.186E-2	-0.235
5.171	6.837E-2	-0.233
5.205	7.221E-2	-0.232
5.238	7.245E-2	-0.232
5.271	6.951E-2	-0.232
5.305	6.363E-2	-0.234
5.338	5.508E-2	-0.236
5.371	4.374E-2	-0.239
5.405	2.985E-2	-0.241
5.438	1.486E-2	-0.242
5.471	-7.314E-4	-0.243
5.505	-1.607E-2	-0.242
5.538	-3.036E-2	-0.240
5.572	-4.437E-2	-0.238
5.605	-5.526E-2	-0.235
5.638	-6.321E-2	-0.233
5.672	-6.878E-2	-0.231
5.705	-7.096E-2	-0.231
5.738	-6.958E-2	-0.231
5.772	-6.533E-2	-0.232
5.805	-5.813E-2	-0.234
5.838	-4.862E-2	-0.237
5.872	-3.624E-2	-0.239
5.905	-2.275E-2	-0.241
5.939	-7.279E-3	-0.242
5.972	8.248E-3	-0.242
6.005	2.394E-2	-0.242
6.039	3.850E-2	-0.240
6.072	5.051E-2	-0.237
6.105	6.034E-2	-0.235
6.139	6.741E-2	-0.233
6.172	7.163E-2	-0.232
6.205	7.254E-2	-0.231
6.239	7.014E-2	-0.232
6.272	6.497E-2	-0.234
6.306	5.672E-2	-0.236
6.339	4.593E-2	-0.238
6.372	3.303E-2	-0.240
6.406	1.837E-2	-0.242
6.439	3.444E-3	-0.242
6.472	-1.138E-2	-0.242
6.506	-2.691E-2	-0.240
6.539	-3.985E-2	-0.238
6.572	-5.171E-2	-0.236
6.606	-6.050E-2	-0.233
6.639	-6.657E-2	-0.232
6.673	-6.998E-2	-0.230
6.706	-6.938E-2	-0.231
6.739	-6.585E-2	-0.232
6.773	-5.919E-2	-0.234
6.806	-4.974E-2	-0.236
6.839	-3.836E-2	-0.238
6.873	-2.499E-2	-0.240
6.906	-9.954E-3	-0.242
6.939	4.683E-3	-0.242
6.973	2.008E-2	-0.242
7.006	3.458E-2	-0.240
7.040	4.703E-2	-0.238
7.073	5.719E-2	-0.236
7.106	6.789E-2	-0.234
7.140	7.265E-2	-0.233
7.173	7.450E-2	-0.232
7.206	7.270E-2	-0.233
7.240	6.803E-2	-0.234
7.273	6.064E-2	-0.236
7.306	5.045E-2	-0.239
7.340	3.755E-2	-0.241
7.373	2.185E-2	-0.242
7.407	5.722E-3	-0.243
7.440	-9.668E-3	-0.243
7.473	-2.444E-2	-0.242
7.507	-3.809E-2	-0.240
7.540	-5.004E-2	-0.237
7.573	-5.948E-2	-0.235
7.607	-6.619E-2	-0.233
7.640	-6.976E-2	-0.232
7.673	-7.025E-2	-0.232
7.707	-6.707E-2	-0.233
7.740	-6.155E-2	-0.234
7.773	-5.275E-2	-0.237
7.807	-4.149E-2	-0.239
7.840	-2.785E-2	-0.242
7.874	-1.375E-2	-0.243
7.907	1.503E-3	-0.243
7.940	1.723E-2	-0.243
7.974	3.197E-2	-0.241
8.007	4.462E-2	-0.239
8.040	5.554E-2	-0.237
8.074	6.368E-2	-0.235
8.107	6.950E-2	-0.233
8.140	7.160E-2	-0.233
8.174	7.060E-2	-0.233
8.207	6.678E-2	-0.234
8.241	5.986E-2	-0.236
8.274	5.015E-2	-0.238
8.307	3.789E-2	-0.241
8.341	2.393E-2	-0.242
8.374	8.896E-3	-0.243
8.407	-6.489E-3	-0.243
8.441	-2.182E-2	-0.242
8.474	-3.558E-2	-0.240
8.507	-4.745E-2	-0.238
8.541	-5.728E-2	-0.236
8.574	-6.458E-2	-0.234
8.608	-6.881E-2	-0.233
8.641	-6.993E-2	-0.233
8.674	-6.794E-2	-0.233
8.708	-6.263E-2	-0.235
8.741	-5.456E-2	-0.237
8.774	-4.387E-2	-0.239
8.808	-3.153E-2	-0.241
8.841	-1.744E-2	-0.242
8.874	-2.102E-3	-0.244
8.908	1.329E-2	-0.243
8.941	2.833E-2	-0.242
8.975	4.159E-2	-0.240
9.008	5.305E-2	-0.238
9.041	6.153E-2	-0.236
9.075	6.786E-2	-0.234
9.108	7.076E-2	-0.233
9.141	7.049E-2	-0.233
9.175	6.729E-2	-0.234
9.208	6.131E-2	-0.236
9.241	5.237E-2	-0.238
9.275	4.051E-2	-0.240
9.308	2.680E-2	-0.242
9.342	1.152E-2	-0.243
9.375	-3.896E-3	-0.243
9.408	-1.864E-2	-0.242
9.442	-3.234E-2	-0.241
9.475	-4.505E-2	-0.238
9.508	-5.525E-2	-0.236
9.542	-6.313E-2	-0.234
9.575	-6.802E-2	-0.233
9.608	-6.985E-2	-0.233
9.642	-6.834E-2	-0.233
9.675	-6.380E-2	-0.235
9.709	-5.634E-2	-0.236
9.742	-4.637E-2	-0.238
9.775	-3.377E-2	-0.241
9.809	-1.999E-2	-0.242
9.842	-5.394E-3	-0.243
9.875	9.256E-3	-0.243
9.909	2.483E-2	-0.242
9.942	3.888E-2	-0.240
9.975	5.047E-2	-0.238
10.009	5.987E-2	-0.236
10.042	6.663E-2	-0.234
10.076	7.026E-2	-0.233
10.109	7.067E-2	-0.233
10.142	6.802E-2	-0.234
10.176	6.259E-2	-0.235
10.209	5.414E-2	-0.237
10.242	4.300E-2	-0.240
10.276	2.993E-2	-0.242
10.309	1.547E-2	-0.243
10.342	3.206E-4	-0.244
10.376	-1.475E-2	-0.243
10.409	-2.896E-2	-0.242
10.443	-4.176E-2	-0.240
10.476	-5.261E-2	-0.237
10.509	-6.091E-2	-0.235
10.543	-6.646E-2	-0.234
10.576	-6.889E-2	-0.233
10.609	-6.831E-2	-0.233
10.643	-6.431E-2	-0.234
10.676	-5.756E-2	-0.236
10.709	-4.821E-2	-0.238
10.743	-3.656E-2	-0.240
10.776	-2.252E-2	-0.242
10.809	-7.782E-3	-0.244
10.843	7.152E-3	-0.244
10.876	2.243E-2	-0.243
10.910	3.585E-2	-0.241
10.943	4.803E-2	-0.239
10.976	5.803E-2	-0.237
11.010	6.533E-2	-0.235
11.043	6.973E-2	-0.234
11.076	7.067E-2	-0.233
11.110	6.870E-2	-0.234
11.143	6.388E-2	-0.235
11.176	5.605E-2	-0.237
11.210	4.567E-2	-0.239
11.243	3.297E-2	-0.242
11.277	1.823E-2	-0.243
11.310	3.363E-3	-0.244
11.343	-1.172E-2	-0.243
11.377	-2.614E-2	-0.242
11.410	-3.927E-2	-0.240
11.443	-5.022E-2	-0.238
11.477	-5.887E-2	-0.236
11.510	-6.510E-2	-0.234
11.543	-6.805E-2	-0.234
11.577	-6.794E-2	-0.234
11.610	-6.486E-2	-0.234
11.644	-5.857E-2	-0.236
11.677	-4.971E-2	-0.238
11.710	-3.862E-2	-0.240
11.744	-2.499E-2	-0.242
11.777	-1.085E-2	-0.244
11.810	4.028E-3	-0.244
11.844	1.889E-2	-0.243
11.877	3.298E-2	-0.242
11.910	4.564E-2	-0.240
11.944	5.581E-2	-0.238
11.977	6.388E-2	-0.236
12.011	6.866E-2	-0.234
12.044	7.047E-2	-0.234
12.077	6.925E-2	-0.234
12.111	6.461E-2	-0.235
12.144	5.752E-2	-0.237
12.177	4.765E-2	-0.239
12.211	3.501E-2	-0.241
12.244	2.155E-2	-0.243
12.277	6.733E-3	-0.244
12.311	-8.693E-3	-0.244
12.344	-2.290E-2	-0.242
12.378	-3.633E-2	-0.240
12.411	-4.775E-2	-0.238
12.444	-5.725E-2	-0.236
12.478	-6.403E-2	-0.234
12.511	-6.746E-2	-0.234
12.544	-6.797E-2	-0.234
12.578	-6.542E-2	-0.234
12.611	-5.998E-2	-0.236
12.644	-5.167E-2	-0.238
12.678	-4.101E-2	-0.240
12.711	-2.821E-2	-0.242
12.745	-1.350E-2	-0.243
12.778	1.398E-3	-0.244
12.811	1.604E-2	-0.243
12.845	3.019E-2	-0.242
12.878	4.249E-2	-0.240
12.911	5.324E-2	-0.238
12.945	6.186E-2	-0.236
12.978	6.739E-2	-0.234
13.011	6.982E-2	-0.234
13.045	6.924E-2	-0.234
13.078	6.531E-2	-0.235
13.112	5.864E-2	-0.236
13.145	4.962E-2	-0.239
13.178	3.710E-2	-0.241
13.212	2.365E-2	-0.243
13.245	8.860E-3	-0.244
13.278	-6.187E-3	-0.243
13.312	-2.030E-2	-0.242
13.345	-3.357E-2	-0.241
13.378	-4.535E-2	-0.239
13.412	-5.514E-2	-0.237
13.445	-6.254E-2	-0.235
13.478	-6.672E-2	-0.234
13.512	-6.775E-2	-0.234
13.545	-6.584E-2	-0.234
13.579	-6.087E-2	-0.236
13.612	-5.298E-2	-0.238
13.645	-4.280E-2	-0.240
13.679	-3.055E-2	-0.242
13.712	-1.625E-2	-0.243
13.745	-1.888E-3	-0.244
13.779	1.355E-2	-0.244
13.812	2.764E-2	-0.242
13.845	4.044E-2	-0.240
13.879	5.129E-2	-0.238
13.912	6.014E-2	-0.236
13.946	6.622E-2	-0.235
13.979	6.926E-2	-0.234
14.012	6.911E-2	-0.234
14.046	6.586E-2	-0.235
14.079	5.992E-2	-0.236
14.112	5.101E-2	-0.238
14.146	3.976E-2	-0.240
14.179	2.607E-2	-0.242
14.212	1.187E-2	-0.243
14.246	-2.792E-3	-0.244
14.279	-1.779E-2	-0.243
14.313	-3.120E-2	-0.241
14.346	-4.311E-2	-0.239
14.379	-5.316E-2	-0.237
14.413	-6.115E-2	-0.235
14.446	-6.593E-2	-0.234
14.479	-6.786E-2	-0.233
14.513	-6.657E-2	-0.234
14.546	-6.199E-2	-0.235
14.579	-5.464E-2	-0.237
14.613	-4.500E-2	-0.239
14.646	-3.290E-2	-0.241
14.680	-1.950E-2	-0.243
14.713	-4.678E-3	-0.244
14.746	9.995E-3	-0.244
14.780	2.418E-2	-0.242
14.813	3.737E-2	-0.241
14.846	4.908E-2	-0.239
14.880	5.793E-2	-0.236
14.913	6.466E-2	-0.235
14.946	6.808E-2	-0.234
14.980	6.856E-2	-0.234
15.013	6.617E-2	-0.234
15.047	6.072E-2	-0.236
15.080	5.251E-2	-0.238
15.113	4.155E-2	-0.240
15.147	2.866E-2	-0.242
15.180	1.463E-2	-0.243
15.213	1.063E-4	-0.243
15.247	-1.513E-2	-0.243
15.280	-2.868E-2	-0.242
15.313	-4.099E-2	-0.239
15.347	-5.148E-2	-0.237
15.380	-5.963E-2	-0.235
15.414	-6.507E-2	-0.234
15.447	-6.717E-2	-0.233
15.480	-6.652E-2	-0.233
15.514	-6.285E-2	-0.235
15.547	-5.630E-2	-0.236
15.580	-4.674E-2	-0.239
15.614	-3.526E-2	-0.241
15.647	-2.196E-2	-0.243
15.680	-7.830E-3	-0.243
15.714	7.179E-3	-0.244
15.747	2.179E-2	-0.243
15.781	3.472E-2	-0.241
15.814	4.662E-2	-0.239
15.847	5.620E-2	-0.237
15.881	6.354E-2	-0.235
15.914	6.746E-2	-0.234
15.947	6.879E-2	-0.234
15.981	6.695E-2	-0.234
16.014	6.214E-2	-0.236
16.047	5.422E-2	-0.238
16.081	4.400E-2	-0.240
16.114	3.178E-2	-0.242
16.148	1.785E-2	-0.243
16.181	3.083E-3	-0.243
16.214	-1.127E-2	-0.243
16.248	-2.585E-2	-0.242
16.281	-3.815E-2	-0.240
16.314	-4.894E-2	-0.238
16.348	-5.758E-2	-0.236
16.381	-6.361E-2	-0.235
16.414	-6.641E-2	-0.234
16.448	-6.629E-2	-0.234
16.481	-6.344E-2	-0.235
16.514	-5.743E-2	-0.236
16.548	-4.883E-2	-0.238
16.581	-3.797E-2	-0.240
16.615	-2.472E-2	-0.242
16.648	-1.038E-2	-0.243
16.681	3.740E-3	-0.243
16.715	1.837E-2	-0.243
16.748	3.204E-2	-0.241
16.781	4.430E-2	-0.239
16.815	5.429E-2	-0.237
16.848	6.207E-2	-0.235
16.881	6.660E-2	-0.234
16.915	6.839E-2	-0.234
16.948	6.722E-2	-0.234
16.982	6.307E-2	-0.235
17.015	5.583E-2	-0.237
17.048	4.625E-2	-0.239
17.082	3.432E-2	-0.241
17.115	2.080E-2	-0.243
17.148	5.745E-3	-0.243
17.182	-8.838E-3	-0.243
17.215	-2.295E-2	-0.242
17.248	-3.558E-2	-0.240
17.282	-4.660E-2	-0.238
17.315	-5.580E-2	-0.236
17.349	-6.217E-2	-0.234
17.382	-6.592E-2	-0.234
17.415	-6.649E-2	-0.234
17.449	-6.411E-2	-0.234
17.482	-5.846E-2	-0.236
17.515	-5.047E-2	-0.238
17.549	-3.986E-2	-0.240
17.582	-2.760E-2	-0.242
17.615	-1.366E-2	-0.243
17.649	5.664E-4	-0.244
17.682	1.552E-2	-0.243
17.716	2.906E-2	-0.242
17.749	4.154E-2	-0.240
17.782	5.215E-2	-0.238
17.816	6.000E-2	-0.236
17.849	6.525E-2	-0.234
17.882	6.776E-2	-0.234
17.916	6.698E-2	-0.234
17.949	6.355E-2	-0.235
17.982	5.695E-2	-0.237
18.016	4.748E-2	-0.239
18.049	3.606E-2	-0.241
18.083	2.318E-2	-0.242
18.116	8.954E-3	-0.243
18.149	-5.713E-3	-0.243
18.183	-1.996E-2	-0.242
18.216	-3.328E-2	-0.240
18.249	-4.464E-2	-0.239
18.283	-5.421E-2	-0.236
18.316	-6.098E-2	-0.235
18.349	-6.509E-2	-0.234
18.383	-6.624E-2	-0.234
18.416	-6.435E-2	-0.234
18.450	-5.953E-2	-0.236
18.483	-5.222E-2	-0.237
18.516	-4.207E-2	-0.239
18.550	-3.008E-2	-0.241
18.583	-1.639E-2	-0.243
18.616	-1.809E-3	-0.244
18.650	1.237E-2	-0.243
18.683	2.648E-2	-0.242
18.716	3.928E-2	-0.240
18.750	5.002E-2	-0.238
18.783	5.876E-2	-0.236
18.817	6.438E-2	-0.235
18.850	6.749E-2	-0.234
18.883	6.745E-2	-0.234
18.917	6.439E-2	-0.235
18.950	5.874E-2	-0.236
18.983	5.000E-2	-0.238
19.017	3.876E-2	-0.240
19.050	2.647E-2	-0.242
19.083	1.232E-2	-0.243
19.117	-2.407E-3	-0.243
19.150	-1.665E-2	-0.243
19.184	-3.010E-2	-0.241
19.217	-4.203E-2	-0.239
19.250	-5.201E-2	-0.237
19.284	-5.961E-2	-0.235
19.317	-6.427E-2	-0.234
19.350	-6.578E-2	-0.234
19.384	-6.479E-2	-0.234
19.417	-6.031E-2	-0.235
19.450	-5.300E-2	-0.237
19.484	-4.340E-2	-0.239
19.517	-3.190E-2	-0.241
19.550	-1.912E-2	-0.242
19.584	-4.385E-3	-0.243
19.617	9.784E-3	-0.243
19.651	2.385E-2	-0.242
19.684	3.659E-2	-0.241
19.717	4.758E-2	-0.239
19.751	5.678E-2	-0.237
19.784	6.300E-2	-0.235
19.817	6.642E-2	-0.234
19.851	6.701E-2	-0.234
19.884	6.436E-2	-0.235
19.917	5.938E-2	-0.236
19.951	5.137E-2	-0.238
19.984	4.075E-2	-0.240
20.018	2.798E-2	-0.242
20.051	1.443E-2	-0.243
20.084	-3.519E-4	-0.243
20.118	-1.439E-2	-0.243
20.151	-2.795E-2	-0.241
20.184	-4.002E-2	-0.240
20.218	-5.011E-2	-0.238
20.251	-5.808E-2	-0.236
20.284	-6.307E-2	-0.235
20.318	-6.523E-2	-0.234
20.351	-6.479E-2	-0.234
20.385	-6.102E-2	-0.236
20.418	-5.432E-2	-0.237
20.451	-4.531E-2	-0.239
20.485	-3.392E-2	-0.241
20.518	-2.174E-2	-0.242
20.551	-7.087E-3	-0.244
20.585	7.011E-3	-0.244
20.618	2.121E-2	-0.243
20.651	3.403E-2	-0.241
20.685	4.547E-2	-0.239
20.718	5.494E-2	-0.237
20.752	6.200E-2	-0.236
20.785	6.589E-2	-0.235
20.818	6.707E-2	-0.234
20.852	6.504E-2	-0.235
20.885	6.008E-2	-0.236
20.918	5.264E-2	-0.238
20.952	4.254E-2	-0.240
20.985	3.045E-2	-0.242
21.018	1.702E-2	-0.243
21.052	2.259E-3	-0.244
21.085	-1.117E-2	-0.243
21.119	-2.512E-2	-0.242
21.152	-3.736E-2	-0.240
21.185	-4.809E-2	-0.238
21.219	-5.635E-2	-0.236
21.252	-6.206E-2	-0.235
21.285	-6.480E-2	-0.234
21.319	-6.469E-2	-0.234
21.352	-6.142E-2	-0.235
21.385	-5.529E-2	-0.237
21.419	-4.654E-2	-0.239
21.452	-3.591E-2	-0.241
21.486	-2.333E-2	-0.243
21.519	-9.827E-3	-0.243
21.552	4.187E-3	-0.244
21.586	1.863E-2	-0.243
21.619	3.164E-2	-0.242
21.652	4.384E-2	-0.240
21.686	5.361E-2	-0.238
21.719	6.058E-2	-0.236
21.752	6.513E-2	-0.235
21.786	6.658E-2	-0.234
21.819	6.522E-2	-0.235
21.853	6.118E-2	-0.236
21.886	5.378E-2	-0.238
21.919	4.429E-2	-0.240
21.953	3.282E-2	-0.242
21.986	1.957E-2	-0.243
22.019	5.326E-3	-0.244
22.053	-8.922E-3	-0.244
22.086	-2.229E-2	-0.242
22.119	-3.502E-2	-0.241
22.153	-4.618E-2	-0.239
22.186	-5.458E-2	-0.237
22.220	-6.051E-2	-0.236
22.253	-6.388E-2	-0.235
22.286	-6.407E-2	-0.235
22.320	-6.141E-2	-0.236
22.353	-5.603E-2	-0.237
22.386	-4.833E-2	-0.238
22.420	-3.692E-2	-0.241
22.453	-2.544E-2	-0.242
22.486	-1.215E-2	-0.244
22.520	2.012E-3	-0.244
22.553	1.622E-2	-0.243
22.586	2.956E-2	-0.242
22.620	4.128E-2	-0.240
22.653	5.153E-2	-0.238
22.687	5.927E-2	-0.236
22.720	6.379E-2	-0.235
22.753	6.592E-2	-0.235
22.787	6.525E-2	-0.235
22.820	6.155E-2	-0.236
22.853	5.504E-2	-0.238
22.887	4.572E-2	-0.239
22.920	3.477E-2	-0.241
22.953	2.162E-2	-0.243
22.987	7.278E-3	-0.244
23.020	-6.737E-3	-0.243
23.054	-2.019E-2	-0.243
23.087	-3.293E-2	-0.241
23.120	-4.385E-2	-0.239
23.154	-5.315E-2	-0.237
23.187	-5.980E-2	-0.236
23.220	-6.372E-2	-0.235
23.254	-6.436E-2	-0.235
23.287	-6.245E-2	-0.235
23.320	-5.760E-2	-0.236
23.354	-5.002E-2	-0.238
23.387	-4.010E-2	-0.240
23.421	-2.852E-2	-0.242
23.454	-1.501E-2	-0.243
23.487	-4.375E-4	-0.244
23.521	1.339E-2	-0.243
23.554	2.662E-2	-0.242
23.587	3.874E-2	-0.241
23.621	4.930E-2	-0.239
23.654	5.752E-2	-0.237
23.687	6.291E-2	-0.235
23.721	6.544E-2	-0.235
23.754	6.519E-2	-0.235
23.788	6.216E-2	-0.236
23.821	5.619E-2	-0.237
23.854	4.729E-2	-0.239
23.888	3.662E-2	-0.241
23.921	2.395E-2	-0.242
23.954	9.811E-3	-0.243
23.988	-3.781E-3	-0.243
24.021	-1.784E-2	-0.243
24.054	-3.070E-2	-0.242
24.088	-4.203E-2	-0.240
24.121	-5.145E-2	-0.238
24.155	-5.837E-2	-0.236
24.188	-6.279E-2	-0.235
24.221	-6.420E-2	-0.235
24.255	-6.282E-2	-0.235
24.288	-5.829E-2	-0.236
24.321	-5.112E-2	-0.238
24.355	-4.156E-2	-0.240
24.388	-3.007E-2	-0.242
24.421	-1.780E-2	-0.243
24.455	-3.629E-3	-0.244
24.488	1.045E-2	-0.243
24.522	2.391E-2	-0.242
24.555	3.661E-2	-0.241
24.588	4.737E-2	-0.239
24.622	5.601E-2	-0.237
24.655	6.212E-2	-0.236
24.688	6.518E-2	-0.235
24.722	6.540E-2	-0.235
24.755	6.278E-2	-0.236
24.788	5.740E-2	-0.237
24.822	4.944E-2	-0.239
24.855	3.868E-2	-0.241
24.889	2.652E-2	-0.242
24.922	1.256E-2	-0.243
24.955	-1.031E-3	-0.244
24.989	-1.517E-2	-0.243
25.022	-2.793E-2	-0.242
25.055	-3.995E-2	-0.240
25.089	-4.949E-2	-0.238
25.122	-5.688E-2	-0.236
25.155	-6.165E-2	-0.235
25.189	-6.375E-2	-0.234
25.222	-6.296E-2	-0.234
25.256	-5.895E-2	-0.236
25.289	-5.222E-2	-0.238
25.322	-4.339E-2	-0.239
25.356	-3.210E-2	-0.241
25.389	-1.978E-2	-0.242
25.422	-6.312E-3	-0.243
25.456	7.701E-3	-0.243
25.489	2.132E-2	-0.242
25.522	3.403E-2	-0.241
25.556	4.486E-2	-0.239
25.589	5.405E-2	-0.237
25.622	6.073E-2	-0.236
25.656	6.425E-2	-0.235
25.689	6.499E-2	-0.235
25.723	6.296E-2	-0.235
25.756	5.819E-2	-0.237
25.789	5.070E-2	-0.238
25.823	4.063E-2	-0.240
25.856	2.873E-2	-0.242
25.889	1.568E-2	-0.243
25.923	1.714E-3	-0.244
25.956	-1.236E-2	-0.243
25.989	-2.531E-2	-0.242
26.023	-3.735E-2	-0.240
26.056	-4.751E-2	-0.238
26.090	-5.545E-2	-0.236
26.123	-6.082E-2	-0.235
26.156	-6.353E-2	-0.234
26.190	-6.293E-2	-0.235
26.223	-5.965E-2	-0.236
26.256	-5.361E-2	-0.237
26.290	-4.485E-2	-0.239
26.323	-3.469E-2	-0.240
26.356	-2.198E-2	-0.242
26.390	-9.041E-3	-0.243
26.423	6.296E-3	-0.244
26.457	1.975E-2	-0.243
26.490	3.201E-2	-0.242
26.523	4.335E-2	-0.240
26.557	5.229E-2	-0.238
26.590	5.944E-2	-0.236
26.623	6.365E-2	-0.235
26.657	6.502E-2	-0.235
26.690	6.344E-2	-0.235
26.723	5.899E-2	-0.236
26.757	5.199E-2	-0.238
26.790	4.258E-2	-0.240
26.824	3.071E-2	-0.242
26.857	1.791E-2	-0.243
26.890	3.787E-3	-0.243
26.924	-9.869E-3	-0.243
26.957	-2.316E-2	-0.242
26.990	-3.524E-2	-0.240
27.024	-4.550E-2	-0.239
27.057	-5.403E-2	-0.237
27.090	-5.985E-2	-0.236
27.124	-6.285E-2	-0.235
27.157	-6.291E-2	-0.235
27.191	-6.027E-2	-0.236
27.224	-5.480E-2	-0.237
27.257	-4.681E-2	-0.238
27.291	-3.620E-2	-0.240
27.324	-2.403E-2	-0.242
27.357	-1.105E-2	-0.243
27.391	2.985E-3	-0.244
27.424	1.664E-2	-0.243
27.457	2.974E-2	-0.242
27.491	4.127E-2	-0.240
27.524	5.088E-2	-0.238
27.558	5.804E-2	-0.237
27.591	6.252E-2	-0.235
27.624	6.442E-2	-0.235
27.658	6.342E-2	-0.235
27.691	5.950E-2	-0.236
27.724	5.320E-2	-0.238
27.758	4.424E-2	-0.240
27.791	3.273E-2	-0.242
27.824	2.003E-2	-0.243
27.858	6.766E-3	-0.244
27.891	-7.330E-3	-0.244
27.925	-2.084E-2	-0.243
27.958	-3.299E-2	-0.241
27.991	-4.367E-2	-0.239
28.025	-5.212E-2	-0.238
28.058	-5.853E-2	-0.236
28.091	-6.184E-2	-0.235
28.125	-6.247E-2	-0.235
28.158	-6.023E-2	-0.236
28.191	-5.517E-2	-0.237
28.225	-4.771E-2	-0.238
28.258	-3.744E-2	-0.240
28.292	-2.593E-2	-0.242
28.325	-1.284E-2	-0.243
28.358	1.178E-3	-0.244
28.392	1.472E-2	-0.243
28.425	2.759E-2	-0.242
28.458	3.938E-2	-0.240
28.492	4.916E-2	-0.239
28.525	5.701E-2	-0.237
28.558	6.184E-2	-0.236
28.592	6.407E-2	-0.235
28.625	6.336E-2	-0.235
28.658	5.995E-2	-0.236
28.692	5.380E-2	-0.238
28.725	4.560E-2	-0.239
28.759	3.438E-2	-0.241
28.792	2.162E-2	-0.243
28.825	8.099E-3	-0.243
28.859	-5.286E-3	-0.243
28.892	-1.893E-2	-0.243
28.925	-3.148E-2	-0.241
28.959	-4.235E-2	-0.239
28.992	-5.109E-2	-0.238
29.025	-5.747E-2	-0.236
29.059	-6.151E-2	-0.235
29.092	-6.258E-2	-0.235
29.126	-6.067E-2	-0.236
29.159	-5.588E-2	-0.237
29.192	-4.887E-2	-0.238
29.226	-3.917E-2	-0.240
29.259	-2.816E-2	-0.242
29.292	-1.496E-2	-0.243
29.326	-1.563E-3	-0.244
29.359	1.216E-2	-0.243
29.392	2.543E-2	-0.242
29.426	3.752E-2	-0.241
29.459	4.761E-2	-0.239
29.493	5.559E-2	-0.237
29.526	6.108E-2	-0.236
29.559	6.366E-2	-0.235
29.593	6.353E-2	-0.235
29.626	6.067E-2	-0.236
29.659	5.480E-2	-0.237
29.693	4.658E-2	-0.239
29.726	3.586E-2	-0.241
29.759	2.391E-2	-0.243
29.793	1.034E-2	-0.243
29.826	-3.516E-3	-0.244
29.860	-1.640E-2	-0.243
29.893	-2.890E-2	-0.242
29.926	-4.005E-2	-0.240
29.960	-4.927E-2	-0.238
29.993	-5.625E-2	-0.236
30.026	-6.049E-2	-0.235
30.060	-6.225E-2	-0.235
30.093	-6.093E-2	-0.235
30.126	-5.675E-2	-0.236
30.160	-5.013E-2	-0.238
30.193	-4.078E-2	-0.240
30.227	-2.941E-2	-0.242
30.260	-1.654E-2	-0.243
30.293	-3.134E-3	-0.244
30.327	1.038E-2	-0.244
30.360	2.331E-2	-0.243
30.393	3.542E-2	-0.241
30.427	4.586E-2	-0.239
30.460	5.388E-2	-0.238
30.493	5.970E-2	-0.236
30.527	6.297E-2	-0.235
30.560	6.346E-2	-0.235
30.594	6.100E-2	-0.236
30.627	5.570E-2	-0.237
30.660	4.773E-2	-0.239
30.694	3.776E-2	-0.241
30.727	2.562E-2	-0.242
30.760	1.267E-2	-0.243
30.794	-1.125E-3	-0.243
30.827	-1.445E-2	-0.243
30.860	-2.669E-2	-0.242
30.894	-3.802E-2	-0.240
30.927	-4.753E-2	-0.238
30.961	-5.496E-2	-0.237
30.994	-5.971E-2	-0.236
31.027	-6.156E-2	-0.235
31.061	-6.089E-2	-0.235
31.094	-5.693E-2	-0.236
31.127	-5.080E-2	-0.238
31.161	-4.200E-2	-0.240
31.194	-3.129E-2	-0.241
31.227	-1.908E-2	-0.243
31.261	-5.149E-3	-0.244
31.294	8.281E-3	-0.244
31.328	2.106E-2	-0.243
31.361	3.331E-2	-0.242
31.394	4.411E-2	-0.240
31.428	5.269E-2	-0.238
31.461	5.880E-2	-0.237
31.494	6.235E-2	-0.236
31.528	6.304E-2	-0.235
31.561	6.129E-2	-0.236
31.594	5.658E-2	-0.237
31.628	4.911E-2	-0.239
31.661	3.920E-2	-0.240
31.694	2.792E-2	-0.242
31.728	1.503E-2	-0.243
31.761	1.389E-3	-0.243
31.795	-1.182E-2	-0.243
31.828	-2.442E-2	-0.242
31.861	-3.610E-2	-0.241
31.895	-4.583E-2	-0.239
31.928	-5.349E-2	-0.237
31.961	-5.875E-2	-0.236
31.995	-6.110E-2	-0.235
32.028	-6.081E-2	-0.235
32.061	-5.764E-2	-0.236
32.095	-5.205E-2	-0.237
32.128	-4.349E-2	-0.239
32.162	-3.335E-2	-0.241
32.195	-2.181E-2	-0.242
32.228	-8.551E-3	-0.243
32.262	5.663E-3	-0.244
32.295	1.850E-2	-0.243
32.328	3.062E-2	-0.242
32.362	4.155E-2	-0.240
32.395	5.078E-2	-0.238
32.428	5.751E-2	-0.237
32.462	6.148E-2	-0.236
32.495	6.291E-2	-0.236
32.529	6.148E-2	-0.236
32.562	5.699E-2	-0.237
32.595	5.008E-2	-0.238
32.629	4.083E-2	-0.240
32.662	2.994E-2	-0.242
32.695	1.714E-2	-0.243
32.729	3.715E-3	-0.244
32.762	-9.631E-3	-0.243
32.795	-2.243E-2	-0.242
32.829	-3.412E-2	-0.241
32.862	-4.417E-2	-0.239
32.896	-5.211E-2	-0.238
32.929	-5.763E-2	-0.236
32.962	-6.086E-2	-0.235
32.996	-6.097E-2	-0.235
33.029	-5.814E-2	-0.236
33.062	-5.282E-2	-0.238
33.096	-4.484E-2	-0.239
33.129	-3.478E-2	-0.241
33.162	-2.331E-2	-0.242
33.196	-1.102E-2	-0.243
33.229	2.957E-3	-0.244
33.263	1.592E-2	-0.243
33.296	2.859E-2	-0.242
33.329	3.986E-2	-0.240
33.363	4.883E-2	-0.239
33.396	5.621E-2	-0.237
33.429	6.076E-2	-0.236
33.463	6.275E-2	-0.236
33.496	6.168E-2	-0.236
33.529	5.804E-2	-0.237
33.563	5.146E-2	-0.238
33.596	4.277E-2	-0.240
33.630	3.182E-2	-0.242
33.663	1.974E-2	-0.243
33.696	6.431E-3	-0.244
33.730	-6.965E-3	-0.244
33.763	-1.935E-2	-0.243
33.796	-3.136E-2	-0.242
33.830	-4.202E-2	-0.240
33.863	-5.016E-2	-0.238
33.896	-5.622E-2	-0.237
33.930	-5.950E-2	-0.236
33.963	-6.025E-2	-0.236
33.997	-5.813E-2	-0.237
34.030	-5.350E-2	-0.237
34.063	-4.613E-2	-0.239
34.097	-3.663E-2	-0.241
34.130	-2.514E-2	-0.242
34.163	-1.242E-2	-0.243
34.197	9.551E-4	-0.244
34.230	1.385E-2	-0.243
34.263	2.660E-2	-0.242
34.297	3.801E-2	-0.241
34.330	4.744E-2	-0.239
34.363	5.491E-2	-0.238
34.397	5.973E-2	-0.236
34.430	6.194E-2	-0.236
34.464	6.154E-2	-0.236
34.497	5.822E-2	-0.237
34.530	5.230E-2	-0.238
34.564	4.388E-2	-0.240
34.597	3.355E-2	-0.242
34.630	2.163E-2	-0.243
34.664	8.218E-3	-0.243
34.697	-4.941E-3	-0.243
34.730	-1.805E-2	-0.243
34.764	-2.996E-2	-0.241
34.797	-4.072E-2	-0.240
34.831	-4.904E-2	-0.238
34.864	-5.552E-2	-0.237
34.897	-5.923E-2	-0.236
34.931	-6.048E-2	-0.235
34.964	-5.885E-2	-0.236
34.997	-5.455E-2	-0.237
35.031	-4.735E-2	-0.239
35.064	-3.854E-2	-0.240
35.097	-2.754E-2	-0.242
35.131	-1.511E-2	-0.243
35.164	-1.915E-3	-0.243
35.198	1.138E-2	-0.243
35.231	2.452E-2	-0.242
35.264	3.566E-2	-0.241
35.298	4.560E-2	-0.239
35.331	5.340E-2	-0.238
35.364	5.889E-2	-0.236
35.398	6.152E-2	-0.236
35.431	6.142E-2	-0.236
35.464	5.876E-2	-0.236
35.498	5.297E-2	-0.238
35.531	4.525E-2	-0.239
35.565	3.534E-2	-0.241
35.598	2.328E-2	-0.242
35.631	1.047E-2	-0.243
35.665	-2.907E-3	-0.243
35.698	-1.581E-2	-0.243
35.731	-2.796E-2	-0.241
35.765	-3.872E-2	-0.240
35.798	-4.758E-2	-0.238
35.831	-5.419E-2	-0.237
35.865	-5.864E-2	-0.236
35.898	-6.007E-2	-0.236
35.932	-5.881E-2	-0.236
35.965	-5.498E-2	-0.236
35.998	-4.808E-2	-0.238
36.032	-3.951E-2	-0.240
36.065	-2.866E-2	-0.242
36.098	-1.654E-2	-0.243
36.132	-3.649E-3	-0.243
36.165	9.741E-3	-0.243
36.198	2.243E-2	-0.243
36.232	3.397E-2	-0.241
36.265	4.416E-2	-0.240
36.299	5.216E-2	-0.238
36.332	5.774E-2	-0.236
36.365	6.103E-2	-0.236
36.399	6.139E-2	-0.236
36.432	5.909E-2	-0.236
36.465	5.386E-2	-0.238
36.499	4.646E-2	-0.239
36.532	3.662E-2	-0.241
36.565	2.534E-2	-0.242
36.599	1.248E-2	-0.243
36.632	-4.615E-4	-0.243
36.666	-1.379E-2	-0.243
36.699	-2.583E-2	-0.242
36.732	-3.667E-2	-0.240
36.766	-4.609E-2	-0.238
36.799	-5.297E-2	-0.237
36.832	-5.768E-2	-0.236
36.866	-5.954E-2	-0.236
36.899	-5.880E-2	-0.236
36.932	-5.501E-2	-0.236
36.966	-4.892E-2	-0.238
36.999	-4.062E-2	-0.240
37.033	-3.008E-2	-0.241
37.066	-1.845E-2	-0.243
37.099	-5.011E-3	-0.243
37.133	7.761E-3	-0.243
37.166	1.998E-2	-0.243
37.199	3.204E-2	-0.241
37.233	4.255E-2	-0.240
37.266	5.089E-2	-0.238
37.299	5.689E-2	-0.237
37.333	6.024E-2	-0.236
37.366	6.098E-2	-0.236
37.399	5.893E-2	-0.236
37.433	5.428E-2	-0.237
37.466	4.689E-2	-0.239
37.500	3.787E-2	-0.241
37.533	2.657E-2	-0.242
37.566	1.379E-2	-0.243
37.600	9.669E-4	-0.244
37.633	-1.190E-2	-0.243
37.666	-2.399E-2	-0.242
37.700	-3.531E-2	-0.240
37.733	-4.471E-2	-0.239
37.766	-5.211E-2	-0.237
37.800	-5.698E-2	-0.236
37.833	-5.948E-2	-0.236
37.867	-5.894E-2	-0.236
37.900	-5.566E-2	-0.237
37.933	-4.992E-2	-0.238
37.967	-4.194E-2	-0.239
38.000	-3.190E-2	-0.241
38.033	-2.045E-2	-0.242
38.067	-7.796E-3	-0.243
38.100	5.698E-3	-0.243
38.133	1.838E-2	-0.243
38.167	3.004E-2	-0.242
38.200	4.088E-2	-0.240
38.234	4.939E-2	-0.238
38.267	5.601E-2	-0.237
38.300	5.955E-2	-0.236
38.334	6.080E-2	-0.236
38.367	5.941E-2	-0.236
38.400	5.497E-2	-0.237
38.434	4.816E-2	-0.239
38.467	3.925E-2	-0.240
38.500	2.807E-2	-0.242
38.534	1.594E-2	-0.243
38.567	3.116E-3	-0.243
38.601	-9.887E-3	-0.243
38.634	-2.199E-2	-0.242
38.667	-3.336E-2	-0.241
38.701	-4.287E-2	-0.240
38.734	-5.082E-2	-0.238
38.767	-5.611E-2	-0.236
38.801	-5.890E-2	-0.236
38.834	-5.892E-2	-0.236
38.867	-5.617E-2	-0.236
38.901	-5.072E-2	-0.238
38.934	-4.336E-2	-0.239
38.968	-3.334E-2	-0.241
39.001	-2.184E-2	-0.242
39.034	-9.648E-3	-0.243
39.068	3.072E-3	-0.243
39.101	1.649E-2	-0.243
39.134	2.854E-2	-0.242
39.168	3.933E-2	-0.240
39.201	4.800E-2	-0.239
39.234	5.472E-2	-0.237
39.268	5.891E-2	-0.236
39.301	6.034E-2	-0.236
39.335	5.943E-2	-0.236
39.368	5.551E-2	-0.237
39.401	4.916E-2	-0.239
39.435	4.031E-2	-0.240
39.468	2.962E-2	-0.242
39.501	1.794E-2	-0.243
39.535	5.190E-3	-0.244
39.568	-7.840E-3	-0.243
39.601	-2.009E-2	-0.242
39.635	-3.189E-2	-0.241
39.668	-4.153E-2	-0.240
39.702	-4.961E-2	-0.238
39.735	-5.491E-2	-0.237
39.768	-5.820E-2	-0.236
39.802	-5.875E-2	-0.236
39.835	-5.628E-2	-0.236
39.868	-5.146E-2	-0.238
39.902	-4.422E-2	-0.239
39.935	-3.466E-2	-0.241
39.968	-2.333E-2	-0.242
40.002	-1.169E-2	-0.243
40.035	1.684E-3	-0.244
40.069	1.429E-2	-0.243
40.102	2.650E-2	-0.242
40.135	3.727E-2	-0.241
40.169	4.660E-2	-0.239
40.202	5.355E-2	-0.238
40.235	5.820E-2	-0.237
40.269	6.008E-2	-0.236
40.302	5.949E-2	-0.236
40.335	5.617E-2	-0.237
40.369	5.013E-2	-0.238
40.402	4.207E-2	-0.240
40.435	3.188E-2	-0.242
40.469	1.998E-2	-0.243
40.502	7.172E-3	-0.243
40.536	-5.754E-3	-0.243
40.569	-1.791E-2	-0.243
40.602	-2.981E-2	-0.241
40.636	-3.955E-2	-0.240
40.669	-4.759E-2	-0.239
40.702	-5.366E-2	-0.237
40.736	-5.701E-2	-0.237
40.769	-5.818E-2	-0.236
40.802	-5.624E-2	-0.237
40.836	-5.209E-2	-0.237
40.869	-4.481E-2	-0.239
40.903	-3.550E-2	-0.241
40.936	-2.510E-2	-0.242
40.969	-1.312E-2	-0.243
41.003	-3.412E-4	-0.244
41.036	1.241E-2	-0.243
41.069	2.462E-2	-0.242
41.103	3.591E-2	-0.241
41.136	4.540E-2	-0.240
41.169	5.240E-2	-0.238
41.203	5.731E-2	-0.237
41.236	5.969E-2	-0.236
41.270	5.936E-2	-0.236
41.303	5.628E-2	-0.237
41.336	5.086E-2	-0.238
41.370	4.282E-2	-0.240
41.403	3.325E-2	-0.242
41.436	2.166E-2	-0.243
41.470	9.003E-3	-0.243
41.503	-3.674E-3	-0.244
41.536	-1.587E-2	-0.243
41.570	-2.782E-2	-0.242
41.603	-3.792E-2	-0.240
41.637	-4.671E-2	-0.239
41.670	-5.289E-2	-0.237
41.703	-5.690E-2	-0.236
41.737	-5.819E-2	-0.236
41.770	-5.688E-2	-0.236
41.803	-5.276E-2	-0.237
41.837	-4.612E-2	-0.239
41.870	-3.748E-2	-0.240
41.903	-2.731E-2	-0.242
41.937	-1.525E-2	-0.243
41.970	-2.432E-3	-0.244
42.004	1.032E-2	-0.244
42.037	2.254E-2	-0.243
42.070	3.397E-2	-0.242
42.104	4.345E-2	-0.240
42.137	5.093E-2	-0.238
42.170	5.623E-2	-0.237
42.204	5.899E-2	-0.236
42.237	5.898E-2	-0.236
42.270	5.672E-2	-0.237
42.304	5.146E-2	-0.238
42.337	4.458E-2	-0.240
42.371	3.461E-2	-0.241
42.404	2.372E-2	-0.242
42.437	1.112E-2	-0.243
42.471	-1.139E-3	-0.244
42.504	-1.435E-2	-0.243
42.537	-2.590E-2	-0.242
42.571	-3.618E-2	-0.240
42.604	-4.492E-2	-0.239
42.637	-5.162E-2	-0.238
42.671	-5.612E-2	-0.236
42.704	-5.759E-2	-0.236
42.738	-5.683E-2	-0.236
42.771	-5.287E-2	-0.238
42.804	-4.675E-2	-0.239
42.838	-3.866E-2	-0.240
42.871	-2.851E-2	-0.242
42.904	-1.710E-2	-0.243
42.938	-4.380E-3	-0.244
42.971	8.373E-3	-0.244
43.004	2.050E-2	-0.243
43.038	3.194E-2	-0.242
43.071	4.192E-2	-0.240
43.105	4.965E-2	-0.239
43.138	5.546E-2	-0.238
43.171	5.847E-2	-0.237
43.205	5.921E-2	-0.237
43.238	5.706E-2	-0.237
43.271	5.251E-2	-0.238
43.305	4.532E-2	-0.240
43.338	3.628E-2	-0.241
43.371	2.533E-2	-0.242
43.405	1.304E-2	-0.243
43.438	8.501E-4	-0.244
43.471	-1.208E-2	-0.243
43.505	-2.364E-2	-0.242
43.538	-3.434E-2	-0.241
43.572	-4.323E-2	-0.240
43.605	-5.045E-2	-0.238
43.638	-5.522E-2	-0.237
43.672	-5.726E-2	-0.237
43.705	-5.671E-2	-0.237
43.738	-5.369E-2	-0.237
43.772	-4.789E-2	-0.239
43.805	-3.977E-2	-0.240
43.838	-3.020E-2	-0.241
43.872	-1.880E-2	-0.243
43.905	-6.290E-3	-0.243
43.939	6.126E-3	-0.244
43.972	1.874E-2	-0.243
44.005	2.978E-2	-0.242
44.039	4.031E-2	-0.240
44.072	4.852E-2	-0.239
44.105	5.459E-2	-0.238
44.139	5.795E-2	-0.237
44.172	5.908E-2	-0.236
44.205	5.730E-2	-0.237
44.239	5.313E-2	-0.238
44.272	4.637E-2	-0.239
44.306	3.758E-2	-0.241
44.339	2.701E-2	-0.242
44.372	1.480E-2	-0.243
44.406	2.534E-3	-0.244
44.439	-1.011E-2	-0.243
44.472	-2.212E-2	-0.242
44.506	-3.297E-2	-0.241
44.539	-4.188E-2	-0.240
44.572	-4.920E-2	-0.238
44.606	-5.442E-2	-0.237
44.639	-5.690E-2	-0.236
44.673	-5.670E-2	-0.236
44.706	-5.388E-2	-0.237
44.739	-4.848E-2	-0.238
44.773	-4.107E-2	-0.240
44.806	-3.161E-2	-0.241
44.839	-2.026E-2	-0.243
44.873	-8.143E-3	-0.243
44.906	4.625E-3	-0.244
44.939	1.736E-2	-0.243
44.973	2.879E-2	-0.242
45.006	3.846E-2	-0.240
45.040	4.712E-2	-0.239
45.073	5.346E-2	-0.238
45.106	5.728E-2	-0.237
45.140	5.851E-2	-0.236
45.173	5.723E-2	-0.237
45.206	5.344E-2	-0.238
45.240	4.705E-2	-0.239
45.273	3.847E-2	-0.240
45.306	2.814E-2	-0.242
45.340	1.666E-2	-0.243
45.373	3.974E-3	-0.244
45.407	-8.787E-3	-0.243
45.440	-2.032E-2	-0.242
45.473	-3.125E-2	-0.241
45.507	-4.064E-2	-0.240
45.540	-4.811E-2	-0.238
45.573	-5.346E-2	-0.237
45.607	-5.628E-2	-0.236
45.640	-5.661E-2	-0.236
45.673	-5.402E-2	-0.237
45.707	-4.897E-2	-0.238
45.740	-4.152E-2	-0.240
45.774	-3.256E-2	-0.241
45.807	-2.184E-2	-0.242
45.840	-9.782E-3	-0.243
45.874	3.071E-3	-0.244
45.907	1.511E-2	-0.243
45.940	2.711E-2	-0.242
45.974	3.736E-2	-0.241
46.007	4.600E-2	-0.239
46.040	5.269E-2	-0.238
46.074	5.680E-2	-0.237
46.107	5.834E-2	-0.237
46.141	5.748E-2	-0.237
46.174	5.408E-2	-0.238
46.207	4.796E-2	-0.239
46.241	3.986E-2	-0.240
46.274	2.982E-2	-0.242
46.307	1.845E-2	-0.243
46.341	5.850E-3	-0.244
46.374	-6.399E-3	-0.244
46.407	-1.848E-2	-0.243
46.441	-2.944E-2	-0.242
46.474	-3.887E-2	-0.240
46.507	-4.678E-2	-0.239
46.541	-5.268E-2	-0.238
46.574	-5.553E-2	-0.237
46.608	-5.615E-2	-0.237
46.641	-5.413E-2	-0.238
46.674	-4.953E-2	-0.238
46.708	-4.263E-2	-0.240
46.741	-3.329E-2	-0.242
46.774	-2.269E-2	-0.243
46.808	-1.102E-2	-0.244
46.841	1.515E-3	-0.244
46.874	1.374E-2	-0.244
46.908	2.537E-2	-0.242
46.941	3.592E-2	-0.241
46.975	4.474E-2	-0.240
47.008	5.160E-2	-0.238
47.041	5.606E-2	-0.237
47.075	5.810E-2	-0.237
47.108	5.752E-2	-0.237
47.141	5.438E-2	-0.238
47.175	4.881E-2	-0.239
47.208	4.070E-2	-0.240
47.241	3.068E-2	-0.242
47.275	1.929E-2	-0.243
47.308	7.210E-3	-0.244
47.342	-4.927E-3	-0.244
47.375	-1.718E-2	-0.243
47.408	-2.848E-2	-0.242
47.442	-3.801E-2	-0.240
47.475	-4.602E-2	-0.239
47.508	-5.201E-2	-0.238
47.542	-5.551E-2	-0.237
47.575	-5.624E-2	-0.237
47.608	-5.477E-2	-0.237
47.642	-5.026E-2	-0.238
47.675	-4.406E-2	-0.239
47.709	-3.484E-2	-0.241
47.742	-2.461E-2	-0.242
47.775	-1.368E-2	-0.243
47.809	-9.578E-4	-0.244
47.842	1.174E-2	-0.244
47.875	2.330E-2	-0.243
47.909	3.393E-2	-0.241
47.942	4.279E-2	-0.240
47.975	5.007E-2	-0.238
48.009	5.493E-2	-0.237
48.042	5.738E-2	-0.237
48.076	5.700E-2	-0.237
48.109	5.424E-2	-0.238
48.142	4.889E-2	-0.239
48.176	4.137E-2	-0.240
48.209	3.141E-2	-0.241
48.242	2.060E-2	-0.243
48.276	8.436E-3	-0.243
48.309	-3.718E-3	-0.243
48.342	-1.587E-2	-0.243
48.376	-2.727E-2	-0.242
48.409	-3.674E-2	-0.240
48.443	-4.481E-2	-0.239
48.476	-5.096E-2	-0.238
48.509	-5.487E-2	-0.237
48.543	-5.612E-2	-0.237
48.576	-5.477E-2	-0.237
48.609	-5.081E-2	-0.238
48.643	-4.470E-2	-0.239
48.676	-3.615E-2	-0.241
48.709	-2.607E-2	-0.242
48.743	-1.454E-2	-0.243
48.776	-2.307E-3	-0.244
48.810	9.691E-3	-0.243
48.843	2.175E-2	-0.243
48.876	3.257E-2	-0.242
48.910	4.193E-2	-0.240
48.943	4.931E-2	-0.239
48.976	5.438E-2	-0.237
49.010	5.708E-2	-0.237
49.043	5.719E-2	-0.237
49.076	5.463E-2	-0.237
49.110	4.980E-2	-0.239
49.143	4.236E-2	-0.240
49.177	3.351E-2	-0.241
49.210	2.274E-2	-0.243
49.243	1.072E-2	-0.243
49.277	-1.427E-3	-0.243
49.310	-1.347E-2	-0.243
49.343	-2.489E-2	-0.242
49.377	-3.501E-2	-0.241
49.410	-4.319E-2	-0.239
49.443	-4.982E-2	-0.238
49.477	-5.383E-2	-0.237
49.510	-5.551E-2	-0.237
49.543	-5.453E-2	-0.237
49.577	-5.104E-2	-0.238
49.610	-4.515E-2	-0.239
49.644	-3.695E-2	-0.240
49.677	-2.752E-2	-0.242
49.710	-1.565E-2	-0.243
49.744	-3.930E-3	-0.244
49.777	7.995E-3	-0.244
49.810	2.016E-2	-0.243
49.844	3.088E-2	-0.242
49.877	4.031E-2	-0.240
49.910	4.804E-2	-0.239
49.944	5.348E-2	-0.238
49.977	5.634E-2	-0.237
50.011	5.711E-2	-0.237
50.044	5.510E-2	-0.238
50.077	5.040E-2	-0.238
50.111	4.363E-2	-0.240
50.144	3.444E-2	-0.241
50.177	2.413E-2	-0.242
50.211	1.231E-2	-0.243
50.244	5.678E-4	-0.244
50.277	-1.137E-2	-0.243
50.311	-2.286E-2	-0.242
50.344	-3.303E-2	-0.241
50.378	-4.186E-2	-0.240
50.411	-4.853E-2	-0.238
50.444	-5.308E-2	-0.238
50.478	-5.514E-2	-0.237
50.511	-5.452E-2	-0.237
50.544	-5.123E-2	-0.238
50.578	-4.571E-2	-0.239
50.611	-3.784E-2	-0.240
50.644	-2.837E-2	-0.242
50.678	-1.753E-2	-0.243
50.711	-5.465E-3	-0.244
50.745	6.696E-3	-0.244
50.778	1.822E-2	-0.243
50.811	2.948E-2	-0.242
50.845	3.900E-2	-0.240
50.878	4.692E-2	-0.239
50.911	5.258E-2	-0.238
50.945	5.587E-2	-0.237
50.978	5.696E-2	-0.237
51.011	5.513E-2	-0.237
51.045	5.112E-2	-0.238
51.078	4.445E-2	-0.240
51.112	3.577E-2	-0.241
51.145	2.561E-2	-0.242
51.178	1.404E-2	-0.243
51.212	1.979E-3	-0.244
51.245	-1.008E-2	-0.243
51.278	-2.151E-2	-0.242
51.312	-3.178E-2	-0.241
51.345	-4.090E-2	-0.240
51.378	-4.778E-2	-0.238
51.412	-5.247E-2	-0.237
51.445	-5.465E-2	-0.237
51.479	-5.454E-2	-0.237
51.512	-5.182E-2	-0.238
51.545	-4.679E-2	-0.238
51.579	-3.959E-2	-0.240
51.612	-3.039E-2	-0.241
51.645	-1.959E-2	-0.242
51.679	-8.011E-3	-0.243
51.712	4.060E-3	-0.243
51.745	1.613E-2	-0.243
51.779	2.743E-2	-0.242
51.812	3.692E-2	-0.241
51.846	4.515E-2	-0.239
51.879	5.145E-2	-0.238
51.912	5.513E-2	-0.237
51.946	5.648E-2	-0.237
51.979	5.521E-2	-0.237
52.012	5.127E-2	-0.238
52.046	4.510E-2	-0.239
52.079	3.685E-2	-0.241
52.112	2.693E-2	-0.242
52.146	1.560E-2	-0.243
52.179	3.464E-3	-0.243
52.212	-8.218E-3	-0.243
52.246	-1.976E-2	-0.242
52.279	-3.026E-2	-0.241
52.313	-3.943E-2	-0.240
52.346	-4.665E-2	-0.238
52.379	-5.158E-2	-0.238
52.413	-5.435E-2	-0.237
52.446	-5.450E-2	-0.237
52.479	-5.203E-2	-0.238
52.513	-4.726E-2	-0.238
52.546	-4.019E-2	-0.240
52.579	-3.135E-2	-0.241
52.613	-2.063E-2	-0.242
52.646	-9.159E-3	-0.243
52.680	2.929E-3	-0.243
52.713	1.447E-2	-0.243
52.746	2.589E-2	-0.242
52.780	3.598E-2	-0.241
52.813	4.450E-2	-0.240
52.846	5.063E-2	-0.238
52.880	5.464E-2	-0.238
52.913	5.595E-2	-0.237
52.946	5.518E-2	-0.237
52.980	5.179E-2	-0.238
53.013	4.606E-2	-0.239
53.047	3.810E-2	-0.241
53.080	2.854E-2	-0.242
53.113	1.739E-2	-0.243
53.147	4.986E-3	-0.243
53.180	-6.846E-3	-0.243
53.213	-1.793E-2	-0.242
53.247	-2.903E-2	-0.241
53.280	-3.796E-2	-0.240
53.313	-4.544E-2	-0.239
53.347	-5.077E-2	-0.238
53.380	-5.369E-2	-0.237
53.414	-5.435E-2	-0.237
53.447	-5.216E-2	-0.238
53.480	-4.757E-2	-0.238
53.514	-4.088E-2	-0.240
53.547	-3.253E-2	-0.241
53.580	-2.202E-2	-0.242
53.614	-1.047E-2	-0.243
53.647	1.028E-3	-0.243
53.680	1.311E-2	-0.243
53.714	2.443E-2	-0.242
53.747	3.457E-2	-0.241
53.781	4.334E-2	-0.240
53.814	4.994E-2	-0.238
53.847	5.421E-2	-0.238
53.881	5.603E-2	-0.237
53.914	5.545E-2	-0.237
53.947	5.246E-2	-0.238
53.981	4.682E-2	-0.239
54.014	3.926E-2	-0.240
54.047	2.987E-2	-0.242
54.081	1.864E-2	-0.243
54.114	7.075E-3	-0.243
54.148	-4.500E-3	-0.243
54.181	-1.623E-2	-0.243
54.214	-2.667E-2	-0.242
54.248	-3.645E-2	-0.240
54.281	-4.418E-2	-0.239
54.314	-4.979E-2	-0.238
54.348	-5.313E-2	-0.237
54.381	-5.391E-2	-0.237
54.414	-5.196E-2	-0.238
54.448	-4.789E-2	-0.238
54.481	-4.161E-2	-0.240
54.515	-3.308E-2	-0.241
54.548	-2.297E-2	-0.242
54.581	-1.215E-2	-0.243
54.615	-3.704E-5	-0.244
54.648	1.196E-2	-0.243
54.681	2.293E-2	-0.243
54.715	3.307E-2	-0.241
54.748	4.182E-2	-0.240
54.781	4.895E-2	-0.239
54.815	5.324E-2	-0.238
54.848	5.569E-2	-0.237
54.882	5.524E-2	-0.237
54.915	5.247E-2	-0.238
54.948	4.763E-2	-0.239
54.982	3.981E-2	-0.240
55.015	3.090E-2	-0.242
55.048	2.024E-2	-0.243
55.082	8.588E-3	-0.243
55.115	-3.378E-3	-0.243
55.148	-1.486E-2	-0.243
55.182	-2.549E-2	-0.242
55.215	-3.557E-2	-0.240
55.248	-4.317E-2	-0.239
55.282	-4.909E-2	-0.238
55.315	-5.252E-2	-0.237
55.349	-5.381E-2	-0.237
55.382	-5.251E-2	-0.237
55.415	-4.855E-2	-0.238
55.449	-4.231E-2	-0.239
55.482	-3.425E-2	-0.241
55.515	-2.434E-2	-0.242
55.549	-1.355E-2	-0.243
55.582	-1.925E-3	-0.243
55.615	9.967E-3	-0.243
55.649	2.145E-2	-0.243
55.682	3.165E-2	-0.242
55.716	4.041E-2	-0.240
55.749	4.763E-2	-0.239
55.782	5.247E-2	-0.238
55.816	5.499E-2	-0.237
55.849	5.504E-2	-0.237
55.882	5.252E-2	-0.238
55.916	4.775E-2	-0.239
55.949	4.086E-2	-0.240
55.982	3.166E-2	-0.241
56.016	2.145E-2	-0.243
56.049	1.004E-2	-0.243
56.083	-1.942E-3	-0.243
56.116	-1.349E-2	-0.243
56.149	-2.418E-2	-0.242
56.183	-3.441E-2	-0.240
56.216	-4.237E-2	-0.239
56.249	-4.841E-2	-0.238
56.283	-5.200E-2	-0.237
56.316	-5.347E-2	-0.237
56.349	-5.241E-2	-0.237
56.383	-4.892E-2	-0.238
56.416	-4.317E-2	-0.239
56.450	-3.512E-2	-0.240
56.483	-2.547E-2	-0.242
56.516	-1.477E-2	-0.243
56.550	-3.341E-3	-0.243
56.583	8.270E-3	-0.243
56.616	1.948E-2	-0.242
56.650	3.023E-2	-0.241
56.683	3.943E-2	-0.240
56.716	4.659E-2	-0.239
56.750	5.170E-2	-0.238
56.783	5.445E-2	-0.237
56.817	5.461E-2	-0.237
56.850	5.251E-2	-0.238
56.883	4.806E-2	-0.239
56.917	4.109E-2	-0.240
56.950	3.264E-2	-0.241
56.983	2.239E-2	-0.242
57.017	1.099E-2	-0.243
57.050	-7.742E-4	-0.243
57.083	-1.216E-2	-0.243
57.117	-2.301E-2	-0.242
57.150	-3.304E-2	-0.241
57.184	-4.130E-2	-0.239
57.217	-4.755E-2	-0.238
57.250	-5.160E-2	-0.237
57.284	-5.323E-2	-0.237
57.317	-5.242E-2	-0.237
57.350	-4.927E-2	-0.238
57.384	-4.361E-2	-0.239
57.417	-3.596E-2	-0.240
57.450	-2.659E-2	-0.242
57.484	-1.630E-2	-0.243
57.517	-4.732E-3	-0.243
57.551	6.894E-3	-0.243
57.584	1.829E-2	-0.243
57.617	2.887E-2	-0.242
57.651	3.810E-2	-0.240
57.684	4.544E-2	-0.239
57.717	5.071E-2	-0.238
57.751	5.390E-2	-0.237
57.784	5.438E-2	-0.237
57.817	5.269E-2	-0.238
57.851	4.849E-2	-0.238
57.884	4.212E-2	-0.240
57.918	3.356E-2	-0.241
57.951	2.373E-2	-0.242
57.984	1.271E-2	-0.243
58.018	1.126E-3	-0.243
58.051	-1.047E-2	-0.243
58.084	-2.131E-2	-0.242
58.118	-3.130E-2	-0.241
58.151	-3.994E-2	-0.240
58.184	-4.625E-2	-0.238
58.218	-5.074E-2	-0.238
58.251	-5.288E-2	-0.237
58.284	-5.234E-2	-0.237
58.318	-4.960E-2	-0.238
58.351	-4.423E-2	-0.239
58.385	-3.666E-2	-0.240
58.418	-2.791E-2	-0.242
58.451	-1.776E-2	-0.242
58.485	-6.438E-3	-0.243
58.518	5.138E-3	-0.243
58.551	1.706E-2	-0.243
58.585	2.731E-2	-0.242
58.618	3.676E-2	-0.241
58.651	4.440E-2	-0.239
58.685	4.979E-2	-0.238
58.718	5.317E-2	-0.238
58.752	5.431E-2	-0.237
58.785	5.267E-2	-0.238
58.818	4.881E-2	-0.238
58.852	4.264E-2	-0.240
58.885	3.459E-2	-0.241
58.918	2.507E-2	-0.242
58.952	1.431E-2	-0.243
58.985	2.362E-3	-0.243
59.018	-8.980E-3	-0.243
59.052	-1.993E-2	-0.242
59.085	-3.002E-2	-0.241
59.119	-3.872E-2	-0.240
59.152	-4.552E-2	-0.238
59.185	-5.007E-2	-0.238
59.219	-5.240E-2	-0.237
59.252	-5.237E-2	-0.237
59.285	-4.982E-2	-0.238
59.319	-4.479E-2	-0.239
59.352	-3.792E-2	-0.240
59.385	-2.883E-2	-0.242
59.419	-1.909E-2	-0.242
59.452	-7.778E-3	-0.243
59.486	3.866E-3	-0.243
59.519	1.519E-2	-0.243
59.552	2.606E-2	-0.242
59.586	3.562E-2	-0.241
59.619	4.338E-2	-0.240
59.652	4.913E-2	-0.239
59.686	5.270E-2	-0.238
59.719	5.404E-2	-0.238
59.752	5.294E-2	-0.238
59.786	4.944E-2	-0.238
59.819	4.346E-2	-0.240
59.853	3.590E-2	-0.241
59.886	2.602E-2	-0.242
59.919	1.518E-2	-0.243
59.953	3.737E-3	-0.243
59.986	-7.817E-3	-0.243
60.019	-1.860E-2	-0.243
60.053	-2.867E-2	-0.241
60.086	-3.727E-2	-0.240
60.119	-4.449E-2	-0.239
60.153	-4.945E-2	-0.238
60.186	-5.214E-2	-0.237
60.220	-5.221E-2	-0.237
60.253	-5.002E-2	-0.238
60.286	-4.546E-2	-0.239
60.320	-3.875E-2	-0.240
60.353	-3.054E-2	-0.241
60.386	-2.051E-2	-0.242
60.420	-9.672E-3	-0.243
60.453	1.752E-3	-0.243
60.486	1.371E-2	-0.243
60.520	2.446E-2	-0.242
60.553	3.397E-2	-0.241
60.587	4.198E-2	-0.240
60.620	4.807E-2	-0.239
60.653	5.208E-2	-0.238
60.687	5.349E-2	-0.237
60.720	5.277E-2	-0.238
60.753	4.958E-2	-0.238
60.787	4.414E-2	-0.240
60.820	3.654E-2	-0.241
60.853	2.775E-2	-0.242
60.887	1.701E-2	-0.243
60.920	5.727E-3	-0.244
60.954	-5.710E-3	-0.243
60.987	-1.719E-2	-0.243
61.020	-2.718E-2	-0.242
61.054	-3.609E-2	-0.240
61.087	-4.331E-2	-0.239
61.120	-4.865E-2	-0.238
61.154	-5.149E-2	-0.238
61.187	-5.210E-2	-0.238
61.220	-5.014E-2	-0.238
61.254	-4.604E-2	-0.239
61.287	-3.953E-2	-0.240
61.320	-3.128E-2	-0.241
61.354	-2.129E-2	-0.242
61.387	-1.048E-2	-0.243
61.421	8.894E-4	-0.244
61.454	1.230E-2	-0.243
61.487	2.310E-2	-0.242
61.521	3.293E-2	-0.241
61.554	4.117E-2	-0.240
61.587	4.737E-2	-0.239
61.621	5.141E-2	-0.238
61.654	5.335E-2	-0.238
61.687	5.284E-2	-0.238
61.721	5.002E-2	-0.238
61.754	4.486E-2	-0.239
61.788	3.752E-2	-0.241
61.821	2.846E-2	-0.242
61.854	1.834E-2	-0.243
61.888	7.134E-3	-0.243
61.921	-4.314E-3	-0.243
61.954	-1.531E-2	-0.243
61.988	-2.535E-2	-0.242
62.021	-3.466E-2	-0.241
62.054	-4.212E-2	-0.239
62.088	-4.755E-2	-0.239
62.121	-5.068E-2	-0.238
62.155	-5.144E-2	-0.238
62.188	-5.005E-2	-0.238
62.221	-4.609E-2	-0.239
62.255	-3.994E-2	-0.240
62.288	-3.191E-2	-0.241
62.321	-2.247E-2	-0.242
62.355	-1.184E-2	-0.243
62.388	-5.210E-4	-0.244
62.421	1.049E-2	-0.243
62.455	2.168E-2	-0.243
62.488	3.126E-2	-0.241
62.522	3.995E-2	-0.240
62.555	4.635E-2	-0.239
62.588	5.087E-2	-0.238
62.622	5.276E-2	-0.238
62.655	5.258E-2	-0.238
62.688	5.000E-2	-0.238
62.722	4.519E-2	-0.239
62.755	3.811E-2	-0.240
62.788	2.922E-2	-0.242
62.822	1.905E-2	-0.243
62.855	8.296E-3	-0.243
62.889	-3.213E-3	-0.243
62.922	-1.434E-2	-0.243
62.955	-2.460E-2	-0.242
62.989	-3.354E-2	-0.241
63.022	-4.142E-2	-0.239
63.055	-4.698E-2	-0.238
63.089	-5.046E-2	-0.238
63.122	-5.153E-2	-0.238
63.155	-5.025E-2	-0.238
63.189	-4.643E-2	-0.238
63.222	-4.046E-2	-0.240
63.256	-3.291E-2	-0.241
63.289	-2.354E-2	-0.242
63.322	-1.287E-2	-0.243
63.356	-1.655E-3	-0.243
63.389	9.383E-3	-0.243
63.422	2.031E-2	-0.243
63.456	3.038E-2	-0.242
63.489	3.883E-2	-0.240
63.522	4.547E-2	-0.239
63.556	5.011E-2	-0.238
63.589	5.237E-2	-0.238
63.623	5.248E-2	-0.238
63.656	5.021E-2	-0.238
63.689	4.548E-2	-0.239
63.723	3.872E-2	-0.240
63.756	3.004E-2	-0.242
63.789	1.991E-2	-0.243
63.823	8.969E-3	-0.243
63.856	-2.383E-3	-0.243
63.889	-1.329E-2	-0.243
63.923	-2.362E-2	-0.242
63.956	-3.315E-2	-0.241
63.990	-4.071E-2	-0.240
64.023	-4.626E-2	-0.239
64.056	-4.970E-2	-0.238
64.090	-5.105E-2	-0.238
64.123	-5.010E-2	-0.238
64.156	-4.676E-2	-0.239
64.190	-4.095E-2	-0.240
64.223	-3.368E-2	-0.241
64.256	-2.468E-2	-0.242
64.290	-1.442E-2	-0.243
64.323	-3.131E-3	-0.243
64.356	7.883E-3	-0.243
64.390	1.912E-2	-0.243
64.423	2.911E-2	-0.242
64.457	3.747E-2	-0.241
64.490	4.458E-2	-0.239
64.523	4.944E-2	-0.239
64.557	5.213E-2	-0.238
64.590	5.222E-2	-0.238
64.623	5.017E-2	-0.238
64.657	4.594E-2	-0.239
64.690	3.937E-2	-0.240
64.723	3.115E-2	-0.242
64.757	2.130E-2	-0.243
64.790	1.047E-2	-0.243
64.824	-1.078E-3	-0.243
64.857	-1.189E-2	-0.243
64.890	-2.252E-2	-0.242
64.924	-3.183E-2	-0.241
64.957	-3.945E-2	-0.240
64.990	-4.544E-2	-0.239
65.024	-4.937E-2	-0.238
65.057	-5.086E-2	-0.238
65.090	-5.008E-2	-0.238
65.124	-4.681E-2	-0.239
65.157	-4.148E-2	-0.240
65.191	-3.410E-2	-0.241
65.224	-2.528E-2	-0.242
65.257	-1.516E-2	-0.243
65.291	-4.321E-3	-0.243
65.324	6.973E-3	-0.243
65.357	1.772E-2	-0.243
65.391	2.791E-2	-0.242
65.424	3.672E-2	-0.241
65.457	4.389E-2	-0.240
65.491	4.885E-2	-0.239
65.524	5.158E-2	-0.238
65.558	5.212E-2	-0.238
65.591	5.025E-2	-0.238
65.624	4.606E-2	-0.239
65.658	3.989E-2	-0.240
65.691	3.182E-2	-0.242
65.724	2.246E-2	-0.243
65.758	1.176E-2	-0.243
65.791	4.467E-4	-0.244
65.824	-1.048E-2	-0.243
65.858	-2.096E-2	-0.242
65.891	-3.039E-2	-0.241
65.925	-3.816E-2	-0.240
65.958	-4.442E-2	-0.239
65.991	-4.858E-2	-0.238
66.025	-5.042E-2	-0.238
66.058	-5.005E-2	-0.238
66.091	-4.720E-2	-0.238
66.125	-4.186E-2	-0.240
66.158	-3.496E-2	-0.240
66.191	-2.631E-2	-0.242
66.225	-1.619E-2	-0.243
66.258	-5.949E-3	-0.243
66.292	5.391E-3	-0.243
66.325	1.623E-2	-0.243
66.358	2.638E-2	-0.242
66.392	3.551E-2	-0.241
66.425	4.252E-2	-0.240
66.458	4.779E-2	-0.239
66.492	5.103E-2	-0.238
66.525	5.181E-2	-0.238
66.558	5.035E-2	-0.238
66.592	4.642E-2	-0.239
66.625	4.035E-2	-0.240
66.659	3.295E-2	-0.241
66.692	2.341E-2	-0.242
66.725	1.291E-2	-0.243
66.759	1.942E-3	-0.243
66.792	-8.941E-3	-0.243
66.825	-1.959E-2	-0.242
66.859	-2.893E-2	-0.241
66.892	-3.704E-2	-0.240
66.925	-4.369E-2	-0.239
66.959	-4.789E-2	-0.238
66.992	-5.007E-2	-0.238
67.026	-4.995E-2	-0.238
67.059	-4.727E-2	-0.238
67.092	-4.246E-2	-0.239
67.126	-3.571E-2	-0.240
67.159	-2.745E-2	-0.242
67.192	-1.743E-2	-0.243
67.226	-6.783E-3	-0.243
67.259	4.139E-3	-0.243
67.292	1.534E-2	-0.243
67.326	2.546E-2	-0.242
67.359	3.427E-2	-0.241
67.392	4.171E-2	-0.240
67.426	4.718E-2	-0.239
67.459	5.062E-2	-0.238
67.493	5.171E-2	-0.238
67.526	5.054E-2	-0.238
67.559	4.701E-2	-0.239
67.593	4.144E-2	-0.240
67.626	3.382E-2	-0.241
67.659	2.519E-2	-0.242
67.693	1.469E-2	-0.243
67.726	3.581E-3	-0.243
67.759	-7.393E-3	-0.243
67.793	-1.813E-2	-0.242
67.826	-2.770E-2	-0.242
67.860	-3.590E-2	-0.240
67.893	-4.277E-2	-0.239
67.926	-4.705E-2	-0.238
67.960	-4.973E-2	-0.238
67.993	-4.980E-2	-0.238
68.026	-4.760E-2	-0.238
68.060	-4.308E-2	-0.239
68.093	-3.647E-2	-0.240
68.126	-2.811E-2	-0.242
68.160	-1.863E-2	-0.242
68.193	-8.389E-3	-0.243
68.227	2.820E-3	-0.243
68.260	1.365E-2	-0.243
68.293	2.380E-2	-0.242
68.327	3.304E-2	-0.241
68.360	4.061E-2	-0.240
68.393	4.631E-2	-0.239
68.427	5.005E-2	-0.238
68.460	5.149E-2	-0.238
68.493	5.064E-2	-0.238
68.527	4.731E-2	-0.239
68.560	4.199E-2	-0.240
68.594	3.478E-2	-0.241
68.627	2.597E-2	-0.242
68.660	1.576E-2	-0.243
68.694	4.903E-3	-0.243
68.727	-5.755E-3	-0.243
68.760	-1.650E-2	-0.243
68.794	-2.643E-2	-0.242
68.827	-3.472E-2	-0.240
68.860	-4.140E-2	-0.240
68.894	-4.623E-2	-0.239
68.927	-4.886E-2	-0.238
68.961	-4.938E-2	-0.238
68.994	-4.743E-2	-0.239
69.027	-4.326E-2	-0.239
69.061	-3.722E-2	-0.240
69.094	-2.927E-2	-0.241
69.127	-1.932E-2	-0.243
69.161	-9.165E-3	-0.243
69.194	1.599E-3	-0.244
69.227	1.253E-2	-0.243
69.261	2.313E-2	-0.243
69.294	3.203E-2	-0.241
69.328	3.985E-2	-0.240
69.361	4.553E-2	-0.239
69.394	4.949E-2	-0.239
69.428	5.133E-2	-0.238
69.461	5.070E-2	-0.238
69.494	4.750E-2	-0.239
69.528	4.259E-2	-0.240
69.561	3.529E-2	-0.241
69.594	2.666E-2	-0.242
69.628	1.657E-2	-0.243
69.661	5.732E-3	-0.243
69.695	-5.014E-3	-0.243
69.728	-1.532E-2	-0.243
69.761	-2.516E-2	-0.242
69.795	-3.378E-2	-0.241
69.828	-4.076E-2	-0.240
69.861	-4.560E-2	-0.239
69.895	-4.867E-2	-0.238
69.928	-4.919E-2	-0.238
69.961	-4.735E-2	-0.238
69.995	-4.334E-2	-0.239
70.028	-3.744E-2	-0.240
70.062	-2.968E-2	-0.241
70.095	-2.052E-2	-0.242
70.128	-1.030E-2	-0.243
70.162	6.833E-4	-0.243
70.195	1.170E-2	-0.243
70.228	2.180E-2	-0.243
70.262	3.117E-2	-0.242
70.295	3.871E-2	-0.240
70.328	4.504E-2	-0.239
70.362	4.898E-2	-0.239
70.395	5.077E-2	-0.238
70.428	5.034E-2	-0.238
70.462	4.782E-2	-0.239
70.495	4.280E-2	-0.240
70.529	3.590E-2	-0.241
70.562	2.736E-2	-0.242
70.595	1.759E-2	-0.243
70.629	6.943E-3	-0.243
70.662	-3.825E-3	-0.243
70.695	-1.452E-2	-0.243
70.729	-2.395E-2	-0.242
70.762	-3.327E-2	-0.241
70.795	-4.017E-2	-0.240
70.829	-4.518E-2	-0.239
70.862	-4.812E-2	-0.238
70.896	-4.883E-2	-0.238
70.929	-4.745E-2	-0.239
70.962	-4.369E-2	-0.239
70.996	-3.771E-2	-0.240
71.029	-3.027E-2	-0.241
71.062	-2.142E-2	-0.242
71.096	-1.135E-2	-0.243
71.129	-6.602E-4	-0.243
71.162	1.017E-2	-0.243
71.196	2.030E-2	-0.243
71.229	3.010E-2	-0.242
71.263	3.816E-2	-0.241
71.296	4.428E-2	-0.240
71.329	4.838E-2	-0.239
71.363	5.037E-2	-0.239
71.396	5.036E-2	-0.238
71.429	4.778E-2	-0.239
71.463	4.312E-2	-0.240
71.496	3.629E-2	-0.241
71.529	2.823E-2	-0.242
71.563	1.874E-2	-0.243
71.596	7.970E-3	-0.243
71.630	-2.700E-3	-0.243
71.663	-1.345E-2	-0.243
71.696	-2.294E-2	-0.242
71.730	-3.164E-2	-0.241
71.763	-3.899E-2	-0.240
71.796	-4.447E-2	-0.239
71.830	-4.777E-2	-0.239
71.863	-4.878E-2	-0.238
71.896	-4.771E-2	-0.238
71.930	-4.432E-2	-0.239
71.963	-3.853E-2	-0.240
71.997	-3.094E-2	-0.241
72.030	-2.221E-2	-0.242
72.063	-1.220E-2	-0.243
72.097	-1.962E-3	-0.244
72.130	8.754E-3	-0.243
72.163	1.939E-2	-0.243
72.197	2.835E-2	-0.242
72.230	3.642E-2	-0.241
72.263	4.302E-2	-0.240
72.297	4.772E-2	-0.239
72.330	4.978E-2	-0.238
72.364	4.983E-2	-0.238
72.397	4.774E-2	-0.239
72.430	4.317E-2	-0.240
72.464	3.695E-2	-0.241
72.497	2.881E-2	-0.242
72.530	1.949E-2	-0.243
72.564	9.298E-3	-0.244
72.597	-1.466E-3	-0.244
72.630	-1.221E-2	-0.243
72.664	-2.210E-2	-0.242
72.697	-3.099E-2	-0.241
72.731	-3.821E-2	-0.240
72.764	-4.372E-2	-0.239
72.797	-4.727E-2	-0.238
72.831	-4.849E-2	-0.238
72.864	-4.771E-2	-0.238
72.897	-4.446E-2	-0.239
72.931	-3.898E-2	-0.240
72.964	-3.180E-2	-0.241
72.997	-2.303E-2	-0.242
73.031	-1.338E-2	-0.243
73.064	-2.798E-3	-0.244
73.097	8.047E-3	-0.244
73.131	1.826E-2	-0.243
73.164	2.772E-2	-0.242
73.198	3.573E-2	-0.241
73.231	4.231E-2	-0.240
73.264	4.695E-2	-0.239
73.298	4.968E-2	-0.239
73.331	4.986E-2	-0.239
73.364	4.790E-2	-0.239
73.398	4.375E-2	-0.240
73.431	3.762E-2	-0.241
73.464	2.969E-2	-0.242
73.498	2.022E-2	-0.243
73.531	1.012E-2	-0.243
73.565	-6.543E-4	-0.243
73.598	-1.093E-2	-0.243
73.631	-2.086E-2	-0.242
73.665	-2.976E-2	-0.241
73.698	-3.709E-2	-0.240
73.731	-4.300E-2	-0.239
73.765	-4.657E-2	-0.239
73.798	-4.791E-2	-0.239
73.831	-4.725E-2	-0.239
73.865	-4.445E-2	-0.239
73.898	-3.916E-2	-0.240
73.932	-3.236E-2	-0.241
73.965	-2.412E-2	-0.242
73.998	-1.449E-2	-0.243
74.032	-4.020E-3	-0.244
74.065	6.752E-3	-0.244
74.098	1.696E-2	-0.243
74.132	2.616E-2	-0.242
74.165	3.487E-2	-0.241
74.198	4.170E-2	-0.240
74.232	4.644E-2	-0.239
74.265	4.912E-2	-0.239
74.299	4.970E-2	-0.239
74.332	4.791E-2	-0.239
74.365	4.424E-2	-0.240
74.399	3.838E-2	-0.241
74.432	3.083E-2	-0.242
74.465	2.161E-2	-0.243
74.499	1.145E-2	-0.243
74.532	1.172E-3	-0.244
74.565	-9.472E-3	-0.243
74.599	-1.901E-2	-0.243
74.632	-2.825E-2	-0.242
74.666	-3.581E-2	-0.241
74.699	-4.175E-2	-0.240
74.732	-4.575E-2	-0.239
74.766	-4.772E-2	-0.239
74.799	-4.715E-2	-0.239
74.832	-4.453E-2	-0.240
74.866	-3.971E-2	-0.240
74.899	-3.305E-2	-0.241
74.932	-2.484E-2	-0.242
74.966	-1.549E-2	-0.243
74.999	-5.396E-3	-0.244
75.033	5.382E-3	-0.244
75.066	1.599E-2	-0.243
75.099	2.550E-2	-0.242
75.133	3.371E-2	-0.241
75.166	4.086E-2	-0.240
75.199	4.576E-2	-0.240
75.233	4.894E-2	-0.239
75.266	4.975E-2	-0.239
75.299	4.833E-2	-0.239
75.333	4.452E-2	-0.240
75.366	3.901E-2	-0.241
75.400	3.165E-2	-0.242
75.433	2.287E-2	-0.243
75.466	1.275E-2	-0.243
75.500	2.158E-3	-0.243
75.533	-8.216E-3	-0.243
75.566	-1.828E-2	-0.243
75.600	-2.747E-2	-0.242
75.633	-3.506E-2	-0.241
75.666	-4.107E-2	-0.240
75.700	-4.521E-2	-0.239
75.733	-4.720E-2	-0.238
75.767	-4.713E-2	-0.238
75.800	-4.459E-2	-0.239
75.833	-3.986E-2	-0.240
75.867	-3.314E-2	-0.241
75.900	-2.554E-2	-0.242
75.933	-1.616E-2	-0.243
75.967	-6.159E-3	-0.243
76.000	4.663E-3	-0.244
76.033	1.476E-2	-0.243
76.067	2.433E-2	-0.242
76.100	3.296E-2	-0.241
76.133	3.981E-2	-0.240
76.167	4.506E-2	-0.239
76.200	4.829E-2	-0.239
76.234	4.918E-2	-0.239
76.267	4.790E-2	-0.239
76.300	4.478E-2	-0.239
76.334	3.923E-2	-0.240
76.367	3.203E-2	-0.241
76.400	2.321E-2	-0.242
76.434	1.323E-2	-0.243
76.467	2.918E-3	-0.243
76.500	-7.615E-3	-0.243
76.534	-1.737E-2	-0.243
76.567	-2.648E-2	-0.242
76.601	-3.428E-2	-0.241
76.634	-4.061E-2	-0.240
76.667	-4.480E-2	-0.239
76.701	-4.718E-2	-0.238
76.734	-4.714E-2	-0.239
76.767	-4.497E-2	-0.239
76.801	-4.049E-2	-0.240
76.834	-3.426E-2	-0.241
76.867	-2.631E-2	-0.242
76.901	-1.704E-2	-0.243
76.934	-7.384E-3	-0.243
76.968	3.285E-3	-0.243
77.001	1.350E-2	-0.243
77.034	2.337E-2	-0.242
77.068	3.214E-2	-0.242
77.101	3.899E-2	-0.240
77.134	4.445E-2	-0.240
77.168	4.775E-2	-0.239
77.201	4.898E-2	-0.239
77.234	4.788E-2	-0.239
77.268	4.490E-2	-0.240
77.301	3.963E-2	-0.240
77.335	3.240E-2	-0.241
77.368	2.368E-2	-0.242
77.401	1.408E-2	-0.243
77.435	4.012E-3	-0.244
77.468	-6.734E-3	-0.243
77.501	-1.675E-2	-0.243
77.535	-2.559E-2	-0.242
77.568	-3.359E-2	-0.241
77.601	-3.980E-2	-0.240
77.635	-4.442E-2	-0.239
77.668	-4.658E-2	-0.239
77.702	-4.697E-2	-0.239
77.735	-4.496E-2	-0.239
77.768	-4.102E-2	-0.240
77.802	-3.496E-2	-0.241
77.835	-2.708E-2	-0.242
77.868	-1.805E-2	-0.243
77.902	-8.158E-3	-0.243
77.935	2.130E-3	-0.243
77.968	1.223E-2	-0.243
78.002	2.166E-2	-0.242
78.035	3.077E-2	-0.242
78.069	3.775E-2	-0.240
78.102	4.351E-2	-0.240
78.135	4.705E-2	-0.239
78.169	4.841E-2	-0.239
78.202	4.768E-2	-0.239
78.235	4.495E-2	-0.240
78.269	3.978E-2	-0.240
78.302	3.298E-2	-0.242
78.335	2.437E-2	-0.242
78.369	1.482E-2	-0.243
78.402	4.618E-3	-0.244
78.436	-5.486E-3	-0.244
78.469	-1.551E-2	-0.243
78.502	-2.496E-2	-0.242
78.536	-3.286E-2	-0.241
78.569	-3.908E-2	-0.240
78.602	-4.381E-2	-0.239
78.636	-4.643E-2	-0.239
78.669	-4.697E-2	-0.238
78.702	-4.511E-2	-0.239
78.736	-4.114E-2	-0.240
78.769	-3.554E-2	-0.240
78.803	-2.775E-2	-0.242
78.836	-1.896E-2	-0.243
78.869	-9.355E-3	-0.243
78.903	7.419E-4	-0.243
78.936	1.140E-2	-0.243
78.969	2.083E-2	-0.242
79.003	2.969E-2	-0.242
79.036	3.711E-2	-0.240
79.069	4.294E-2	-0.240
79.103	4.644E-2	-0.239
79.136	4.788E-2	-0.239
79.169	4.763E-2	-0.239
79.203	4.447E-2	-0.239
79.236	3.973E-2	-0.240
79.270	3.354E-2	-0.241
79.303	2.551E-2	-0.242
79.336	1.617E-2	-0.243
79.370	5.995E-3	-0.243
79.403	-4.630E-3	-0.243
79.436	-1.426E-2	-0.243
79.470	-2.346E-2	-0.242
79.503	-3.168E-2	-0.241
79.536	-3.829E-2	-0.240
79.570	-4.305E-2	-0.240
79.603	-4.587E-2	-0.239
79.637	-4.646E-2	-0.239
79.670	-4.498E-2	-0.239
79.703	-4.160E-2	-0.240
79.737	-3.625E-2	-0.240
79.770	-2.880E-2	-0.242
79.803	-2.016E-2	-0.242
79.837	-1.068E-2	-0.243
79.870	-6.281E-4	-0.243
79.903	9.430E-3	-0.243
79.937	1.937E-2	-0.243
79.970	2.838E-2	-0.242
80.004	3.625E-2	-0.241
80.037	4.171E-2	-0.240
80.070	4.566E-2	-0.239
80.104	4.771E-2	-0.239
80.137	4.759E-2	-0.239
80.170	4.509E-2	-0.239
80.204	4.040E-2	-0.240
80.237	3.416E-2	-0.241
80.270	2.623E-2	-0.242
80.304	1.686E-2	-0.243
80.337	6.826E-3	-0.243
80.371	-3.256E-3	-0.243
80.404	-1.340E-2	-0.243
80.437	-2.281E-2	-0.242
80.471	-3.089E-2	-0.241
80.504	-3.770E-2	-0.240
80.537	-4.252E-2	-0.239
80.571	-4.536E-2	-0.239
80.604	-4.646E-2	-0.239
80.637	-4.508E-2	-0.239
80.671	-4.173E-2	-0.240
80.704	-3.642E-2	-0.240
80.738	-2.904E-2	-0.242
80.771	-2.089E-2	-0.243
80.804	-1.149E-2	-0.243
80.838	-1.292E-3	-0.244
80.871	8.862E-3	-0.243
80.904	1.876E-2	-0.243
80.938	2.759E-2	-0.242
80.971	3.498E-2	-0.241
81.004	4.109E-2	-0.240
81.038	4.516E-2	-0.239
81.071	4.719E-2	-0.239
81.105	4.714E-2	-0.239
81.138	4.495E-2	-0.239
81.171	4.042E-2	-0.240
81.205	3.439E-2	-0.241
81.238	2.680E-2	-0.242
81.271	1.757E-2	-0.243
81.305	7.502E-3	-0.243
81.338	-2.712E-3	-0.243
81.371	-1.225E-2	-0.243
81.405	-2.166E-2	-0.242
81.438	-3.024E-2	-0.241
81.472	-3.695E-2	-0.240
81.505	-4.185E-2	-0.239
81.538	-4.517E-2	-0.239
81.572	-4.637E-2	-0.239
81.605	-4.521E-2	-0.239
81.638	-4.184E-2	-0.239
81.672	-3.697E-2	-0.240
81.705	-3.007E-2	-0.241
81.738	-2.162E-2	-0.242
81.772	-1.223E-2	-0.243
81.805	-2.557E-3	-0.243
81.839	7.942E-3	-0.243
81.872	1.758E-2	-0.243
81.905	2.681E-2	-0.242
81.939	3.444E-2	-0.241
81.972	4.042E-2	-0.240
82.005	4.496E-2	-0.239
82.039	4.715E-2	-0.239
82.072	4.718E-2	-0.239
82.105	4.518E-2	-0.239
82.139	4.102E-2	-0.240
82.172	3.501E-2	-0.241
82.205	2.764E-2	-0.242
82.239	1.877E-2	-0.243
82.272	9.325E-3	-0.243
82.306	-1.266E-3	-0.243
82.339	-1.130E-2	-0.243
82.372	-2.024E-2	-0.242
82.406	-2.885E-2	-0.241
82.439	-3.576E-2	-0.240
82.472	-4.110E-2	-0.240
82.506	-4.450E-2	-0.239
82.539	-4.580E-2	-0.239
82.572	-4.502E-2	-0.239
82.606	-4.234E-2	-0.239
82.639	-3.710E-2	-0.240
82.673	-3.036E-2	-0.241
82.706	-2.208E-2	-0.242
82.739	-1.332E-2	-0.243
82.773	-3.303E-3	-0.243
82.806	6.765E-3	-0.243
82.839	1.626E-2	-0.243
82.873	2.547E-2	-0.242
82.906	3.351E-2	-0.241
82.939	3.975E-2	-0.240
82.973	4.431E-2	-0.240
83.006	4.650E-2	-0.239
83.040	4.695E-2	-0.239
83.073	4.506E-2	-0.239
83.106	4.163E-2	-0.240
83.140	3.570E-2	-0.241
83.173	2.830E-2	-0.242
83.206	1.955E-2	-0.243
83.240	9.958E-3	-0.244
83.273	4.853E-4	-0.244
83.306	-1.005E-2	-0.244
83.340	-1.966E-2	-0.243
83.373	-2.817E-2	-0.242
83.407	-3.450E-2	-0.241
83.440	-4.035E-2	-0.240
83.473	-4.374E-2	-0.239
83.507	-4.503E-2	-0.239
83.540	-4.428E-2	-0.239
