	mass A		
t	x	y	
2.269	-2.694E-2	-0.107
2.302	-2.616E-2	-0.107
2.335	-2.377E-2	-0.107
2.369	-1.947E-2	-0.108
2.402	-1.341E-2	-0.109
2.435	-6.099E-3	-0.110
2.469	1.255E-3	-0.110
2.502	8.607E-3	-0.110
2.536	1.519E-2	-0.109
2.569	2.009E-2	-0.108
2.602	2.305E-2	-0.108
2.636	2.439E-2	-0.108
2.669	2.291E-2	-0.108
2.702	1.907E-2	-0.109
2.736	1.331E-2	-0.110
2.769	6.026E-3	-0.111
2.802	-2.031E-3	-0.111
2.836	-9.289E-3	-0.110
2.869	-1.601E-2	-0.109
2.903	-2.086E-2	-0.108
2.936	-2.413E-2	-0.107
2.969	-2.459E-2	-0.107
3.003	-2.287E-2	-0.108
3.036	-1.904E-2	-0.109
3.069	-1.325E-2	-0.110
3.103	-5.917E-3	-0.111
3.136	1.834E-3	-0.111
3.169	9.366E-3	-0.111
3.203	1.574E-2	-0.110
3.236	2.056E-2	-0.109
3.270	2.339E-2	-0.108
3.303	2.384E-2	-0.108
3.336	2.199E-2	-0.108
3.370	1.820E-2	-0.109
3.403	1.241E-2	-0.110
3.436	5.174E-3	-0.111
3.470	-2.527E-3	-0.111
3.503	-1.011E-2	-0.110
3.536	-1.641E-2	-0.109
3.570	-2.100E-2	-0.108
3.603	-2.425E-2	-0.107
3.636	-2.449E-2	-0.107
3.670	-2.231E-2	-0.108
3.703	-1.840E-2	-0.109
3.737	-1.266E-2	-0.110
3.770	-5.489E-3	-0.111
3.803	2.213E-3	-0.111
3.837	9.545E-3	-0.110
3.870	1.582E-2	-0.110
3.903	2.056E-2	-0.109
3.937	2.340E-2	-0.108
3.970	2.373E-2	-0.108
4.003	2.168E-2	-0.108
4.037	1.760E-2	-0.109
4.070	1.186E-2	-0.110
4.104	4.950E-3	-0.111
4.137	-2.975E-3	-0.111
4.170	-1.025E-2	-0.110
4.204	-1.654E-2	-0.109
4.237	-2.122E-2	-0.108
4.270	-2.426E-2	-0.107
4.304	-2.462E-2	-0.107
4.337	-2.240E-2	-0.108
4.370	-1.806E-2	-0.109
4.404	-1.228E-2	-0.110
4.437	-5.043E-3	-0.111
4.471	2.408E-3	-0.111
4.504	9.893E-3	-0.110
4.537	1.620E-2	-0.109
4.571	2.060E-2	-0.109
4.604	2.305E-2	-0.108
4.637	2.347E-2	-0.108
4.671	2.144E-2	-0.109
4.704	1.725E-2	-0.109
4.737	1.141E-2	-0.110
4.771	4.539E-3	-0.111
4.804	-3.069E-3	-0.111
4.838	-1.063E-2	-0.110
4.871	-1.677E-2	-0.109
4.904	-2.099E-2	-0.108
4.938	-2.338E-2	-0.108
4.971	-2.379E-2	-0.108
5.004	-2.174E-2	-0.108
5.038	-1.737E-2	-0.109
5.071	-1.159E-2	-0.110
5.104	-4.909E-3	-0.111
5.138	2.666E-3	-0.111
5.171	9.994E-3	-0.110
5.205	1.624E-2	-0.109
5.238	2.047E-2	-0.109
5.271	2.289E-2	-0.108
5.305	2.303E-2	-0.108
5.338	2.106E-2	-0.109
5.371	1.666E-2	-0.110
5.405	1.095E-2	-0.110
5.438	4.106E-3	-0.111
5.471	-3.446E-3	-0.111
5.505	-1.112E-2	-0.110
5.538	-1.708E-2	-0.109
5.572	-2.135E-2	-0.108
5.605	-2.330E-2	-0.108
5.638	-2.345E-2	-0.108
5.672	-2.143E-2	-0.108
5.705	-1.699E-2	-0.109
5.738	-1.106E-2	-0.110
5.772	-4.008E-3	-0.111
5.805	3.249E-3	-0.111
5.838	1.040E-2	-0.110
5.872	1.655E-2	-0.110
5.905	2.063E-2	-0.109
5.938	2.273E-2	-0.108
5.972	2.280E-2	-0.108
6.005	2.069E-2	-0.109
6.039	1.633E-2	-0.110
6.072	1.025E-2	-0.110
6.105	3.054E-3	-0.111
6.139	-4.123E-3	-0.111
6.172	-1.129E-2	-0.110
6.205	-1.736E-2	-0.109
6.239	-2.155E-2	-0.108
6.272	-2.347E-2	-0.108
6.305	-2.335E-2	-0.108
6.339	-2.118E-2	-0.108
6.372	-1.689E-2	-0.109
6.406	-1.074E-2	-0.110
6.439	-3.907E-3	-0.111
6.472	3.674E-3	-0.111
6.506	1.047E-2	-0.110
6.539	1.648E-2	-0.109
6.572	2.055E-2	-0.109
6.606	2.253E-2	-0.108
6.639	2.232E-2	-0.108
6.672	2.012E-2	-0.109
6.706	1.582E-2	-0.110
6.739	9.767E-3	-0.110
6.773	2.619E-3	-0.111
6.806	-4.903E-3	-0.111
6.839	-1.156E-2	-0.110
6.873	-1.745E-2	-0.109
6.906	-2.171E-2	-0.108
6.939	-2.372E-2	-0.108
6.973	-2.330E-2	-0.108
7.006	-2.105E-2	-0.108
7.039	-1.670E-2	-0.109
7.073	-1.061E-2	-0.110
7.106	-3.335E-3	-0.111
7.140	3.920E-3	-0.111
7.173	1.059E-2	-0.110
7.206	1.652E-2	-0.109
7.240	2.062E-2	-0.109
7.273	2.254E-2	-0.108
7.306	2.210E-2	-0.108
7.340	1.958E-2	-0.109
7.373	1.525E-2	-0.110
7.406	9.371E-3	-0.110
7.440	2.272E-3	-0.111
7.473	-5.281E-3	-0.111
7.507	-1.208E-2	-0.110
7.540	-1.735E-2	-0.109
7.573	-2.142E-2	-0.108
7.607	-2.339E-2	-0.108
7.640	-2.305E-2	-0.108
7.673	-2.056E-2	-0.108
7.707	-1.616E-2	-0.109
7.740	-1.003E-2	-0.110
7.773	-2.951E-3	-0.111
7.807	4.399E-3	-0.111
7.840	1.114E-2	-0.110
7.874	1.656E-2	-0.109
7.907	2.040E-2	-0.109
7.940	2.231E-2	-0.108
7.974	2.190E-2	-0.108
8.007	1.928E-2	-0.109
8.040	1.483E-2	-0.110
8.074	8.774E-3	-0.110
8.107	1.878E-3	-0.111
8.140	-5.464E-3	-0.111
8.174	-1.212E-2	-0.110
8.207	-1.752E-2	-0.109
8.240	-2.141E-2	-0.108
8.274	-2.332E-2	-0.108
8.307	-2.280E-2	-0.108
8.341	-1.989E-2	-0.109
8.374	-1.553E-2	-0.109
8.407	-9.692E-3	-0.110
8.441	-2.627E-3	-0.111
8.474	5.029E-3	-0.111
8.507	1.179E-2	-0.110
8.541	1.706E-2	-0.109
8.574	2.045E-2	-0.109
8.607	2.230E-2	-0.108
8.641	2.188E-2	-0.108
8.674	1.912E-2	-0.109
8.708	1.439E-2	-0.110
8.741	8.412E-3	-0.110
8.774	1.544E-3	-0.111
8.808	-5.588E-3	-0.111
8.841	-1.243E-2	-0.110
8.874	-1.753E-2	-0.109
8.908	-2.125E-2	-0.108
8.941	-2.315E-2	-0.108
8.974	-2.277E-2	-0.108
9.008	-1.950E-2	-0.109
9.041	-1.470E-2	-0.110
9.075	-9.197E-3	-0.110
9.108	-2.278E-3	-0.111
9.141	5.089E-3	-0.111
9.175	1.178E-2	-0.110
9.208	1.712E-2	-0.109
9.241	2.052E-2	-0.109
9.275	2.203E-2	-0.108
9.308	2.152E-2	-0.108
9.341	1.869E-2	-0.109
9.375	1.391E-2	-0.110
9.408	7.643E-3	-0.111
9.442	8.680E-4	-0.111
9.475	-6.014E-3	-0.111
9.508	-1.228E-2	-0.110
9.542	-1.758E-2	-0.109
9.575	-2.134E-2	-0.108
9.608	-2.279E-2	-0.108
9.642	-2.186E-2	-0.108
9.675	-1.932E-2	-0.109
9.708	-1.423E-2	-0.110
9.742	-8.299E-3	-0.110
9.775	-1.504E-3	-0.111
9.809	5.578E-3	-0.111
9.842	1.191E-2	-0.110
9.875	1.720E-2	-0.109
9.909	2.057E-2	-0.109
9.942	2.190E-2	-0.108
9.975	2.103E-2	-0.109
10.009	1.821E-2	-0.109
10.042	1.368E-2	-0.110
10.075	7.508E-3	-0.111
10.109	1.740E-4	-0.111
10.142	-6.466E-3	-0.111
10.176	-1.325E-2	-0.110
10.209	-1.856E-2	-0.109
10.242	-2.158E-2	-0.109
10.276	-2.294E-2	-0.108
10.309	-2.236E-2	-0.108
10.342	-1.908E-2	-0.109
10.376	-1.417E-2	-0.110
10.409	-8.319E-3	-0.111
10.442	-1.286E-3	-0.111
10.476	5.559E-3	-0.111
10.509	1.183E-2	-0.111
10.542	1.668E-2	-0.110
10.576	2.004E-2	-0.109
10.609	2.113E-2	-0.109
10.643	2.013E-2	-0.109
10.676	1.731E-2	-0.110
10.709	1.252E-2	-0.111
10.743	6.481E-3	-0.111
10.776	-9.535E-4	-0.111
10.809	-7.713E-3	-0.111
10.843	-1.367E-2	-0.110
10.876	-1.879E-2	-0.109
10.909	-2.180E-2	-0.109
10.943	-2.311E-2	-0.108
10.976	-2.182E-2	-0.109
11.010	-1.886E-2	-0.109
11.043	-1.388E-2	-0.110
11.076	-7.927E-3	-0.111
11.110	-9.891E-4	-0.111
11.143	6.005E-3	-0.111
11.176	1.208E-2	-0.111
11.210	1.680E-2	-0.110
11.243	2.004E-2	-0.109
11.276	2.105E-2	-0.109
11.310	1.995E-2	-0.109
11.343	1.668E-2	-0.110
11.377	1.197E-2	-0.111
11.410	5.738E-3	-0.111
11.443	-1.301E-3	-0.111
11.477	-8.011E-3	-0.111
11.510	-1.376E-2	-0.110
11.543	-1.870E-2	-0.109
11.577	-2.152E-2	-0.109
11.610	-2.290E-2	-0.108
11.643	-2.147E-2	-0.109
11.677	-1.824E-2	-0.109
11.710	-1.331E-2	-0.110
11.744	-7.474E-3	-0.111
11.777	-3.583E-4	-0.111
11.810	6.481E-3	-0.111
11.844	1.232E-2	-0.110
11.877	1.696E-2	-0.110
11.910	1.993E-2	-0.109
11.944	2.081E-2	-0.109
11.977	1.948E-2	-0.109
12.010	1.613E-2	-0.110
12.044	1.123E-2	-0.111
12.077	5.049E-3	-0.111
12.111	-1.719E-3	-0.111
12.144	-8.514E-3	-0.111
12.177	-1.423E-2	-0.110
12.211	-1.901E-2	-0.109
12.244	-2.156E-2	-0.109
12.277	-2.273E-2	-0.108
12.311	-2.124E-2	-0.109
12.344	-1.798E-2	-0.109
12.377	-1.283E-2	-0.110
12.411	-6.286E-3	-0.111
12.444	4.090E-4	-0.111
12.478	7.076E-3	-0.111
12.511	1.281E-2	-0.110
12.544	1.722E-2	-0.110
12.578	1.978E-2	-0.109
12.611	2.055E-2	-0.109
12.644	1.919E-2	-0.109
12.678	1.577E-2	-0.110
12.711	1.059E-2	-0.111
12.744	4.641E-3	-0.111
12.778	-2.025E-3	-0.111
12.811	-8.783E-3	-0.111
12.844	-1.429E-2	-0.110
12.878	-1.903E-2	-0.109
12.911	-2.136E-2	-0.109
12.945	-2.183E-2	-0.109
12.978	-2.081E-2	-0.109
13.011	-1.697E-2	-0.110
13.045	-1.216E-2	-0.110
13.078	-5.501E-3	-0.111
13.111	8.682E-4	-0.111
13.145	7.358E-3	-0.111
13.178	1.308E-2	-0.110
13.211	1.745E-2	-0.109
13.245	1.986E-2	-0.109
13.278	2.031E-2	-0.109
13.312	1.888E-2	-0.109
13.345	1.546E-2	-0.110
13.378	1.023E-2	-0.111
13.412	4.029E-3	-0.111
13.445	-2.722E-3	-0.111
13.478	-9.366E-3	-0.111
13.512	-1.525E-2	-0.110
13.545	-1.908E-2	-0.109
13.578	-2.144E-2	-0.109
13.612	-2.151E-2	-0.109
13.645	-2.052E-2	-0.109
13.679	-1.666E-2	-0.110
13.712	-1.181E-2	-0.110
13.745	-5.136E-3	-0.111
13.779	1.515E-3	-0.111
13.812	7.787E-3	-0.111
13.845	1.324E-2	-0.110
13.879	1.753E-2	-0.110
13.912	1.984E-2	-0.109
13.945	2.002E-2	-0.109
13.979	1.840E-2	-0.109
14.012	1.468E-2	-0.110
14.046	9.403E-3	-0.111
14.079	3.104E-3	-0.111
14.112	-3.275E-3	-0.111
14.146	-9.888E-3	-0.111
14.179	-1.562E-2	-0.110
14.212	-1.911E-2	-0.109
14.246	-2.146E-2	-0.109
14.279	-2.155E-2	-0.109
14.312	-1.947E-2	-0.109
14.346	-1.623E-2	-0.110
14.379	-1.082E-2	-0.111
14.413	-4.624E-3	-0.111
14.446	2.042E-3	-0.111
14.479	8.199E-3	-0.111
14.513	1.367E-2	-0.110
14.546	1.758E-2	-0.110
14.579	1.963E-2	-0.109
14.613	1.982E-2	-0.109
14.646	1.797E-2	-0.110
14.679	1.419E-2	-0.110
14.713	8.944E-3	-0.111
14.746	2.644E-3	-0.111
14.780	-3.860E-3	-0.111
14.813	-1.021E-2	-0.111
14.846	-1.569E-2	-0.110
14.880	-1.918E-2	-0.109
14.913	-2.122E-2	-0.109
14.946	-2.137E-2	-0.109
14.980	-1.941E-2	-0.109
15.013	-1.572E-2	-0.110
15.046	-1.019E-2	-0.111
15.080	-4.121E-3	-0.111
15.113	2.474E-3	-0.111
15.146	8.466E-3	-0.111
15.180	1.379E-2	-0.110
15.213	1.761E-2	-0.110
15.247	1.955E-2	-0.109
15.280	1.957E-2	-0.109
15.313	1.761E-2	-0.110
15.347	1.371E-2	-0.110
15.380	8.386E-3	-0.111
15.413	2.153E-3	-0.111
15.447	-4.238E-3	-0.111
15.480	-1.040E-2	-0.111
15.513	-1.579E-2	-0.110
15.547	-1.914E-2	-0.109
15.580	-2.123E-2	-0.109
15.614	-2.111E-2	-0.109
15.647	-1.898E-2	-0.109
15.680	-1.527E-2	-0.110
15.714	-9.673E-3	-0.111
15.747	-3.608E-3	-0.111
15.780	2.968E-3	-0.111
15.814	9.106E-3	-0.111
15.847	1.416E-2	-0.110
15.880	1.777E-2	-0.110
15.914	1.943E-2	-0.109
15.947	1.932E-2	-0.109
15.981	1.710E-2	-0.110
16.014	1.311E-2	-0.110
16.047	7.811E-3	-0.111
16.081	1.678E-3	-0.111
16.114	-4.693E-3	-0.111
16.147	-1.053E-2	-0.111
16.181	-1.614E-2	-0.110
16.214	-1.910E-2	-0.109
16.247	-2.109E-2	-0.109
16.281	-2.093E-2	-0.109
16.314	-1.862E-2	-0.109
16.348	-1.420E-2	-0.110
16.381	-9.351E-3	-0.111
16.414	-3.085E-3	-0.111
16.448	3.516E-3	-0.111
16.481	9.292E-3	-0.111
16.514	1.450E-2	-0.110
16.548	1.788E-2	-0.110
16.581	1.945E-2	-0.109
16.614	1.901E-2	-0.109
16.648	1.677E-2	-0.110
16.681	1.268E-2	-0.110
16.715	7.365E-3	-0.111
16.748	1.163E-3	-0.111
16.781	-5.142E-3	-0.111
16.815	-1.094E-2	-0.111
16.848	-1.618E-2	-0.110
16.881	-1.918E-2	-0.109
16.915	-2.093E-2	-0.109
16.948	-2.056E-2	-0.109
16.981	-1.842E-2	-0.109
17.015	-1.374E-2	-0.110
17.048	-8.732E-3	-0.111
17.082	-2.312E-3	-0.111
17.115	4.029E-3	-0.111
17.148	9.779E-3	-0.111
17.182	1.455E-2	-0.110
17.215	1.795E-2	-0.110
17.248	1.941E-2	-0.109
17.282	1.886E-2	-0.109
17.315	1.650E-2	-0.110
17.348	1.223E-2	-0.110
17.382	6.895E-3	-0.111
17.415	6.440E-4	-0.111
17.448	-5.540E-3	-0.111
17.482	-1.132E-2	-0.111
17.515	-1.622E-2	-0.110
17.549	-1.917E-2	-0.109
17.582	-2.094E-2	-0.109
17.615	-2.050E-2	-0.109
17.649	-1.803E-2	-0.109
17.682	-1.337E-2	-0.110
17.715	-8.106E-3	-0.111
17.749	-1.814E-3	-0.111
17.782	4.556E-3	-0.111
17.815	1.022E-2	-0.111
17.849	1.471E-2	-0.110
17.882	1.775E-2	-0.109
17.916	1.900E-2	-0.109
17.949	1.837E-2	-0.109
17.982	1.586E-2	-0.110
18.016	1.166E-2	-0.110
18.049	6.037E-3	-0.111
18.082	8.877E-5	-0.111
18.116	-6.467E-3	-0.111
18.149	-1.223E-2	-0.110
18.182	-1.706E-2	-0.109
18.216	-1.997E-2	-0.109
18.249	-2.096E-2	-0.109
18.283	-2.032E-2	-0.109
18.316	-1.764E-2	-0.109
18.349	-1.323E-2	-0.110
18.383	-7.625E-3	-0.111
18.416	-1.312E-3	-0.111
18.449	5.048E-3	-0.111
18.483	1.043E-2	-0.111
18.516	1.470E-2	-0.110
18.549	1.760E-2	-0.109
18.583	1.874E-2	-0.109
18.616	1.776E-2	-0.109
18.650	1.501E-2	-0.110
18.683	1.071E-2	-0.110
18.716	5.309E-3	-0.111
18.750	-7.963E-4	-0.111
18.783	-7.074E-3	-0.111
18.816	-1.246E-2	-0.110
18.850	-1.722E-2	-0.109
18.883	-2.005E-2	-0.109
18.916	-2.109E-2	-0.108
18.950	-1.996E-2	-0.109
18.983	-1.726E-2	-0.109
19.017	-1.270E-2	-0.110
19.050	-7.020E-3	-0.111
19.083	-7.754E-4	-0.111
19.117	5.081E-3	-0.111
19.150	1.064E-2	-0.110
19.183	1.501E-2	-0.110
19.217	1.761E-2	-0.109
19.250	1.853E-2	-0.109
19.283	1.748E-2	-0.109
19.317	1.461E-2	-0.110
19.350	1.017E-2	-0.110
19.384	4.509E-3	-0.111
19.417	-1.329E-3	-0.111
19.450	-7.518E-3	-0.111
19.484	-1.281E-2	-0.110
19.517	-1.726E-2	-0.109
19.550	-1.998E-2	-0.109
19.584	-2.053E-2	-0.109
19.617	-1.956E-2	-0.109
19.650	-1.669E-2	-0.109
19.684	-1.194E-2	-0.110
19.717	-6.470E-3	-0.111
19.750	-2.509E-4	-0.111
19.784	5.890E-3	-0.111
19.817	1.120E-2	-0.110
19.851	1.521E-2	-0.110
19.884	1.761E-2	-0.109
19.917	1.841E-2	-0.109
19.951	1.708E-2	-0.109
19.984	1.406E-2	-0.110
20.017	9.390E-3	-0.110
20.051	3.647E-3	-0.111
20.084	-2.351E-3	-0.111
20.117	-8.452E-3	-0.110
20.151	-1.341E-2	-0.110
20.184	-1.754E-2	-0.109
20.218	-2.000E-2	-0.109
20.251	-2.046E-2	-0.109
20.284	-1.945E-2	-0.109
20.318	-1.625E-2	-0.109
20.351	-1.141E-2	-0.110
20.384	-5.704E-3	-0.111
20.418	2.607E-4	-0.111
20.451	6.390E-3	-0.111
20.484	1.136E-2	-0.110
20.518	1.546E-2	-0.110
20.551	1.777E-2	-0.109
20.585	1.809E-2	-0.109
20.618	1.673E-2	-0.109
20.651	1.358E-2	-0.110
20.685	9.123E-3	-0.111
20.718	3.532E-3	-0.111
20.751	-2.634E-3	-0.111
20.785	-8.575E-3	-0.111
20.818	-1.367E-2	-0.110
20.851	-1.722E-2	-0.110
20.885	-1.951E-2	-0.109
20.918	-2.042E-2	-0.109
20.952	-1.868E-2	-0.109
20.985	-1.550E-2	-0.110
21.018	-1.089E-2	-0.110
21.052	-4.866E-3	-0.111
21.085	1.074E-3	-0.111
21.118	6.840E-3	-0.111
21.152	1.197E-2	-0.110
21.185	1.558E-2	-0.110
21.218	1.761E-2	-0.109
21.252	1.795E-2	-0.109
21.285	1.647E-2	-0.110
21.319	1.319E-2	-0.110
21.352	8.386E-3	-0.111
21.385	2.639E-3	-0.111
21.419	-3.165E-3	-0.111
21.452	-8.963E-3	-0.111
21.485	-1.388E-2	-0.110
21.519	-1.783E-2	-0.109
21.552	-1.998E-2	-0.109
21.585	-2.010E-2	-0.109
21.619	-1.839E-2	-0.109
21.652	-1.489E-2	-0.110
21.686	-1.038E-2	-0.110
21.719	-4.725E-3	-0.111
21.752	1.652E-3	-0.111
21.786	7.323E-3	-0.111
21.819	1.220E-2	-0.110
21.852	1.578E-2	-0.110
21.886	1.759E-2	-0.109
21.919	1.761E-2	-0.109
21.952	1.603E-2	-0.110
21.986	1.253E-2	-0.110
22.019	7.763E-3	-0.111
22.052	2.090E-3	-0.111
22.086	-3.745E-3	-0.111
22.119	-9.469E-3	-0.111
22.153	-1.402E-2	-0.110
22.186	-1.805E-2	-0.109
22.219	-1.934E-2	-0.109
22.253	-1.927E-2	-0.109
22.286	-1.742E-2	-0.110
22.319	-1.391E-2	-0.110
22.353	-9.251E-3	-0.111
22.386	-3.288E-3	-0.111
22.419	2.500E-3	-0.111
22.453	7.957E-3	-0.111
22.486	1.258E-2	-0.110
22.520	1.604E-2	-0.110
22.553	1.764E-2	-0.109
22.586	1.752E-2	-0.109
22.620	1.563E-2	-0.110
22.653	1.209E-2	-0.110
22.686	7.295E-3	-0.111
22.720	1.700E-3	-0.111
22.753	-4.139E-3	-0.111
22.786	-9.821E-3	-0.111
22.820	-1.423E-2	-0.110
22.853	-1.815E-2	-0.109
22.887	-1.917E-2	-0.109
22.920	-1.900E-2	-0.109
22.953	-1.708E-2	-0.110
22.987	-1.368E-2	-0.110
23.020	-8.613E-3	-0.111
23.053	-2.812E-3	-0.111
23.087	3.001E-3	-0.111
23.120	8.322E-3	-0.111
23.153	1.277E-2	-0.110
23.187	1.601E-2	-0.110
23.220	1.752E-2	-0.109
23.254	1.706E-2	-0.109
23.287	1.505E-2	-0.110
23.320	1.161E-2	-0.110
23.354	6.565E-3	-0.111
23.387	1.129E-3	-0.111
23.420	-4.621E-3	-0.111
23.454	-9.977E-3	-0.111
23.487	-1.435E-2	-0.110
23.520	-1.811E-2	-0.109
23.554	-1.914E-2	-0.109
23.587	-1.877E-2	-0.109
23.621	-1.657E-2	-0.110
23.654	-1.304E-2	-0.110
23.687	-8.133E-3	-0.111
23.721	-2.317E-3	-0.111
23.754	3.536E-3	-0.111
23.787	8.830E-3	-0.111
23.821	1.320E-2	-0.110
23.854	1.609E-2	-0.110
23.887	1.746E-2	-0.109
23.921	1.705E-2	-0.110
23.954	1.465E-2	-0.110
23.988	1.114E-2	-0.110
24.021	6.030E-3	-0.111
24.054	4.511E-4	-0.111
24.088	-5.179E-3	-0.111
24.121	-1.039E-2	-0.111
24.154	-1.435E-2	-0.110
24.188	-1.724E-2	-0.110
24.221	-1.904E-2	-0.109
24.254	-1.865E-2	-0.109
24.288	-1.622E-2	-0.110
24.321	-1.241E-2	-0.110
24.354	-7.541E-3	-0.111
24.388	-1.786E-3	-0.111
24.421	3.994E-3	-0.111
24.455	9.325E-3	-0.111
24.488	1.338E-2	-0.110
24.521	1.620E-2	-0.110
24.555	1.742E-2	-0.110
24.588	1.678E-2	-0.110
24.621	1.445E-2	-0.110
24.655	1.061E-2	-0.111
24.688	5.582E-3	-0.111
24.721	3.508E-5	-0.111
24.755	-5.608E-3	-0.111
24.788	-1.081E-2	-0.111
24.822	-1.550E-2	-0.110
24.855	-1.825E-2	-0.109
24.888	-1.911E-2	-0.109
24.922	-1.854E-2	-0.109
24.955	-1.586E-2	-0.110
24.988	-1.200E-2	-0.110
25.022	-6.944E-3	-0.111
25.055	-1.217E-3	-0.111
25.088	4.406E-3	-0.111
25.122	9.403E-3	-0.111
25.155	1.358E-2	-0.110
25.189	1.610E-2	-0.110
25.222	1.709E-2	-0.110
25.255	1.616E-2	-0.110
25.289	1.364E-2	-0.110
25.322	9.796E-3	-0.111
25.355	4.894E-3	-0.111
25.389	-8.127E-4	-0.111
25.422	-6.088E-3	-0.111
25.455	-1.132E-2	-0.111
25.489	-1.574E-2	-0.110
25.522	-1.826E-2	-0.109
25.556	-1.903E-2	-0.109
25.589	-1.820E-2	-0.109
25.622	-1.560E-2	-0.110
25.656	-1.174E-2	-0.110
25.689	-6.531E-3	-0.111
25.722	-7.638E-4	-0.111
25.756	4.933E-3	-0.111
25.789	9.816E-3	-0.111
25.822	1.370E-2	-0.110
25.856	1.603E-2	-0.110
25.889	1.691E-2	-0.110
25.923	1.597E-2	-0.110
25.956	1.328E-2	-0.110
25.989	9.334E-3	-0.111
26.023	4.128E-3	-0.111
26.056	-1.635E-3	-0.111
26.089	-6.579E-3	-0.111
26.123	-1.229E-2	-0.110
26.156	-1.607E-2	-0.110
26.189	-1.850E-2	-0.109
26.223	-1.901E-2	-0.109
26.256	-1.806E-2	-0.109
26.290	-1.531E-2	-0.110
26.323	-1.131E-2	-0.110
26.356	-6.084E-3	-0.111
26.390	-2.599E-4	-0.111
26.423	5.441E-3	-0.111
26.456	1.023E-2	-0.111
26.490	1.402E-2	-0.110
26.523	1.610E-2	-0.110
26.556	1.657E-2	-0.110
26.590	1.545E-2	-0.110
26.623	1.269E-2	-0.110
26.656	8.595E-3	-0.111
26.690	3.458E-3	-0.111
26.723	-2.149E-3	-0.111
26.757	-7.894E-3	-0.111
26.790	-1.245E-2	-0.110
26.823	-1.613E-2	-0.110
26.857	-1.850E-2	-0.109
26.890	-1.881E-2	-0.109
26.923	-1.766E-2	-0.109
26.957	-1.480E-2	-0.110
26.990	-1.045E-2	-0.110
27.023	-5.305E-3	-0.111
27.057	6.305E-4	-0.111
27.090	5.738E-3	-0.111
27.124	1.044E-2	-0.110
27.157	1.393E-2	-0.110
27.190	1.601E-2	-0.110
27.224	1.642E-2	-0.110
27.257	1.499E-2	-0.110
27.290	1.208E-2	-0.110
27.324	7.822E-3	-0.111
27.357	2.909E-3	-0.111
27.390	-2.727E-3	-0.111
27.424	-8.106E-3	-0.111
27.457	-1.272E-2	-0.110
27.491	-1.606E-2	-0.110
27.524	-1.822E-2	-0.109
27.557	-1.850E-2	-0.109
27.591	-1.720E-2	-0.109
27.624	-1.367E-2	-0.110
27.657	-9.375E-3	-0.111
27.691	-4.112E-3	-0.111
27.724	1.230E-3	-0.111
27.757	6.794E-3	-0.111
27.791	1.117E-2	-0.111
27.824	1.430E-2	-0.110
27.858	1.612E-2	-0.110
27.891	1.630E-2	-0.110
27.924	1.483E-2	-0.110
27.958	1.165E-2	-0.111
27.991	7.341E-3	-0.111
28.024	2.128E-3	-0.111
28.058	-3.276E-3	-0.111
28.091	-8.650E-3	-0.111
28.124	-1.315E-2	-0.110
28.158	-1.636E-2	-0.110
28.191	-1.820E-2	-0.109
28.225	-1.824E-2	-0.109
28.258	-1.649E-2	-0.110
28.291	-1.318E-2	-0.110
28.325	-8.854E-3	-0.111
28.358	-3.500E-3	-0.111
28.391	1.913E-3	-0.111
28.425	6.987E-3	-0.111
28.458	1.131E-2	-0.110
28.491	1.436E-2	-0.110
28.525	1.586E-2	-0.110
28.558	1.583E-2	-0.110
28.592	1.426E-2	-0.110
28.625	1.101E-2	-0.111
28.658	6.446E-3	-0.111
28.692	1.428E-3	-0.111
28.725	-3.898E-3	-0.111
28.758	-9.145E-3	-0.111
28.792	-1.351E-2	-0.110
28.825	-1.648E-2	-0.110
28.858	-1.829E-2	-0.109
28.892	-1.806E-2	-0.109
28.925	-1.607E-2	-0.110
28.958	-1.277E-2	-0.110
28.992	-8.171E-3	-0.111
29.025	-2.841E-3	-0.111
29.059	2.430E-3	-0.111
29.092	7.402E-3	-0.111
29.125	1.159E-2	-0.110
29.159	1.440E-2	-0.110
29.192	1.583E-2	-0.110
29.225	1.556E-2	-0.110
29.259	1.372E-2	-0.110
29.292	1.030E-2	-0.110
29.325	5.745E-3	-0.111
29.359	6.419E-4	-0.111
29.392	-4.676E-3	-0.111
29.426	-9.716E-3	-0.111
29.459	-1.382E-2	-0.110
29.492	-1.672E-2	-0.110
29.526	-1.817E-2	-0.109
29.559	-1.773E-2	-0.109
29.592	-1.566E-2	-0.110
29.626	-1.228E-2	-0.110
29.659	-7.583E-3	-0.111
29.692	-2.152E-3	-0.111
29.726	3.121E-3	-0.111
29.759	7.888E-3	-0.111
29.793	1.180E-2	-0.110
29.826	1.456E-2	-0.110
29.859	1.568E-2	-0.110
29.893	1.514E-2	-0.110
29.926	1.318E-2	-0.110
29.959	9.810E-3	-0.111
29.993	5.413E-3	-0.111
30.026	7.304E-5	-0.111
30.059	-5.142E-3	-0.111
30.093	-9.982E-3	-0.111
30.126	-1.382E-2	-0.110
30.160	-1.667E-2	-0.110
30.193	-1.761E-2	-0.110
30.226	-1.711E-2	-0.110
30.260	-1.470E-2	-0.110
30.293	-1.135E-2	-0.111
30.326	-6.576E-3	-0.111
30.360	-1.489E-3	-0.111
30.393	3.868E-3	-0.111
30.426	8.583E-3	-0.111
30.460	1.228E-2	-0.110
30.493	1.482E-2	-0.110
30.527	1.581E-2	-0.110
30.560	1.507E-2	-0.110
30.593	1.290E-2	-0.110
30.627	9.259E-3	-0.111
30.660	4.805E-3	-0.111
30.693	-5.002E-4	-0.111
30.727	-5.576E-3	-0.111
30.760	-1.034E-2	-0.111
30.793	-1.405E-2	-0.110
30.827	-1.659E-2	-0.110
30.860	-1.753E-2	-0.110
30.894	-1.693E-2	-0.110
30.927	-1.437E-2	-0.110
30.960	-1.077E-2	-0.111
30.994	-6.072E-3	-0.111
31.027	-9.402E-4	-0.111
31.060	4.357E-3	-0.111
31.094	8.839E-3	-0.111
31.127	1.247E-2	-0.110
31.160	1.471E-2	-0.110
31.194	1.557E-2	-0.110
31.227	1.466E-2	-0.110
31.260	1.230E-2	-0.110
31.294	8.697E-3	-0.111
31.327	4.062E-3	-0.111
31.361	-1.198E-3	-0.111
31.394	-6.028E-3	-0.111
31.427	-1.077E-2	-0.111
31.461	-1.421E-2	-0.110
31.494	-1.669E-2	-0.110
31.527	-1.719E-2	-0.110
31.561	-1.656E-2	-0.110
31.594	-1.389E-2	-0.110
31.627	-9.997E-3	-0.111
31.661	-5.256E-3	-0.111
31.694	-3.490E-4	-0.111
31.728	4.870E-3	-0.111
31.761	9.293E-3	-0.111
31.794	1.273E-2	-0.110
31.828	1.497E-2	-0.110
31.861	1.550E-2	-0.110
31.894	1.462E-2	-0.110
31.928	1.217E-2	-0.111
31.961	8.294E-3	-0.111
31.994	3.570E-3	-0.111
32.028	-1.666E-3	-0.111
32.061	-6.472E-3	-0.111
32.095	-1.095E-2	-0.111
32.128	-1.426E-2	-0.110
32.161	-1.661E-2	-0.110
32.195	-1.711E-2	-0.110
32.228	-1.621E-2	-0.110
32.261	-1.355E-2	-0.110
32.295	-9.587E-3	-0.111
32.328	-4.856E-3	-0.111
32.361	2.068E-4	-0.111
32.395	5.280E-3	-0.111
32.428	9.639E-3	-0.111
32.462	1.283E-2	-0.110
32.495	1.489E-2	-0.110
32.528	1.533E-2	-0.110
32.562	1.416E-2	-0.110
32.595	1.154E-2	-0.111
32.628	7.488E-3	-0.111
32.662	2.852E-3	-0.111
32.695	-2.327E-3	-0.111
32.728	-7.394E-3	-0.111
32.762	-1.182E-2	-0.110
32.795	-1.507E-2	-0.110
32.829	-1.663E-2	-0.110
32.862	-1.734E-2	-0.109
32.895	-1.587E-2	-0.110
32.929	-1.301E-2	-0.110
32.962	-9.095E-3	-0.111
32.995	-4.285E-3	-0.111
33.029	7.791E-4	-0.111
33.062	5.764E-3	-0.111
33.095	9.930E-3	-0.111
33.129	1.299E-2	-0.110
33.162	1.491E-2	-0.110
33.196	1.506E-2	-0.110
33.229	1.371E-2	-0.110
33.262	1.085E-2	-0.111
33.296	6.906E-3	-0.111
33.329	2.154E-3	-0.111
33.362	-3.117E-3	-0.111
33.396	-8.025E-3	-0.111
33.429	-1.223E-2	-0.110
33.462	-1.530E-2	-0.110
33.496	-1.672E-2	-0.110
33.529	-1.673E-2	-0.110
33.562	-1.559E-2	-0.110
33.596	-1.278E-2	-0.110
33.629	-8.850E-3	-0.111
33.663	-3.648E-3	-0.111
33.696	1.372E-3	-0.111
33.729	6.068E-3	-0.111
33.763	1.016E-2	-0.111
33.796	1.310E-2	-0.110
33.829	1.470E-2	-0.110
33.863	1.467E-2	-0.110
33.896	1.314E-2	-0.110
33.929	1.027E-2	-0.111
33.963	6.362E-3	-0.111
33.996	1.532E-3	-0.111
34.030	-3.593E-3	-0.111
34.063	-8.458E-3	-0.111
34.096	-1.246E-2	-0.110
34.130	-1.558E-2	-0.110
34.163	-1.676E-2	-0.110
34.196	-1.671E-2	-0.110
34.230	-1.528E-2	-0.110
34.263	-1.202E-2	-0.110
34.296	-8.022E-3	-0.111
34.330	-3.090E-3	-0.111
34.363	1.957E-3	-0.111
34.397	6.484E-3	-0.111
34.430	1.037E-2	-0.111
34.463	1.316E-2	-0.110
34.497	1.462E-2	-0.110
34.530	1.451E-2	-0.110
34.563	1.268E-2	-0.110
34.597	9.719E-3	-0.111
34.630	5.584E-3	-0.111
34.663	6.679E-4	-0.111
34.697	-4.149E-3	-0.111
34.730	-9.008E-3	-0.111
34.764	-1.281E-2	-0.110
34.797	-1.565E-2	-0.110
34.830	-1.668E-2	-0.110
34.864	-1.656E-2	-0.110
34.897	-1.444E-2	-0.110
34.930	-1.107E-2	-0.111
34.964	-6.909E-3	-0.111
34.997	-2.334E-3	-0.111
35.030	2.565E-3	-0.111
35.064	7.277E-3	-0.111
35.097	1.116E-2	-0.111
35.131	1.342E-2	-0.110
35.164	1.461E-2	-0.110
35.197	1.421E-2	-0.110
35.231	1.229E-2	-0.111
35.264	8.924E-3	-0.111
35.297	4.970E-3	-0.111
35.331	1.193E-4	-0.111
35.364	-4.631E-3	-0.111
35.397	-9.395E-3	-0.111
35.431	-1.319E-2	-0.110
35.464	-1.572E-2	-0.110
35.498	-1.662E-2	-0.110
35.531	-1.622E-2	-0.110
35.564	-1.388E-2	-0.110
35.598	-1.052E-2	-0.111
35.631	-6.149E-3	-0.111
35.664	-1.702E-3	-0.111
35.698	3.128E-3	-0.111
35.731	7.479E-3	-0.111
35.764	1.131E-2	-0.111
35.798	1.354E-2	-0.110
35.831	1.454E-2	-0.110
35.865	1.405E-2	-0.110
35.898	1.177E-2	-0.110
35.931	8.639E-3	-0.111
35.965	4.389E-3	-0.111
35.998	-4.318E-4	-0.111
36.031	-5.251E-3	-0.111
36.065	-9.749E-3	-0.111
36.098	-1.330E-2	-0.110
36.131	-1.567E-2	-0.110
36.165	-1.626E-2	-0.110
36.198	-1.575E-2	-0.110
36.231	-1.341E-2	-0.110
36.265	-9.962E-3	-0.111
36.298	-5.532E-3	-0.111
36.332	-9.083E-4	-0.111
36.365	3.983E-3	-0.111
36.398	8.036E-3	-0.111
36.432	1.165E-2	-0.111
36.465	1.374E-2	-0.110
36.498	1.450E-2	-0.110
36.532	1.363E-2	-0.110
36.565	1.163E-2	-0.111
36.598	7.939E-3	-0.111
36.632	3.766E-3	-0.111
36.665	-1.151E-3	-0.111
36.699	-5.612E-3	-0.111
36.732	-9.918E-3	-0.111
36.765	-1.339E-2	-0.110
36.799	-1.562E-2	-0.110
36.832	-1.613E-2	-0.110
36.865	-1.531E-2	-0.110
36.899	-1.288E-2	-0.110
36.932	-9.230E-3	-0.111
36.965	-4.749E-3	-0.111
36.999	-1.954E-4	-0.111
37.032	4.754E-3	-0.111
37.066	8.768E-3	-0.111
37.099	1.180E-2	-0.110
37.132	1.382E-2	-0.110
37.166	1.426E-2	-0.110
37.199	1.334E-2	-0.110
37.232	1.106E-2	-0.111
37.266	7.392E-3	-0.111
37.299	3.118E-3	-0.111
37.332	-1.662E-3	-0.111
37.366	-6.076E-3	-0.111
37.399	-1.038E-2	-0.111
37.433	-1.367E-2	-0.110
37.466	-1.571E-2	-0.110
37.499	-1.613E-2	-0.110
37.533	-1.517E-2	-0.110
37.566	-1.253E-2	-0.110
37.599	-8.898E-3	-0.111
37.633	-4.258E-3	-0.111
37.666	4.038E-4	-0.111
37.699	5.194E-3	-0.111
37.733	9.091E-3	-0.111
37.766	1.200E-2	-0.110
37.800	1.380E-2	-0.110
37.833	1.410E-2	-0.110
37.866	1.291E-2	-0.110
37.900	1.036E-2	-0.111
37.933	6.697E-3	-0.111
37.966	2.447E-3	-0.111
38.000	-2.413E-3	-0.111
38.033	-7.235E-3	-0.111
38.066	-1.119E-2	-0.110
38.100	-1.385E-2	-0.110
38.133	-1.570E-2	-0.110
38.167	-1.583E-2	-0.110
38.200	-1.425E-2	-0.110
38.233	-1.200E-2	-0.110
38.267	-8.268E-3	-0.111
38.300	-3.655E-3	-0.111
38.333	9.922E-4	-0.111
38.367	5.666E-3	-0.111
38.400	9.307E-3	-0.111
38.433	1.207E-2	-0.110
38.467	1.363E-2	-0.110
38.500	1.377E-2	-0.110
38.533	1.236E-2	-0.110
38.567	9.796E-3	-0.111
38.600	5.977E-3	-0.111
38.634	1.617E-3	-0.111
38.667	-2.934E-3	-0.111
38.700	-7.642E-3	-0.111
38.734	-1.150E-2	-0.110
38.767	-1.419E-2	-0.110
38.800	-1.562E-2	-0.110
38.834	-1.570E-2	-0.110
38.867	-1.429E-2	-0.110
38.900	-1.141E-2	-0.110
38.934	-7.631E-3	-0.111
38.967	-3.091E-3	-0.111
39.001	1.631E-3	-0.111
39.034	5.994E-3	-0.111
39.067	9.815E-3	-0.111
39.101	1.215E-2	-0.110
39.134	1.365E-2	-0.110
39.167	1.356E-2	-0.110
39.201	1.214E-2	-0.110
39.234	9.316E-3	-0.111
39.267	5.499E-3	-0.111
39.301	1.033E-3	-0.111
39.334	-3.257E-3	-0.111
39.368	-7.944E-3	-0.111
39.401	-1.181E-2	-0.110
39.434	-1.384E-2	-0.110
39.468	-1.561E-2	-0.110
39.501	-1.548E-2	-0.110
39.534	-1.372E-2	-0.110
39.568	-1.081E-2	-0.111
39.601	-7.030E-3	-0.111
39.634	-2.275E-3	-0.111
39.668	2.095E-3	-0.111
39.701	6.443E-3	-0.111
39.735	9.893E-3	-0.111
39.768	1.225E-2	-0.110
39.801	1.356E-2	-0.110
39.835	1.322E-2	-0.110
39.868	1.133E-2	-0.110
39.901	8.774E-3	-0.111
39.935	4.958E-3	-0.111
39.968	5.067E-4	-0.111
40.001	-4.042E-3	-0.111
40.035	-8.469E-3	-0.111
40.068	-1.205E-2	-0.110
40.102	-1.468E-2	-0.110
40.135	-1.562E-2	-0.110
40.168	-1.527E-2	-0.110
40.202	-1.334E-2	-0.110
40.235	-1.042E-2	-0.111
40.268	-6.540E-3	-0.111
40.302	-1.877E-3	-0.111
40.335	2.620E-3	-0.111
40.368	6.576E-3	-0.111
40.402	1.007E-2	-0.111
40.435	1.232E-2	-0.110
40.469	1.326E-2	-0.110
40.502	1.279E-2	-0.110
40.535	1.100E-2	-0.110
40.569	8.035E-3	-0.111
40.602	4.270E-3	-0.111
40.635	-2.692E-4	-0.111
40.669	-4.690E-3	-0.111
40.702	-8.982E-3	-0.111
40.735	-1.240E-2	-0.110
40.769	-1.427E-2	-0.110
40.802	-1.561E-2	-0.110
40.835	-1.516E-2	-0.110
40.869	-1.295E-2	-0.110
40.902	-9.832E-3	-0.111
40.936	-5.630E-3	-0.111
40.969	-1.492E-3	-0.111
41.002	3.202E-3	-0.111
41.036	7.063E-3	-0.111
41.069	1.049E-2	-0.111
41.102	1.246E-2	-0.110
41.136	1.329E-2	-0.110
41.169	1.257E-2	-0.110
41.202	1.083E-2	-0.111
41.236	7.586E-3	-0.111
41.269	3.638E-3	-0.111
41.303	-7.907E-4	-0.111
41.336	-5.149E-3	-0.111
41.369	-9.406E-3	-0.111
41.403	-1.272E-2	-0.110
41.436	-1.423E-2	-0.110
41.469	-1.546E-2	-0.110
41.503	-1.483E-2	-0.110
41.536	-1.252E-2	-0.110
41.569	-9.256E-3	-0.111
41.603	-5.127E-3	-0.111
41.636	-7.293E-4	-0.111
41.670	3.682E-3	-0.111
41.703	7.543E-3	-0.111
41.736	1.071E-2	-0.111
41.770	1.249E-2	-0.110
41.803	1.309E-2	-0.110
41.836	1.226E-2	-0.110
41.870	1.029E-2	-0.111
41.903	6.972E-3	-0.111
41.936	2.984E-3	-0.111
41.970	-1.389E-3	-0.111
42.003	-5.575E-3	-0.111
42.037	-9.560E-3	-0.111
42.070	-1.281E-2	-0.110
42.103	-1.485E-2	-0.110
42.137	-1.524E-2	-0.110
42.170	-1.409E-2	-0.110
42.203	-1.221E-2	-0.110
42.237	-8.639E-3	-0.111
42.270	-4.362E-3	-0.111
42.303	-4.112E-5	-0.111
42.337	4.328E-3	-0.111
42.370	7.990E-3	-0.111
42.404	1.092E-2	-0.111
42.437	1.252E-2	-0.110
42.470	1.297E-2	-0.110
42.504	1.196E-2	-0.110
42.537	9.748E-3	-0.111
42.570	6.260E-3	-0.111
42.604	2.447E-3	-0.111
42.637	-1.967E-3	-0.111
42.670	-6.178E-3	-0.111
42.704	-9.991E-3	-0.111
42.737	-1.299E-2	-0.110
42.771	-1.437E-2	-0.110
42.804	-1.457E-2	-0.110
42.837	-1.367E-2	-0.110
42.871	-1.126E-2	-0.111
42.904	-8.132E-3	-0.111
42.937	-3.776E-3	-0.111
42.971	5.396E-4	-0.111
43.004	4.972E-3	-0.111
43.037	8.365E-3	-0.111
43.071	1.114E-2	-0.111
43.104	1.258E-2	-0.110
43.137	1.274E-2	-0.110
43.171	1.165E-2	-0.110
43.204	9.292E-3	-0.111
43.238	5.934E-3	-0.111
43.271	1.671E-3	-0.111
43.304	-2.685E-3	-0.111
43.338	-7.048E-3	-0.111
43.371	-1.035E-2	-0.111
43.404	-1.322E-2	-0.110
43.438	-1.429E-2	-0.110
43.471	-1.431E-2	-0.110
43.504	-1.331E-2	-0.110
43.538	-1.055E-2	-0.111
43.571	-7.436E-3	-0.111
43.605	-3.157E-3	-0.111
43.638	1.098E-3	-0.111
43.671	5.420E-3	-0.111
43.705	8.797E-3	-0.111
43.738	1.130E-2	-0.111
43.771	1.257E-2	-0.110
43.805	1.259E-2	-0.110
43.838	1.131E-2	-0.111
43.871	8.844E-3	-0.111
43.905	5.362E-3	-0.111
43.938	1.120E-3	-0.111
43.972	-3.200E-3	-0.111
44.005	-7.518E-3	-0.111
44.038	-1.098E-2	-0.110
44.072	-1.322E-2	-0.110
44.105	-1.424E-2	-0.110
44.138	-1.420E-2	-0.110
44.172	-1.288E-2	-0.110
44.205	-9.938E-3	-0.111
44.238	-6.469E-3	-0.111
44.272	-2.309E-3	-0.111
44.305	1.997E-3	-0.111
44.339	6.021E-3	-0.111
44.372	9.264E-3	-0.111
44.405	1.168E-2	-0.111
44.439	1.258E-2	-0.110
44.472	1.225E-2	-0.110
44.505	1.087E-2	-0.111
44.539	8.246E-3	-0.111
44.572	4.903E-3	-0.111
44.605	6.322E-4	-0.111
44.639	-3.630E-3	-0.111
44.672	-7.700E-3	-0.111
44.706	-1.128E-2	-0.110
44.739	-1.329E-2	-0.110
44.772	-1.388E-2	-0.110
44.806	-1.367E-2	-0.110
44.839	-1.236E-2	-0.110
44.872	-9.400E-3	-0.111
44.906	-5.684E-3	-0.111
44.939	-1.700E-3	-0.111
44.972	2.519E-3	-0.111
45.006	6.460E-3	-0.111
45.039	9.670E-3	-0.111
45.073	1.160E-2	-0.110
45.106	1.259E-2	-0.110
45.139	1.221E-2	-0.110
45.173	1.059E-2	-0.111
45.206	7.649E-3	-0.111
45.239	4.126E-3	-0.111
45.273	-2.123E-4	-0.111
45.306	-4.269E-3	-0.111
45.339	-8.369E-3	-0.111
45.373	-1.146E-2	-0.110
45.406	-1.339E-2	-0.110
45.439	-1.417E-2	-0.110
45.473	-1.371E-2	-0.110
45.506	-1.191E-2	-0.110
45.540	-9.034E-3	-0.111
45.573	-5.116E-3	-0.111
45.606	-1.214E-3	-0.111
45.640	3.103E-3	-0.111
45.673	6.852E-3	-0.111
45.706	9.813E-3	-0.111
45.740	1.168E-2	-0.110
45.773	1.256E-2	-0.110
45.806	1.177E-2	-0.110
45.840	9.882E-3	-0.111
45.873	6.945E-3	-0.111
45.907	3.172E-3	-0.111
45.940	-9.545E-4	-0.111
45.973	-5.056E-3	-0.111
46.007	-8.944E-3	-0.111
46.040	-1.193E-2	-0.110
46.073	-1.356E-2	-0.110
46.107	-1.419E-2	-0.110
46.140	-1.341E-2	-0.110
46.173	-1.141E-2	-0.110
46.207	-8.453E-3	-0.111
46.240	-4.579E-3	-0.111
46.274	-4.686E-4	-0.111
46.307	3.686E-3	-0.111
46.340	7.223E-3	-0.111
46.374	1.006E-2	-0.111
46.407	1.163E-2	-0.110
46.440	1.219E-2	-0.110
46.474	1.135E-2	-0.110
46.507	9.429E-3	-0.111
46.540	6.064E-3	-0.111
46.574	2.606E-3	-0.111
46.607	-1.569E-3	-0.111
46.641	-5.514E-3	-0.111
46.674	-9.237E-3	-0.111
46.707	-1.222E-2	-0.110
46.741	-1.371E-2	-0.110
46.774	-1.417E-2	-0.110
46.807	-1.332E-2	-0.110
46.841	-1.098E-2	-0.111
46.874	-8.067E-3	-0.111
46.907	-4.117E-3	-0.111
46.941	-2.067E-4	-0.111
46.974	3.982E-3	-0.111
47.008	7.442E-3	-0.111
47.041	1.023E-2	-0.111
47.074	1.162E-2	-0.110
47.108	1.185E-2	-0.110
47.141	1.098E-2	-0.111
47.174	8.840E-3	-0.111
47.208	5.692E-3	-0.111
47.241	2.015E-3	-0.111
47.274	-2.117E-3	-0.111
47.308	-6.000E-3	-0.111
47.341	-9.556E-3	-0.111
47.375	-1.237E-2	-0.110
47.408	-1.372E-2	-0.110
47.441	-1.381E-2	-0.110
47.475	-1.283E-2	-0.110
47.508	-1.042E-2	-0.111
47.541	-7.471E-3	-0.111
47.575	-3.574E-3	-0.111
47.608	5.474E-4	-0.111
47.641	4.549E-3	-0.111
47.675	7.840E-3	-0.111
47.708	1.031E-2	-0.111
47.741	1.170E-2	-0.110
47.775	1.177E-2	-0.110
47.808	1.078E-2	-0.111
47.842	8.416E-3	-0.111
47.875	5.396E-3	-0.111
47.908	1.527E-3	-0.111
47.942	-2.595E-3	-0.111
47.975	-6.404E-3	-0.111
48.008	-9.837E-3	-0.111
48.042	-1.260E-2	-0.110
48.075	-1.370E-2	-0.110
48.108	-1.373E-2	-0.110
48.142	-1.271E-2	-0.110
48.175	-1.010E-2	-0.111
48.209	-6.610E-3	-0.111
48.242	-3.032E-3	-0.111
48.275	1.091E-3	-0.111
48.309	5.009E-3	-0.111
48.342	7.987E-3	-0.111
48.375	1.040E-2	-0.111
48.409	1.141E-2	-0.110
48.442	1.131E-2	-0.110
48.475	1.024E-2	-0.111
48.509	7.703E-3	-0.111
48.542	4.526E-3	-0.111
48.576	6.926E-4	-0.111
48.609	-3.209E-3	-0.111
48.642	-7.394E-3	-0.111
48.676	-1.027E-2	-0.111
48.709	-1.257E-2	-0.110
48.742	-1.360E-2	-0.110
48.776	-1.349E-2	-0.110
48.809	-1.215E-2	-0.110
48.842	-9.406E-3	-0.111
48.876	-5.938E-3	-0.111
48.909	-2.131E-3	-0.111
48.943	1.693E-3	-0.111
48.976	5.511E-3	-0.111
49.009	8.432E-3	-0.111
49.043	1.059E-2	-0.111
49.076	1.153E-2	-0.110
49.109	1.127E-2	-0.110
49.143	9.897E-3	-0.111
49.176	7.352E-3	-0.111
49.209	4.045E-3	-0.111
49.243	9.903E-5	-0.111
49.276	-3.781E-3	-0.111
49.310	-7.558E-3	-0.111
49.343	-1.058E-2	-0.110
49.376	-1.276E-2	-0.110
49.410	-1.354E-2	-0.110
49.443	-1.328E-2	-0.110
49.476	-1.185E-2	-0.110
49.510	-8.972E-3	-0.111
49.543	-5.523E-3	-0.111
49.576	-1.722E-3	-0.111
49.610	2.181E-3	-0.111
49.643	5.891E-3	-0.111
49.677	8.766E-3	-0.111
49.710	1.070E-2	-0.111
49.743	1.166E-2	-0.111
49.777	1.122E-2	-0.111
49.810	9.412E-3	-0.111
49.843	6.949E-3	-0.111
49.877	3.482E-3	-0.111
49.910	-3.971E-4	-0.111
49.943	-4.207E-3	-0.111
49.977	-8.040E-3	-0.111
50.010	-1.091E-2	-0.110
50.043	-1.281E-2	-0.110
50.077	-1.336E-2	-0.110
50.110	-1.288E-2	-0.110
50.144	-1.093E-2	-0.111
50.177	-8.440E-3	-0.111
50.210	-4.686E-3	-0.111
50.244	-1.153E-3	-0.111
50.277	2.695E-3	-0.111
50.310	6.370E-3	-0.111
50.344	9.211E-3	-0.111
50.377	1.082E-2	-0.111
50.410	1.135E-2	-0.110
50.444	1.075E-2	-0.110
50.477	9.013E-3	-0.111
50.511	6.167E-3	-0.111
50.544	2.814E-3	-0.111
50.577	-1.003E-3	-0.111
50.611	-4.827E-3	-0.111
50.644	-8.363E-3	-0.111
50.677	-1.108E-2	-0.110
50.711	-1.291E-2	-0.110
50.744	-1.334E-2	-0.110
50.777	-1.270E-2	-0.110
50.811	-1.078E-2	-0.110
50.844	-7.892E-3	-0.111
50.878	-4.229E-3	-0.111
50.911	-4.119E-4	-0.111
50.944	3.467E-3	-0.111
50.978	6.681E-3	-0.111
51.011	9.322E-3	-0.111
51.044	1.081E-2	-0.110
51.078	1.126E-2	-0.110
51.111	1.059E-2	-0.110
51.144	8.627E-3	-0.111
51.178	5.780E-3	-0.111
51.211	2.283E-3	-0.111
51.245	-1.615E-3	-0.111
51.278	-5.293E-3	-0.111
51.311	-8.650E-3	-0.111
51.345	-1.155E-2	-0.110
51.378	-1.282E-2	-0.110
51.411	-1.315E-2	-0.110
51.445	-1.238E-2	-0.110
51.478	-1.006E-2	-0.111
51.511	-7.404E-3	-0.111
51.545	-3.536E-3	-0.111
51.578	2.805E-4	-0.111
51.612	3.972E-3	-0.111
51.645	6.903E-3	-0.111
51.678	9.413E-3	-0.111
51.712	1.086E-2	-0.111
51.745	1.115E-2	-0.111
51.778	1.024E-2	-0.111
51.812	8.187E-3	-0.111
51.845	5.215E-3	-0.111
51.878	1.637E-3	-0.111
51.912	-2.168E-3	-0.111
51.945	-5.788E-3	-0.111
51.979	-9.024E-3	-0.111
52.012	-1.171E-2	-0.110
52.045	-1.283E-2	-0.110
52.079	-1.291E-2	-0.110
52.112	-1.203E-2	-0.110
52.145	-9.704E-3	-0.111
52.179	-6.869E-3	-0.111
52.212	-3.108E-3	-0.111
52.245	6.703E-4	-0.111
52.279	4.390E-3	-0.111
52.312	7.375E-3	-0.111
52.345	9.694E-3	-0.111
52.379	1.081E-2	-0.110
52.412	1.083E-2	-0.110
52.446	9.722E-3	-0.111
52.479	7.495E-3	-0.111
52.512	4.576E-3	-0.111
52.546	1.072E-3	-0.111
52.579	-2.680E-3	-0.111
52.612	-6.082E-3	-0.111
52.646	-9.416E-3	-0.111
52.679	-1.183E-2	-0.110
52.712	-1.285E-2	-0.110
52.746	-1.281E-2	-0.110
52.779	-1.177E-2	-0.110
52.813	-9.359E-3	-0.111
52.846	-6.039E-3	-0.111
52.879	-2.631E-3	-0.111
52.913	1.155E-3	-0.111
52.946	4.873E-3	-0.111
52.979	7.488E-3	-0.111
53.013	9.737E-3	-0.111
53.046	1.080E-2	-0.111
53.079	1.069E-2	-0.111
53.113	9.315E-3	-0.111
53.146	6.988E-3	-0.111
53.180	3.948E-3	-0.111
53.213	1.743E-4	-0.111
53.246	-3.313E-3	-0.111
53.280	-6.613E-3	-0.111
53.313	-9.817E-3	-0.111
53.346	-1.198E-2	-0.110
53.380	-1.288E-2	-0.110
53.413	-1.274E-2	-0.110
53.446	-1.139E-2	-0.110
53.480	-8.883E-3	-0.111
53.513	-5.544E-3	-0.111
53.547	-2.025E-3	-0.111
53.580	1.675E-3	-0.111
53.613	5.076E-3	-0.111
53.647	7.805E-3	-0.111
53.680	9.809E-3	-0.111
53.713	1.069E-2	-0.111
53.747	1.031E-2	-0.111
53.780	8.892E-3	-0.111
53.813	6.520E-3	-0.111
53.847	3.426E-3	-0.111
53.880	-2.919E-4	-0.111
53.914	-4.055E-3	-0.111
53.947	-7.589E-3	-0.111
53.980	-1.001E-2	-0.111
54.014	-1.191E-2	-0.110
54.047	-1.280E-2	-0.110
54.080	-1.242E-2	-0.110
54.114	-1.087E-2	-0.110
54.147	-8.433E-3	-0.111
54.180	-5.136E-3	-0.111
54.214	-1.354E-3	-0.111
54.247	2.143E-3	-0.111
54.281	5.521E-3	-0.111
54.314	8.347E-3	-0.111
54.347	9.839E-3	-0.111
54.381	1.059E-2	-0.110
54.414	9.917E-3	-0.110
54.447	8.377E-3	-0.111
54.481	5.859E-3	-0.111
54.514	2.546E-3	-0.111
54.547	-8.274E-4	-0.111
54.581	-4.310E-3	-0.111
54.614	-7.929E-3	-0.111
54.647	-1.044E-2	-0.110
54.681	-1.228E-2	-0.110
54.714	-1.279E-2	-0.110
54.748	-1.228E-2	-0.110
54.781	-1.047E-2	-0.111
54.814	-7.923E-3	-0.111
54.848	-4.601E-3	-0.111
54.881	-8.144E-4	-0.111
54.914	2.644E-3	-0.111
54.948	5.921E-3	-0.111
54.981	8.400E-3	-0.111
55.014	9.969E-3	-0.111
55.048	1.040E-2	-0.111
55.081	9.733E-3	-0.111
55.115	7.946E-3	-0.111
55.148	5.450E-3	-0.111
55.181	2.065E-3	-0.111
55.215	-1.631E-3	-0.111
55.248	-5.039E-3	-0.111
55.281	-8.414E-3	-0.111
55.315	-1.051E-2	-0.111
55.348	-1.230E-2	-0.110
55.381	-1.274E-2	-0.110
55.415	-1.195E-2	-0.110
55.448	-9.910E-3	-0.111
55.482	-7.367E-3	-0.111
55.515	-3.749E-3	-0.111
55.548	-2.380E-4	-0.111
55.582	3.249E-3	-0.111
55.615	6.382E-3	-0.111
55.648	8.488E-3	-0.111
55.682	1.000E-2	-0.111
55.715	1.026E-2	-0.111
55.748	9.404E-3	-0.111
55.782	7.442E-3	-0.111
55.815	4.866E-3	-0.111
55.849	1.541E-3	-0.111
55.882	-1.950E-3	-0.111
55.915	-5.498E-3	-0.111
55.949	-8.606E-3	-0.111
55.982	-1.053E-2	-0.111
56.015	-1.228E-2	-0.110
56.049	-1.241E-2	-0.110
56.082	-1.138E-2	-0.110
56.115	-9.377E-3	-0.111
56.149	-6.616E-3	-0.111
56.182	-3.198E-3	-0.111
56.216	2.847E-4	-0.111
56.249	3.914E-3	-0.111
56.282	6.818E-3	-0.111
56.316	8.835E-3	-0.111
56.349	1.017E-2	-0.111
56.382	1.026E-2	-0.111
56.416	9.233E-3	-0.111
56.449	7.195E-3	-0.111
56.482	4.400E-3	-0.111
56.516	1.036E-3	-0.111
56.549	-2.377E-3	-0.111
56.583	-5.873E-3	-0.111
56.616	-8.843E-3	-0.111
56.649	-1.061E-2	-0.111
56.683	-1.207E-2	-0.110
56.716	-1.207E-2	-0.110
56.749	-1.075E-2	-0.111
56.783	-8.665E-3	-0.111
56.816	-5.512E-3	-0.111
56.849	-2.513E-3	-0.111
56.883	1.039E-3	-0.111
56.916	4.461E-3	-0.111
56.949	7.241E-3	-0.111
56.983	9.125E-3	-0.111
57.016	1.012E-2	-0.111
57.050	1.004E-2	-0.111
57.083	8.668E-3	-0.111
57.116	6.717E-3	-0.111
57.150	3.781E-3	-0.111
57.183	3.631E-4	-0.111
57.216	-3.125E-3	-0.111
57.250	-6.096E-3	-0.111
57.283	-9.139E-3	-0.111
57.316	-1.087E-2	-0.111
57.350	-1.180E-2	-0.111
57.383	-1.160E-2	-0.111
57.417	-1.043E-2	-0.111
57.450	-8.432E-3	-0.111
57.483	-5.232E-3	-0.111
57.517	-1.884E-3	-0.111
57.550	1.523E-3	-0.111
57.583	4.862E-3	-0.111
57.617	7.316E-3	-0.111
57.650	9.257E-3	-0.111
57.683	1.016E-2	-0.111
57.717	9.827E-3	-0.111
57.750	8.416E-3	-0.111
57.784	6.131E-3	-0.111
57.817	3.125E-3	-0.111
57.850	-2.877E-4	-0.111
57.884	-3.668E-3	-0.111
57.917	-6.519E-3	-0.111
57.950	-9.416E-3	-0.111
57.984	-1.094E-2	-0.111
58.017	-1.160E-2	-0.111
58.050	-1.132E-2	-0.111
58.084	-9.933E-3	-0.111
58.117	-7.643E-3	-0.111
58.151	-4.524E-3	-0.111
58.184	-1.271E-3	-0.111
58.217	2.120E-3	-0.111
58.251	5.368E-3	-0.111
58.284	7.574E-3	-0.111
58.317	9.393E-3	-0.111
58.351	9.902E-3	-0.111
58.384	9.402E-3	-0.111
58.417	7.857E-3	-0.111
58.451	5.562E-3	-0.111
58.484	2.550E-3	-0.111
58.518	-8.623E-4	-0.111
58.551	-4.195E-3	-0.111
58.584	-7.473E-3	-0.111
58.618	-9.521E-3	-0.111
58.651	-1.146E-2	-0.110
58.684	-1.195E-2	-0.110
58.718	-1.142E-2	-0.110
58.751	-9.928E-3	-0.110
58.784	-7.345E-3	-0.111
58.818	-4.064E-3	-0.111
58.851	-7.187E-4	-0.111
58.885	2.673E-3	-0.111
58.918	5.708E-3	-0.111
58.951	7.855E-3	-0.111
58.985	9.365E-3	-0.111
59.018	9.808E-3	-0.111
59.051	9.218E-3	-0.111
59.085	7.438E-3	-0.111
59.118	5.060E-3	-0.111
59.151	2.038E-3	-0.111
59.185	-1.362E-3	-0.111
59.218	-4.572E-3	-0.111
59.251	-7.641E-3	-0.111
59.285	-9.843E-3	-0.111
59.318	-1.148E-2	-0.110
59.352	-1.183E-2	-0.110
59.385	-1.121E-2	-0.110
59.418	-9.063E-3	-0.111
59.452	-6.617E-3	-0.111
59.485	-3.251E-3	-0.111
59.518	6.748E-5	-0.111
59.552	3.407E-3	-0.111
59.585	6.028E-3	-0.111
59.618	7.996E-3	-0.111
59.652	9.425E-3	-0.111
59.685	9.696E-3	-0.111
59.719	8.878E-3	-0.111
59.752	6.994E-3	-0.111
59.785	4.546E-3	-0.111
59.819	1.389E-3	-0.111
59.852	-1.826E-3	-0.111
59.885	-5.074E-3	-0.111
59.919	-8.120E-3	-0.111
59.952	-1.000E-2	-0.111
59.985	-1.100E-2	-0.111
60.019	-1.100E-2	-0.111
60.052	-1.024E-2	-0.111
60.086	-8.590E-3	-0.111
60.119	-5.661E-3	-0.111
60.152	-2.766E-3	-0.111
60.186	6.349E-4	-0.111
60.219	3.961E-3	-0.111
60.252	6.512E-3	-0.111
60.286	8.396E-3	-0.111
60.319	9.401E-3	-0.111
60.352	9.424E-3	-0.111
60.386	8.442E-3	-0.111
60.419	6.487E-3	-0.111
60.453	4.024E-3	-0.111
60.486	7.133E-4	-0.111
60.519	-2.642E-3	-0.111
60.553	-5.577E-3	-0.111
60.586	-8.517E-3	-0.111
60.619	-1.035E-2	-0.111
60.653	-1.143E-2	-0.110
60.686	-1.141E-2	-0.110
60.719	-1.044E-2	-0.111
60.753	-8.468E-3	-0.111
60.786	-5.617E-3	-0.111
60.820	-2.448E-3	-0.111
60.853	7.573E-4	-0.111
60.886	3.987E-3	-0.111
60.920	6.519E-3	-0.111
60.953	8.327E-3	-0.111
60.986	9.321E-3	-0.111
61.020	9.302E-3	-0.111
61.053	8.077E-3	-0.111
61.086	6.047E-3	-0.111
61.120	3.425E-3	-0.111
61.153	2.077E-4	-0.111
61.187	-3.078E-3	-0.111
61.220	-5.988E-3	-0.111
61.253	-8.869E-3	-0.111
61.287	-1.041E-2	-0.111
61.320	-1.131E-2	-0.111
61.353	-1.100E-2	-0.111
61.387	-9.906E-3	-0.111
61.420	-7.956E-3	-0.111
61.453	-5.020E-3	-0.111
61.487	-1.827E-3	-0.111
61.520	1.300E-3	-0.111
61.553	4.449E-3	-0.111
61.587	6.659E-3	-0.111
61.620	8.434E-3	-0.111
61.654	9.238E-3	-0.111
61.687	8.941E-3	-0.111
61.720	7.542E-3	-0.111
61.754	5.425E-3	-0.111
61.787	2.786E-3	-0.111
61.820	-3.329E-4	-0.111
61.854	-3.594E-3	-0.111
61.887	-6.470E-3	-0.111
61.920	-8.992E-3	-0.111
61.954	-1.044E-2	-0.111
61.987	-1.097E-2	-0.111
62.021	-1.080E-2	-0.111
62.054	-9.422E-3	-0.111
62.087	-7.510E-3	-0.111
62.121	-4.449E-3	-0.111
62.154	-1.299E-3	-0.111
62.187	2.068E-3	-0.111
62.221	4.949E-3	-0.111
62.254	7.325E-3	-0.111
62.287	8.734E-3	-0.111
62.321	9.265E-3	-0.111
62.354	8.817E-3	-0.111
62.388	7.346E-3	-0.111
62.421	5.270E-3	-0.111
62.454	2.322E-3	-0.111
62.488	-8.407E-4	-0.111
62.521	-4.019E-3	-0.111
62.554	-6.614E-3	-0.111
62.588	-9.104E-3	-0.111
62.621	-1.048E-2	-0.111
62.654	-1.083E-2	-0.111
62.688	-1.037E-2	-0.111
62.721	-8.980E-3	-0.111
62.755	-6.535E-3	-0.111
62.788	-3.663E-3	-0.111
62.821	-6.903E-4	-0.111
62.855	2.535E-3	-0.111
62.888	5.422E-3	-0.111
62.921	7.433E-3	-0.111
62.955	8.755E-3	-0.111
62.988	9.270E-3	-0.111
63.021	8.488E-3	-0.111
63.055	6.971E-3	-0.111
63.088	4.789E-3	-0.111
63.122	1.837E-3	-0.111
63.155	-1.412E-3	-0.111
63.188	-4.442E-3	-0.111
63.222	-7.336E-3	-0.111
63.255	-9.325E-3	-0.111
63.288	-1.057E-2	-0.111
63.322	-1.080E-2	-0.111
63.355	-1.017E-2	-0.111
63.388	-8.632E-3	-0.111
63.422	-5.982E-3	-0.111
63.455	-3.219E-3	-0.111
63.489	-2.851E-5	-0.111
63.522	3.028E-3	-0.111
63.555	5.782E-3	-0.111
63.589	7.594E-3	-0.111
63.622	8.701E-3	-0.111
63.655	8.953E-3	-0.111
63.689	8.176E-3	-0.111
63.722	6.384E-3	-0.111
63.755	4.137E-3	-0.111
63.789	1.150E-3	-0.111
63.822	-1.916E-3	-0.111
63.855	-4.962E-3	-0.111
63.889	-7.697E-3	-0.111
63.922	-9.613E-3	-0.111
63.956	-1.058E-2	-0.111
63.989	-1.076E-2	-0.111
64.022	-9.780E-3	-0.111
64.056	-8.178E-3	-0.111
64.089	-5.485E-3	-0.111
64.122	-2.716E-3	-0.111
64.156	4.508E-4	-0.111
64.189	3.443E-3	-0.111
64.222	5.990E-3	-0.111
64.256	7.691E-3	-0.111
64.289	8.796E-3	-0.111
64.323	8.796E-3	-0.111
64.356	7.834E-3	-0.111
64.389	6.043E-3	-0.111
64.423	3.565E-3	-0.111
64.456	6.903E-4	-0.111
64.489	-2.422E-3	-0.111
64.523	-5.305E-3	-0.111
64.556	-8.056E-3	-0.111
64.589	-9.558E-3	-0.111
64.623	-1.039E-2	-0.111
64.656	-1.040E-2	-0.111
64.690	-9.528E-3	-0.111
64.723	-7.865E-3	-0.111
64.756	-4.975E-3	-0.111
64.790	-2.114E-3	-0.111
64.823	9.540E-4	-0.111
64.856	3.900E-3	-0.111
64.890	6.258E-3	-0.111
64.923	7.828E-3	-0.111
64.956	8.714E-3	-0.111
64.990	8.516E-3	-0.111
65.023	7.485E-3	-0.111
65.057	5.696E-3	-0.111
65.090	3.087E-3	-0.111
65.123	8.415E-5	-0.111
65.157	-2.897E-3	-0.111
65.190	-5.712E-3	-0.111
65.223	-8.231E-3	-0.111
65.257	-9.802E-3	-0.111
65.290	-1.052E-2	-0.111
65.323	-1.027E-2	-0.111
65.357	-9.133E-3	-0.111
65.390	-7.299E-3	-0.111
65.424	-4.309E-3	-0.111
65.457	-1.462E-3	-0.111
65.490	1.418E-3	-0.111
65.524	4.322E-3	-0.111
65.557	6.542E-3	-0.111
65.590	8.034E-3	-0.111
65.624	8.679E-3	-0.111
65.657	8.245E-3	-0.111
65.690	7.063E-3	-0.111
65.724	5.071E-3	-0.111
65.757	2.554E-3	-0.111
65.791	-4.017E-4	-0.111
65.824	-3.247E-3	-0.111
65.857	-6.082E-3	-0.111
65.891	-8.457E-3	-0.111
65.924	-9.898E-3	-0.111
65.957	-1.040E-2	-0.111
65.991	-9.991E-3	-0.111
66.024	-8.870E-3	-0.111
66.057	-6.973E-3	-0.111
66.091	-4.057E-3	-0.111
66.124	-1.221E-3	-0.111
66.157	1.981E-3	-0.111
66.191	4.616E-3	-0.111
66.224	6.844E-3	-0.111
66.258	7.969E-3	-0.111
66.291	8.442E-3	-0.111
66.324	7.937E-3	-0.111
66.358	6.512E-3	-0.111
66.391	4.552E-3	-0.111
66.424	1.992E-3	-0.111
66.458	-1.114E-3	-0.111
66.491	-3.770E-3	-0.111
66.524	-6.394E-3	-0.111
66.558	-8.726E-3	-0.111
66.591	-9.993E-3	-0.111
66.625	-1.035E-2	-0.111
66.658	-9.899E-3	-0.111
66.691	-8.521E-3	-0.111
66.725	-6.059E-3	-0.111
66.758	-3.459E-3	-0.111
66.791	-4.623E-4	-0.111
66.825	2.439E-3	-0.111
66.858	5.140E-3	-0.111
66.891	7.033E-3	-0.111
66.925	8.074E-3	-0.111
66.958	8.570E-3	-0.111
66.992	7.930E-3	-0.111
67.025	6.351E-3	-0.111
67.058	4.109E-3	-0.111
67.092	1.514E-3	-0.111
67.125	-1.520E-3	-0.111
